datetime,TAVG,TMIN,TMAX,SNWD,WTEQ,PRCPSA
1978-10-01,,,,,0.0,0.0
1978-10-02,,,,,0.0,0.0
1978-10-03,,,,,0.0,0.0
1978-10-04,,,,,0.0,0.0
1978-10-05,,,,,0.0,0.0
1978-10-06,,,,,0.0,0.0
1978-10-07,,,,,0.0,0.0
1978-10-08,,,,,0.0,0.0
1978-10-09,,,,,0.0,0.0
1978-10-10,,,,,0.0,0.0
1978-10-11,,,,,0.0,0.0
1978-10-12,,,,,0.0,0.0
1978-10-13,,,,,0.0,0.0
1978-10-14,,,,,0.0,0.0
1978-10-15,,,,,0.0,0.0
1978-10-16,,,,,0.0,0.0
1978-10-17,,,,,0.0,0.0
1978-10-18,,,,,0.0,0.0
1978-10-19,,,,,0.0,0.0
1978-10-20,,,,,0.0,0.0050799972
1978-10-21,,,,,0.0,0.0
1978-10-22,,,,,0.0,0.0
1978-10-23,,,,,0.0,0.0
1978-10-24,,,,,0.0,0.0
1978-10-25,,,,,0.0,0.0
1978-10-26,,,,,0.0,0.0025399986
1978-10-27,,,,,0.0,0.0
1978-10-28,,,,,0.0,0.0
1978-10-29,,,,,0.0,0.0
1978-10-30,,,,,0.0,0.0
1978-10-31,,,,,0.0,0.0
1978-11-01,,,,,0.0,0.0
1978-11-02,,,,,0.0,0.0
1978-11-03,,,,,0.0,0.0
1978-11-04,,,,,0.0,0.0
1978-11-05,,,,,0.0,0.0
1978-11-06,,,,,0.0,0.0
1978-11-07,,,,,0.0,0.027939985
1978-11-08,,,,,0.027939985,0.007619996
1978-11-09,,,,,0.030479984,0.0050799972
1978-11-10,,,,,0.030479984,0.0
1978-11-11,,,,,0.030479984,0.0050799972
1978-11-12,,,,,0.035559982,0.0050799972
1978-11-13,,,,,0.040639978,0.0025399986
1978-11-14,,,,,0.043179978,0.0
1978-11-15,,,,,0.043179978,0.0025399986
1978-11-16,,,,,0.043179978,0.022859987
1978-11-17,,,,,0.066039965,0.033019982
1978-11-18,,,,,0.073659964,0.015239992
1978-11-19,,,,,0.086359955,0.0050799972
1978-11-20,,,,,0.088899955,0.0
1978-11-21,,,,,0.088899955,0.0
1978-11-22,,,,,0.088899955,0.0025399986
1978-11-23,,,,,0.09143995,0.0
1978-11-24,,,,,0.09143995,0.0
1978-11-25,,,,,0.09143995,0.0
1978-11-26,,,,,0.09143995,0.0
1978-11-27,,,,,0.09143995,0.0025399986
1978-11-28,,,,,0.09397995,0.0025399986
1978-11-29,,,,,0.09397995,0.007619996
1978-11-30,,,,,0.10159995,0.0101599945
1978-12-01,,,,,0.10921994,0.0050799972
1978-12-02,,,,,0.10921994,0.0101599945
1978-12-03,,,,,0.11937994,0.030479984
1978-12-04,,,,,0.14985992,0.030479984
1978-12-05,,,,,0.14985992,0.0
1978-12-06,,,,,0.14985992,0.0
1978-12-07,,,,,0.14985992,0.0
1978-12-08,,,,,0.14985992,0.0025399986
1978-12-09,,,,,0.15239991,0.0050799972
1978-12-10,,,,,0.15747991,0.012699993
1978-12-11,,,,,0.1701799,0.030479984
1978-12-12,,,,,0.17779991,0.0101599945
1978-12-13,,,,,0.1879599,0.020319989
1978-12-14,,,,,0.2082799,0.022859987
1978-12-15,,,,,0.22351988,0.007619996
1978-12-16,,,,,0.22351988,0.007619996
1978-12-17,,,,,0.22351988,0.0050799972
1978-12-18,,,,,0.22859988,0.012699993
1978-12-19,,,,,0.24129987,0.017779991
1978-12-20,,,,,0.25907987,0.027939985
1978-12-21,,,,,0.28701985,0.038099978
1978-12-22,,,,,0.32511982,0.030479984
1978-12-23,,,,,0.3301998,0.030479984
1978-12-24,,,,,0.33527982,0.040639978
1978-12-25,,,,,0.3759198,0.038099978
1978-12-26,,,,,0.41401976,0.007619996
1978-12-27,,,,,0.42163977,0.0050799972
1978-12-28,,,,,0.42671975,0.0
1978-12-29,,,,,0.42671975,0.0
1978-12-30,,,,,0.42671975,0.0
1978-12-31,,,,,0.42671975,0.0
1979-01-01,,,,,0.42671975,0.0
1979-01-02,,,,,0.42671975,0.0025399986
1979-01-03,,,,,0.42925978,0.0
1979-01-04,,,,,0.42925978,0.0025399986
1979-01-05,,,,,0.42925978,0.0
1979-01-06,,,,,0.42925978,0.0
1979-01-07,,,,,0.42925978,0.0025399986
1979-01-08,,,,,0.42925978,0.0
1979-01-09,,,,,0.42925978,0.0025399986
1979-01-10,,,,,0.42925978,0.012699993
1979-01-11,,,,,0.44195977,0.012699993
1979-01-12,,,,,0.44703975,0.0
1979-01-13,,,,,0.44703975,0.020319989
1979-01-14,,,,,0.46735975,0.0050799972
1979-01-15,,,,,0.46989974,0.0101599945
1979-01-16,,,,,0.47497976,0.0050799972
1979-01-17,,,,,0.48005974,0.0025399986
1979-01-18,,,,,0.48259974,0.0101599945
1979-01-19,,,,,0.49275973,0.007619996
1979-01-20,,,,,0.50037974,0.007619996
1979-01-21,,,,,0.5079997,0.007619996
1979-01-22,,,,,0.5079997,0.0
1979-01-23,,,,,0.5079997,0.007619996
1979-01-24,,,,,0.5156197,0.007619996
1979-01-25,,,,,0.52323973,0.0
1979-01-26,,,,,0.52323973,0.0050799972
1979-01-27,,,,,0.52323973,0.0025399986
1979-01-28,,,,,0.52323973,0.0101599945
1979-01-29,,,,,0.5333997,0.0
1979-01-30,,,,,0.5333997,0.0
1979-01-31,,,,,0.5333997,0.0
1979-02-01,,,,,0.5333997,0.0
1979-02-02,,,,,0.5333997,0.0
1979-02-03,,,,,0.5333997,0.0
1979-02-04,,,,,0.5333997,0.0
1979-02-05,,,,,0.5333997,0.035559982
1979-02-06,,,,,0.5537197,0.048259974
1979-02-07,,,,,0.6019797,0.033019982
1979-02-08,,,,,0.63499963,0.020319989
1979-02-09,,,,,0.65531963,0.035559982
1979-02-10,,,,,0.6603996,0.025399987
1979-02-11,,,,,0.67055964,0.020319989
1979-02-12,,,,,0.6756396,0.033019982
1979-02-13,,,,,0.6807196,0.043179978
1979-02-14,,,,,0.69341964,0.017779991
1979-02-15,,,,,0.71119964,0.015239992
1979-02-16,,,,,0.7264396,0.0050799972
1979-02-17,,,,,0.7315196,0.0025399986
1979-02-18,,,,,0.73405963,0.0025399986
1979-02-19,,,,,0.73405963,0.0
1979-02-20,,,,,0.73405963,0.0
1979-02-21,,,,,0.73405963,0.0025399986
1979-02-22,,,,,0.73405963,0.0025399986
1979-02-23,,,,,0.7365996,0.0
1979-02-24,,,,,0.7365996,0.0101599945
1979-02-25,,,,,0.7467596,0.0
1979-02-26,,,,,0.7467596,0.05587997
1979-02-27,,,,,0.7467596,0.0050799972
1979-02-28,,,,,0.7467596,0.0
1979-03-01,,,,,0.7467596,0.0
1979-03-02,,,,,0.7467596,0.0025399986
1979-03-03,,,,,0.7467596,0.0025399986
1979-03-04,,,,,0.7467596,0.0050799972
1979-03-05,,,,,0.7518396,0.0025399986
1979-03-06,,,,,0.7518396,0.0050799972
1979-03-07,,,,,0.7518396,0.012699993
1979-03-08,,,,,0.7518396,0.0025399986
1979-03-09,,,,,0.7518396,0.0
1979-03-10,,,,,0.7518396,0.0025399986
1979-03-11,,,,,0.7518396,0.0
1979-03-12,,,,,0.7518396,0.0
1979-03-13,,,,,0.7518396,0.0
1979-03-14,,,,,0.7518396,0.0
1979-03-15,,,,,0.7518396,0.0025399986
1979-03-16,,,,,0.7543796,0.0050799972
1979-03-17,,,,,0.75691956,0.007619996
1979-03-18,,,,,0.7645396,0.0050799972
1979-03-19,,,,,0.7645396,0.0
1979-03-20,,,,,0.7645396,0.0
1979-03-21,,,,,0.7645396,0.0050799972
1979-03-22,,,,,0.7696196,0.0050799972
1979-03-23,,,,,0.77469957,0.0
1979-03-24,,,,,0.77469957,0.007619996
1979-03-25,,,,,0.77469957,0.0050799972
1979-03-26,,,,,0.77469957,0.0101599945
1979-03-27,,,,,0.77469957,0.012699993
1979-03-28,,,,,0.7823196,0.022859987
1979-03-29,,,,,0.7899396,0.007619996
1979-03-30,,,,,0.79755956,0.0025399986
1979-03-31,,,,,0.79755956,0.0101599945
1979-04-01,,,,,0.80009955,0.0025399986
1979-04-02,,,,,0.80009955,0.0025399986
1979-04-03,,,,,0.80009955,0.0050799972
1979-04-04,,,,,0.80263954,0.0050799972
1979-04-05,,,,,0.8077196,0.015239992
1979-04-06,,,,,0.8127996,0.007619996
1979-04-07,,,,,0.82041955,0.007619996
1979-04-08,,,,,0.82041955,0.0
1979-04-09,,,,,0.82041955,0.012699993
1979-04-10,,,,,0.82295954,0.007619996
1979-04-11,,,,,0.8280395,0.0101599945
1979-04-12,,,,,0.8331196,0.007619996
1979-04-13,,,,,0.84073955,0.0101599945
1979-04-14,,,,,0.8508995,0.0101599945
1979-04-15,,,,,0.86105955,0.0050799972
1979-04-16,,,,,0.86613953,0.0
1979-04-17,,,,,0.86613953,0.0025399986
1979-04-18,,,,,0.86613953,0.0101599945
1979-04-19,,,,,0.8686795,0.0050799972
1979-04-20,,,,,0.8737595,0.0025399986
1979-04-21,,,,,0.8762995,0.012699993
1979-04-22,,,,,0.8889995,0.0050799972
1979-04-23,,,,,0.8940795,0.0050799972
1979-04-24,,,,,0.8991595,0.0025399986
1979-04-25,,,,,0.9016995,0.0050799972
1979-04-26,,,,,0.9067795,0.0025399986
1979-04-27,,,,,0.9067795,0.007619996
1979-04-28,,,,,0.9143995,0.0025399986
1979-04-29,,,,,0.9143995,0.0
1979-04-30,,,,,0.9143995,0.0025399986
1979-05-01,,,,,0.9169395,0.0025399986
1979-05-02,,,,,0.9143995,0.0
1979-05-03,,,,,0.9143995,0.0025399986
1979-05-04,,,,,0.9143995,0.0050799972
1979-05-05,,,,,0.9093195,0.012699993
1979-05-06,,,,,0.9067795,0.007619996
1979-05-07,,,,,0.90423954,0.0025399986
1979-05-08,,,,,0.9016995,0.0
1979-05-09,,,,,0.8915395,0.0025399986
1979-05-10,,,,,0.88137954,0.0
1979-05-11,,,,,0.88137954,0.0025399986
1979-05-12,,,,,0.8737595,0.0
1979-05-13,,,,,0.86613953,0.0025399986
1979-05-14,,,,,0.85597956,0.0
1979-05-15,,,,,0.85597956,0.0025399986
1979-05-16,,,,,0.83565956,0.0101599945
1979-05-17,,,,,0.7619996,0.0
1979-05-18,,,,,0.6756396,0.0
1979-05-19,,,,,0.6400797,0.0050799972
1979-05-20,,,,,0.6019797,0.0
1979-05-21,,,,,0.5537197,0.0
1979-05-22,,,,,0.5359397,0.0
1979-05-23,,,,,0.49275973,0.0050799972
1979-05-24,,,,,0.46227974,0.0025399986
1979-05-25,,,,,0.44195977,0.0
1979-05-26,,,,,0.43941978,0.0025399986
1979-05-27,,,,,0.43941978,0.017779991
1979-05-28,,,,,0.45719975,0.043179978
1979-05-29,,,,,0.50037974,0.022859987
1979-05-30,,,,,0.52323973,0.0050799972
1979-05-31,,,,,0.5156197,0.0
1979-06-01,,,,,0.5079997,0.0101599945
1979-06-02,,,,,0.46227974,0.0
1979-06-03,,,,,0.41909978,0.007619996
1979-06-04,,,,,0.3809998,0.0
1979-06-05,,,,,0.3733798,0.0
1979-06-06,,,,,0.3632198,0.0
1979-06-07,,,,,0.3530598,0.0050799972
1979-06-08,,,,,0.3403598,0.0
1979-06-09,,,,,0.30479982,0.0025399986
1979-06-10,,,,,0.26161987,0.007619996
1979-06-11,,,,,0.2082799,0.0
1979-06-12,,,,,0.14731993,0.0
1979-06-13,,,,,0.10159995,0.0
1979-06-14,,,,,0.073659964,0.0
1979-06-15,,,,,0.05333997,0.0
1979-06-16,,,,,0.030479984,0.0
1979-06-17,,,,,0.015239992,0.0
1979-06-18,,,,,0.0025399986,0.0
1979-06-19,,,,,0.0,0.0
1979-06-20,,,,,0.0,0.0
1979-06-21,,,,,0.0,0.0
1979-06-22,,,,,0.0,0.0
1979-06-23,,,,,0.0,0.0
1979-06-24,,,,,0.0,0.0
1979-06-25,,,,,0.0,0.0
1979-06-26,,,,,0.0,0.0
1979-06-27,,,,,0.0,0.0
1979-06-28,,,,,0.0,0.0
1979-06-29,,,,,0.0,0.0
1979-06-30,,,,,0.0,0.0
1979-07-01,,,,,0.0,0.0
1979-07-02,,,,,0.0,0.0
1979-07-03,,,,,0.0,0.0
1979-07-04,,,,,0.0,0.0
1979-07-05,,,,,0.0,0.0
1979-07-06,,,,,0.0,0.0
1979-07-07,,,,,0.0,0.0
1979-07-08,,,,,0.0,0.0
1979-07-09,,,,,0.0,0.0
1979-07-10,,,,,0.0,0.0
1979-07-11,,,,,0.0,0.0025399986
1979-07-12,,,,,0.0,0.0
1979-07-13,,,,,0.0,0.0
1979-07-14,,,,,0.0,0.0
1979-07-15,,,,,0.0,0.0
1979-07-16,,,,,0.0,0.0
1979-07-17,,,,,0.0,0.0
1979-07-18,,,,,0.0,0.0
1979-07-19,,,,,0.0,0.0
1979-07-20,,,,,0.0,0.0
1979-07-21,,,,,0.0,0.0
1979-07-22,,,,,0.0,0.0
1979-07-23,,,,,0.0,0.0
1979-07-24,,,,,0.0,0.0
1979-07-25,,,,,0.0,0.0
1979-07-26,,,,,0.0,0.0
1979-07-27,,,,,0.0,0.0
1979-07-28,,,,,0.0,0.0
1979-07-29,,,,,0.0,0.0
1979-07-30,,,,,0.0,0.0
1979-07-31,,,,,0.0,0.0
1979-08-01,,,,,0.0,0.0
1979-08-02,,,,,0.0,0.0
1979-08-03,,,,,0.0,0.0
1979-08-04,,,,,0.0,0.0
1979-08-05,,,,,0.0,0.0
1979-08-06,,,,,0.0,0.0
1979-08-07,,,,,0.0,0.0
1979-08-08,,,,,0.0,0.0
1979-08-09,,,,,0.0,0.0
1979-08-10,,,,,0.0,0.0
1979-08-11,,,,,0.0,0.0
1979-08-12,,,,,0.0,0.0
1979-08-13,,,,,0.0,0.0
1979-08-14,,,,,0.0,0.0
1979-08-15,,,,,0.0,0.0
1979-08-16,,,,,0.0,0.0050799972
1979-08-17,,,,,0.0,0.0
1979-08-18,,,,,0.0,0.0
1979-08-19,,,,,0.0,0.0
1979-08-20,,,,,0.0,0.022859987
1979-08-21,,,,,0.0,0.015239992
1979-08-22,,,,,0.0,0.0
1979-08-23,,,,,0.0,0.0
1979-08-24,,,,,0.0,0.017779991
1979-08-25,,,,,0.0,0.0025399986
1979-08-26,,,,,0.0,0.017779991
1979-08-27,,,,,0.0,0.0
1979-08-28,,,,,0.0,0.0
1979-08-29,,,,,0.0,0.0
1979-08-30,,,,,0.0,0.007619996
1979-08-31,,,,,0.0,0.0101599945
1979-09-01,,,,,0.0,0.0
1979-09-02,,,,,0.0,0.0
1979-09-03,,,,,0.0,0.0
1979-09-04,,,,,0.0,0.0
1979-09-05,,,,,0.0,0.0
1979-09-06,,,,,0.0,0.0
1979-09-07,,,,,0.0,0.0
1979-09-08,,,,,0.0,0.0
1979-09-09,,,,,0.0,0.0
1979-09-10,,,,,0.0,0.0025399986
1979-09-11,,,,,0.0,0.007619996
1979-09-12,,,,,0.0,0.0
1979-09-13,,,,,0.0,0.0
1979-09-14,,,,,0.0,0.0
1979-09-15,,,,,0.0,0.0
1979-09-16,,,,,0.0,0.0
1979-09-17,,,,,0.0,0.0
1979-09-18,,,,,0.0,0.0
1979-09-19,,,,,0.0,0.0
1979-09-20,,,,,0.0,0.0
1979-09-21,,,,,0.0,0.0
1979-09-22,,,,,0.0,0.0
1979-09-23,,,,,0.0,0.0
1979-09-24,,,,,0.0,0.0
1979-09-25,,,,,0.0,0.0
1979-09-26,,,,,0.0,0.0
1979-09-27,,,,,0.0,0.0
1979-09-28,,,,,0.0,0.0
1979-09-29,,,,,0.0,0.0
1979-09-30,,,,,0.0,0.0
1979-10-01,,,,,0.0,0.0
1979-10-02,,,,,0.0,0.0
1979-10-03,,,,,0.0,0.0
1979-10-04,,,,,0.0,0.0
1979-10-05,,,,,0.0,0.0
1979-10-06,,,,,0.0,0.0
1979-10-07,,,,,0.0,0.0
1979-10-08,,,,,0.0,0.0025399986
1979-10-09,,,,,0.0,0.0
1979-10-10,,,,,0.0,0.0
1979-10-11,,,,,0.0,0.0
1979-10-12,,,,,0.0,0.0
1979-10-13,,,,,0.0,0.0
1979-10-14,,,,,0.0,0.0025399986
1979-10-15,,,,,0.0,0.0
1979-10-16,,,,,0.0,0.0
1979-10-17,,,,,0.0,0.0101599945
1979-10-18,,,,,0.0,0.020319989
1979-10-19,,,,,0.020319989,0.025399987
1979-10-20,,,,,0.020319989,0.0025399986
1979-10-21,,,,,0.020319989,0.0025399986
1979-10-22,,,,,0.020319989,0.0
1979-10-23,,,,,0.020319989,0.0
1979-10-24,,,,,0.020319989,0.0
1979-10-25,,,,,0.017779991,0.0050799972
1979-10-26,,,,,0.015239992,0.0
1979-10-27,,,,,0.015239992,0.0050799972
1979-10-28,,,,,0.015239992,0.0
1979-10-29,,,,,0.015239992,0.0025399986
1979-10-30,,,,,0.015239992,0.0
1979-10-31,,,,,0.015239992,0.0
1979-11-01,,,,,0.015239992,0.0
1979-11-02,,,,,0.015239992,0.0
1979-11-03,,,,,0.015239992,0.0
1979-11-04,,,,,0.015239992,0.0
1979-11-05,,,,,0.015239992,0.0025399986
1979-11-06,,,,,0.015239992,0.0
1979-11-07,,,,,0.015239992,0.0
1979-11-08,,,,,0.015239992,0.0
1979-11-09,,,,,0.015239992,0.0
1979-11-10,,,,,0.015239992,0.0
1979-11-11,,,,,0.015239992,0.0
1979-11-12,,,,,0.015239992,0.0
1979-11-13,,,,,0.015239992,0.0
1979-11-14,,,,,0.015239992,0.0
1979-11-15,,,,,0.015239992,0.0
1979-11-16,,,,,0.015239992,0.0050799972
1979-11-17,,,,,0.020319989,0.0101599945
1979-11-18,,,,,0.025399987,0.0025399986
1979-11-19,,,,,0.025399987,0.0050799972
1979-11-20,,,,,0.025399987,0.0
1979-11-21,,,,,0.025399987,0.0
1979-11-22,,,,,0.025399987,0.0025399986
1979-11-23,,,,,0.027939985,0.0025399986
1979-11-24,,,,,0.030479984,0.0025399986
1979-11-25,,,,,0.033019982,0.0101599945
1979-11-26,,,,,0.035559982,0.0
1979-11-27,,,,,0.035559982,0.0050799972
1979-11-28,,,,,0.035559982,0.0
1979-11-29,,,,,0.035559982,0.0025399986
1979-11-30,,,,,0.038099978,0.0
1979-12-01,,,,,0.038099978,0.025399987
1979-12-02,,,,,0.063499965,0.025399987
1979-12-03,,,,,0.088899955,0.038099978
1979-12-04,,,,,0.12699993,0.035559982
1979-12-05,,,,,0.13207993,0.007619996
1979-12-06,,,,,0.13969992,0.0025399986
1979-12-07,,,,,0.14223993,0.0025399986
1979-12-08,,,,,0.14477992,0.0050799972
1979-12-09,,,,,0.14985992,0.025399987
1979-12-10,,,,,0.1701799,0.015239992
1979-12-11,,,,,0.17779991,0.0101599945
1979-12-12,,,,,0.1879599,0.015239992
1979-12-13,,,,,0.2031999,0.0050799972
1979-12-14,,,,,0.2031999,0.030479984
1979-12-15,,,,,0.23367988,0.035559982
1979-12-16,,,,,0.23367988,0.007619996
1979-12-17,,,,,0.24129987,0.0
1979-12-18,,,,,0.24129987,0.0
1979-12-19,,,,,0.24129987,0.0
1979-12-20,,,,,0.24129987,0.0
1979-12-21,,,,,0.24129987,0.0
1979-12-22,,,,,0.23875988,0.0
1979-12-23,,,,,0.23875988,0.0
1979-12-24,,,,,0.23875988,0.007619996
1979-12-25,,,,,0.24637987,0.0101599945
1979-12-26,,,,,0.24891986,0.0
1979-12-27,,,,,0.24891986,0.0025399986
1979-12-28,,,,,0.24891986,0.0
1979-12-29,,,,,0.24891986,0.0
1979-12-30,,,,,0.24891986,0.0025399986
1979-12-31,,,,,0.25145987,0.0025399986
1980-01-01,,,,,0.25399986,0.0
1980-01-02,,,,,0.25399986,0.007619996
1980-01-03,,,,,0.26161987,0.0050799972
1980-01-04,,,,,0.26669985,0.022859987
1980-01-05,,,,,0.28955984,0.0050799972
1980-01-06,,,,,0.29209983,0.025399987
1980-01-07,,,,,0.29463986,0.0050799972
1980-01-08,,,,,0.29717985,0.027939985
1980-01-09,,,,,0.32511982,0.0101599945
1980-01-10,,,,,0.32511982,0.007619996
1980-01-11,,,,,0.33273983,0.043179978
1980-01-12,,,,,0.3759198,0.022859987
1980-01-13,,,,,0.3911598,0.015239992
1980-01-14,,,,,0.4063998,0.0101599945
1980-01-15,,,,,0.40893978,0.0025399986
1980-01-16,,,,,0.41147977,0.0025399986
1980-01-17,,,,,0.41401976,0.0101599945
1980-01-18,,,,,0.4165598,0.0025399986
1980-01-19,,,,,0.4165598,0.0025399986
1980-01-20,,,,,0.41909978,0.0
1980-01-21,,,,,0.41909978,0.0
1980-01-22,,,,,0.41909978,0.0101599945
1980-01-23,,,,,0.42925978,0.0
1980-01-24,,,,,0.42671975,0.0
1980-01-25,,,,,0.42163977,0.0025399986
1980-01-26,,,,,0.42163977,0.007619996
1980-01-27,,,,,0.42163977,0.0
1980-01-28,,,,,0.42163977,0.0025399986
1980-01-29,,,,,0.42163977,0.0
1980-01-30,,,,,0.41909978,0.0101599945
1980-01-31,,,,,0.42925978,0.0
1980-02-01,,,,,0.42925978,0.0050799972
1980-02-02,,,,,0.43433976,0.012699993
1980-02-03,,,,,0.44703975,0.017779991
1980-02-04,,,,,0.44957975,0.0050799972
1980-02-05,,,,,0.45465976,0.0
1980-02-06,,,,,0.45465976,0.0025399986
1980-02-07,,,,,0.45719975,0.0025399986
1980-02-08,,,,,0.45973974,0.0025399986
1980-02-09,,,,,0.46227974,0.0
1980-02-10,,,,,0.46227974,0.0
1980-02-11,,,,,0.46227974,0.007619996
1980-02-12,,,,,0.46989974,0.012699993
1980-02-13,,,,,0.46989974,0.012699993
1980-02-14,,,,,0.47243974,0.0050799972
1980-02-15,,,,,0.47243974,0.0101599945
1980-02-16,,,,,0.48259974,0.0050799972
1980-02-17,,,,,0.48767975,0.0050799972
1980-02-18,,,,,0.49275973,0.0101599945
1980-02-19,,,,,0.50291973,0.0025399986
1980-02-20,,,,,0.50291973,0.0050799972
1980-02-21,,,,,0.5079997,0.0025399986
1980-02-22,,,,,0.5079997,0.0
1980-02-23,,,,,0.5079997,0.0025399986
1980-02-24,,,,,0.5079997,0.0
1980-02-25,,,,,0.5079997,0.0025399986
1980-02-26,,,,,0.5105397,0.0
1980-02-27,,,,,0.5105397,0.0025399986
1980-02-28,,,,,0.5130797,0.0025399986
1980-02-29,,,,,0.5156197,0.007619996
1980-03-01,,,,,0.52323973,0.0
1980-03-02,,,,,0.52323973,0.0
1980-03-03,,,,,0.52323973,0.012699993
1980-03-04,,,,,0.52323973,0.0101599945
1980-03-05,,,,,0.5333997,0.0
1980-03-06,,,,,0.5333997,0.0
1980-03-07,,,,,0.5308597,0.0025399986
1980-03-08,,,,,0.5333997,0.007619996
1980-03-09,,,,,0.5410197,0.020319989
1980-03-10,,,,,0.5613397,0.0025399986
1980-03-11,,,,,0.56387967,0.007619996
1980-03-12,,,,,0.5664197,0.012699993
1980-03-13,,,,,0.5791197,0.0101599945
1980-03-14,,,,,0.5791197,0.020319989
1980-03-15,,,,,0.5994397,0.007619996
1980-03-16,,,,,0.60451967,0.012699993
1980-03-17,,,,,0.6172197,0.0050799972
1980-03-18,,,,,0.6197597,0.007619996
1980-03-19,,,,,0.6197597,0.0050799972
1980-03-20,,,,,0.62483966,0.0
1980-03-21,,,,,0.62483966,0.0050799972
1980-03-22,,,,,0.62991965,0.0
1980-03-23,,,,,0.62991965,0.0025399986
1980-03-24,,,,,0.62991965,0.0050799972
1980-03-25,,,,,0.62991965,0.0050799972
1980-03-26,,,,,0.63499963,0.0
1980-03-27,,,,,0.63499963,0.0
1980-03-28,,,,,0.63499963,0.0050799972
1980-03-29,,,,,0.6400797,0.0101599945
1980-03-30,,,,,0.64515966,0.0101599945
1980-03-31,,,,,0.65531963,0.0101599945
1980-04-01,,,,,0.65531963,0.0
1980-04-02,,,,,0.65531963,0.0050799972
1980-04-03,,,,,0.6603996,0.0050799972
1980-04-04,,,,,0.66547966,0.0025399986
1980-04-05,,,,,0.66801965,0.0050799972
1980-04-06,,,,,0.66801965,0.0101599945
1980-04-07,,,,,0.67055964,0.0
1980-04-08,,,,,0.67055964,0.017779991
1980-04-09,,,,,0.68833965,0.0101599945
1980-04-10,,,,,0.68833965,0.007619996
1980-04-11,,,,,0.6959596,0.007619996
1980-04-12,,,,,0.7035796,0.0025399986
1980-04-13,,,,,0.7061196,0.0
1980-04-14,,,,,0.7010396,0.0
1980-04-15,,,,,0.6807196,0.0
1980-04-16,,,,,0.6807196,0.0
1980-04-17,,,,,0.6781796,0.0
1980-04-18,,,,,0.65023965,0.0
1980-04-19,,,,,0.62991965,0.0025399986
1980-04-20,,,,,0.6146797,0.0
1980-04-21,,,,,0.58673966,0.0
1980-04-22,,,,,0.5816597,0.0
1980-04-23,,,,,0.5740397,0.0
1980-04-24,,,,,0.5562597,0.0025399986
1980-04-25,,,,,0.5384797,0.0
1980-04-26,,,,,0.5283197,0.0
1980-04-27,,,,,0.50291973,0.0
1980-04-28,,,,,0.48005974,0.0
1980-04-29,,,,,0.45465976,0.017779991
1980-04-30,,,,,0.45211977,0.0
1980-05-01,,,,,0.42925978,0.0
1980-05-02,,,,,0.4063998,0.0025399986
1980-05-03,,,,,0.38861978,0.0
1980-05-04,,,,,0.3606798,0.0
1980-05-05,,,,,0.33527982,0.0
1980-05-06,,,,,0.31241983,0.0025399986
1980-05-07,,,,,0.29717985,0.0025399986
1980-05-08,,,,,0.28193983,0.0
1980-05-09,,,,,0.27431986,0.015239992
1980-05-10,,,,,0.27685985,0.0050799972
1980-05-11,,,,,0.26923984,0.0
1980-05-12,,,,,0.25399986,0.0
1980-05-13,,,,,0.24891986,0.0025399986
1980-05-14,,,,,0.22605988,0.0
1980-05-15,,,,,0.1981199,0.0
1980-05-16,,,,,0.1650999,0.0
1980-05-17,,,,,0.14477992,0.0
1980-05-18,,,,,0.10667994,0.0
1980-05-19,,,,,0.063499965,0.0
1980-05-20,,,,,0.022859987,0.0
1980-05-21,,,,,0.0025399986,0.0
1980-05-22,,,,,0.0,0.0
1980-05-23,,,,,0.0,0.017779991
1980-05-24,,,,,0.0,0.038099978
1980-05-25,,,,,0.038099978,0.038099978
1980-05-26,,,,,0.048259974,0.012699993
1980-05-27,,,,,0.045719974,0.0
1980-05-28,,,,,0.038099978,0.0050799972
1980-05-29,,,,,0.025399987,0.0
1980-05-30,,,,,0.0050799972,0.0
1980-05-31,,,,,0.0,0.0
1980-06-01,,,,,0.0,0.0
1980-06-02,,,,,0.0,0.025399987
1980-06-03,,,,,0.0025399986,0.0101599945
1980-06-04,,,,,0.0,0.0
1980-06-05,,,,,0.0,0.0050799972
1980-06-06,,,,,0.0,0.007619996
1980-06-07,,,,,0.0,0.0
1980-06-08,,,,,0.0,0.0
1980-06-09,,,,,0.0,0.0
1980-06-10,,,,,0.0,0.0
1980-06-11,,,,,0.0,0.0025399986
1980-06-12,,,,,0.0,0.040639978
1980-06-13,,,,,0.0,0.0050799972
1980-06-14,,,,,0.0,0.0025399986
1980-06-15,,,,,0.0,0.0
1980-06-16,,,,,0.0,0.0
1980-06-17,,,,,0.0,0.0
1980-06-18,,,,,0.0,0.0
1980-06-19,,,,,0.0,0.0050799972
1980-06-20,,,,,0.0,0.0050799972
1980-06-21,,,,,0.0,0.0
1980-06-22,,,,,0.0,0.0025399986
1980-06-23,,,,,0.0,0.007619996
1980-06-24,,,,,0.0,0.0
1980-06-25,,,,,0.0,0.0050799972
1980-06-26,,,,,0.0,0.022859987
1980-06-27,,,,,0.0025399986,0.007619996
1980-06-28,,,,,0.0,0.0
1980-06-29,,,,,0.0,0.0
1980-06-30,,,,,0.0,0.0
1980-07-01,,,,,0.0,0.0
1980-07-02,,,,,0.0,0.0
1980-07-03,,,,,0.0,0.0025399986
1980-07-04,,,,,0.0,0.0
1980-07-05,,,,,0.0,0.0
1980-07-06,,,,,0.0,0.0
1980-07-07,,,,,0.0,0.0
1980-07-08,,,,,0.0,0.0
1980-07-09,,,,,0.0,0.0
1980-07-10,,,,,0.0,0.0
1980-07-11,,,,,0.0,0.0025399986
1980-07-12,,,,,0.0,0.015239992
1980-07-13,,,,,0.0,0.0025399986
1980-07-14,,,,,0.0,0.0
1980-07-15,,,,,0.0,0.0
1980-07-16,,,,,0.0,0.0
1980-07-17,,,,,0.0,0.0
1980-07-18,,,,,0.0,0.0
1980-07-19,,,,,0.0,0.0
1980-07-20,,,,,0.0,0.0
1980-07-21,,,,,0.0,0.0
1980-07-22,,,,,0.0,0.0
1980-07-23,,,,,0.0,0.0
1980-07-24,,,,,0.0,0.0
1980-07-25,,,,,0.0,0.0
1980-07-26,,,,,0.0,0.0
1980-07-27,,,,,0.0,0.0
1980-07-28,,,,,0.0,0.0
1980-07-29,,,,,0.0,0.0
1980-07-30,,,,,0.0,0.0
1980-07-31,,,,,0.0,0.0
1980-08-01,,,,,0.0,0.0
1980-08-02,,,,,0.0,0.0050799972
1980-08-03,,,,,0.0,0.015239992
1980-08-04,,,,,0.0,0.0
1980-08-05,,,,,0.0,0.0
1980-08-06,,,,,0.0,0.0
1980-08-07,,,,,0.0,0.0
1980-08-08,,,,,0.0,0.0
1980-08-09,,,,,0.0,0.0
1980-08-10,,,,,0.0,0.0
1980-08-11,,,,,0.0,0.0
1980-08-12,,,,,0.0,0.0
1980-08-13,,,,,0.0,0.0
1980-08-14,,,,,0.0,0.0
1980-08-15,,,,,0.0,0.0
1980-08-16,,,,,0.0,0.0
1980-08-17,,,,,0.0,0.0
1980-08-18,,,,,0.0,0.0101599945
1980-08-19,,,,,0.0,0.0050799972
1980-08-20,,,,,0.0,0.0
1980-08-21,,,,,0.0,0.0
1980-08-22,,,,,0.0,0.0
1980-08-23,,,,,0.0,0.0
1980-08-24,,,,,0.0,0.0
1980-08-25,,,,,0.0,0.0
1980-08-26,,,,,0.0,0.0
1980-08-27,,,,,0.0,0.0
1980-08-28,,,,,0.0,0.0
1980-08-29,,,,,0.0,0.0
1980-08-30,,,,,0.0,0.0
1980-08-31,,,,,0.0,0.0
1980-09-01,,,,,0.0,0.0
1980-09-02,,,,,0.0,0.0050799972
1980-09-03,,,,,0.0,0.0
1980-09-04,,,,,0.0,0.0
1980-09-05,,,,,0.0,0.0050799972
1980-09-06,,,,,0.0,0.0
1980-09-07,,,,,0.0,0.0
1980-09-08,,,,,0.0,0.0
1980-09-09,,,,,0.0,0.0
1980-09-10,,,,,0.0,0.0
1980-09-11,,,,,0.0,0.0101599945
1980-09-12,,,,,0.0,0.0
1980-09-13,,,,,0.0,0.012699993
1980-09-14,,,,,0.0,0.0
1980-09-15,,,,,0.0,0.017779991
1980-09-16,,,,,0.0,0.0
1980-09-17,,,,,0.0,0.0
1980-09-18,,,,,0.0,0.015239992
1980-09-19,,,,,0.0,0.007619996
1980-09-20,,,,,0.0,0.015239992
1980-09-21,,,,,0.0,0.0
1980-09-22,,,,,0.0,0.0
1980-09-23,,,,,0.0,0.0
1980-09-24,,,,,0.0,0.0
1980-09-25,,,,,0.0,0.0
1980-09-26,,,,,0.0,0.0
1980-09-27,,,,,0.0,0.0
1980-09-28,,,,,0.0,0.0
1980-09-29,,,,,0.0,0.0
1980-09-30,,,,,0.0,0.0
1980-10-01,,,,,0.0,0.0
1980-10-02,,,,,0.0,0.0
1980-10-03,,,,,0.0,0.0
1980-10-04,,,,,0.0,0.0
1980-10-05,,,,,0.0,0.0
1980-10-06,,,,,0.0,0.0
1980-10-07,,,,,0.0,0.0
1980-10-08,,,,,0.0,0.0
1980-10-09,,,,,0.0,0.0
1980-10-10,,,,,0.0,0.0
1980-10-11,,,,,0.0,0.0
1980-10-12,,,,,0.0,0.0
1980-10-13,,,,,0.0,0.0050799972
1980-10-14,,,,,0.0,0.0050799972
1980-10-15,,,,,0.0050799972,0.0101599945
1980-10-16,,,,,0.0050799972,0.0101599945
1980-10-17,,,,,0.015239992,0.0050799972
1980-10-18,,,,,0.015239992,0.0
1980-10-19,,,,,0.012699993,0.0
1980-10-20,,,,,0.0025399986,0.0
1980-10-21,,,,,0.0025399986,0.0101599945
1980-10-22,,,,,0.0050799972,0.0025399986
1980-10-23,,,,,0.0050799972,0.0025399986
1980-10-24,,,,,0.0050799972,0.0
1980-10-25,,,,,0.0050799972,0.012699993
1980-10-26,,,,,0.017779991,0.007619996
1980-10-27,,,,,0.017779991,0.0
1980-10-28,,,,,0.017779991,0.0
1980-10-29,,,,,0.017779991,0.0
1980-10-30,,,,,0.017779991,0.0
1980-10-31,,,,,0.017779991,0.0
1980-11-01,,,,,0.017779991,0.007619996
1980-11-02,,,,,0.025399987,0.0101599945
1980-11-03,,,,,0.025399987,0.0
1980-11-04,,,,,0.020319989,0.0
1980-11-05,,,,,0.017779991,0.0
1980-11-06,,,,,0.015239992,0.015239992
1980-11-07,,,,,0.012699993,0.05587997
1980-11-08,,,,,0.040639978,0.022859987
1980-11-09,,,,,0.040639978,0.0025399986
1980-11-10,,,,,0.043179978,0.0025399986
1980-11-11,,,,,0.043179978,0.0025399986
1980-11-12,,,,,0.043179978,0.0
1980-11-13,,,,,0.043179978,0.0050799972
1980-11-14,,,,,0.045719974,0.0
1980-11-15,,,,,0.045719974,0.0
1980-11-16,,,,,0.045719974,0.0
1980-11-17,,,,,0.045719974,0.0
1980-11-18,,,,,0.045719974,0.0
1980-11-19,,,,,0.045719974,0.0
1980-11-20,,,,,0.045719974,0.0101599945
1980-11-21,,,,,0.05587997,0.017779991
1980-11-22,,,,,0.06095997,0.0050799972
1980-11-23,,,,,0.06095997,0.0025399986
1980-11-24,,,,,0.06095997,0.0
1980-11-25,,,,,0.06095997,0.0
1980-11-26,,,,,0.06095997,0.0025399986
1980-11-27,,,,,0.063499965,0.0
1980-11-28,,,,,0.063499965,0.012699993
1980-11-29,,,,,0.076199956,0.017779991
1980-11-30,,,,,0.083819956,0.007619996
1980-12-01,,,,,0.086359955,0.043179978
1980-12-02,,,,,0.12953994,0.040639978
1980-12-03,,,,,0.14477992,0.007619996
1980-12-04,,,,,0.14731993,0.0050799972
1980-12-05,,,,,0.14731993,0.0
1980-12-06,,,,,0.14731993,0.0
1980-12-07,,,,,0.14731993,0.0
1980-12-08,,,,,0.14731993,0.0
1980-12-09,,,,,0.14731993,0.022859987
1980-12-10,,,,,0.1701799,0.015239992
1980-12-11,,,,,0.17779991,0.0
1980-12-12,,,,,0.17779991,0.0
1980-12-13,,,,,0.17779991,0.0
1980-12-14,,,,,0.17779991,0.0025399986
1980-12-15,,,,,0.1803399,0.0
1980-12-16,,,,,0.1803399,0.0
1980-12-17,,,,,0.1803399,0.0050799972
1980-12-18,,,,,0.1803399,0.007619996
1980-12-19,,,,,0.1803399,0.0025399986
1980-12-20,,,,,0.1828799,0.0101599945
1980-12-21,,,,,0.1930399,0.035559982
1980-12-22,,,,,0.22859988,0.020319989
1980-12-23,,,,,0.24637987,0.012699993
1980-12-24,,,,,0.25907987,0.035559982
1980-12-25,,,,,0.29463986,0.040639978
1980-12-26,,,,,0.30479982,0.0101599945
1980-12-27,,,,,0.30733985,0.012699993
1980-12-28,,,,,0.30733985,0.0
1980-12-29,,,,,0.30733985,0.0050799972
1980-12-30,,,,,0.31241983,0.007619996
1980-12-31,,,,,0.31241983,0.0050799972
1981-01-01,,,,,0.30987984,0.0
1981-01-02,,,,,0.30733985,0.0
1981-01-03,,,,,0.30733985,0.0
1981-01-04,,,,,0.30733985,0.0
1981-01-05,,,,,0.30733985,0.0
1981-01-06,,,,,0.30733985,0.0
1981-01-07,,,,,0.30733985,0.0
1981-01-08,,,,,0.30733985,0.0
1981-01-09,,,,,0.30733985,0.0
1981-01-10,,,,,0.30733985,0.0
1981-01-11,,,,,0.30479982,0.0
1981-01-12,,,,,0.30225983,0.0
1981-01-13,,,,,0.29971984,0.0
1981-01-14,,,,,0.29971984,0.0
1981-01-15,,,,,0.29971984,0.0
1981-01-16,,,,,0.29971984,0.0
1981-01-17,,,,,0.29971984,0.0050799972
1981-01-18,,,,,0.29971984,0.0
1981-01-19,,,,,0.29971984,0.0025399986
1981-01-20,,,,,0.29971984,0.007619996
1981-01-21,,,,,0.30733985,0.012699993
1981-01-22,,,,,0.32003984,0.007619996
1981-01-23,,,,,0.32765982,0.0
1981-01-24,,,,,0.32765982,0.0
1981-01-25,,,,,0.32765982,0.0101599945
1981-01-26,,,,,0.3301998,0.0050799972
1981-01-27,,,,,0.3301998,0.0
1981-01-28,,,,,0.3301998,0.0025399986
1981-01-29,,,,,0.32511982,0.0
1981-01-30,,,,,0.32511982,0.0
1981-01-31,,,,,0.32511982,0.0101599945
1981-02-01,,,,,0.32765982,0.0025399986
1981-02-02,,,,,0.3301998,0.0050799972
1981-02-03,,,,,0.33527982,0.0025399986
1981-02-04,,,,,0.3378198,0.0025399986
1981-02-05,,,,,0.3403598,0.0
1981-02-06,,,,,0.3378198,0.0050799972
1981-02-07,,,,,0.34289983,0.007619996
1981-02-08,,,,,0.3505198,0.007619996
1981-02-09,,,,,0.3479798,0.015239992
1981-02-10,,,,,0.3505198,0.0050799972
1981-02-11,,,,,0.35559982,0.025399987
1981-02-12,,,,,0.3809998,0.017779991
1981-02-13,,,,,0.39877978,0.015239992
1981-02-14,,,,,0.41401976,0.012699993
1981-02-15,,,,,0.42671975,0.025399987
1981-02-16,,,,,0.45211977,0.027939985
1981-02-17,,,,,0.46481976,0.017779991
1981-02-18,,,,,0.48259974,0.015239992
1981-02-19,,,,,0.49783972,0.015239992
1981-02-20,,,,,0.49783972,0.0101599945
1981-02-21,,,,,0.49783972,0.0050799972
1981-02-22,,,,,0.50291973,0.007619996
1981-02-23,,,,,0.5105397,0.0
1981-02-24,,,,,0.5079997,0.0
1981-02-25,,,,,0.50291973,0.0025399986
1981-02-26,,,,,0.50291973,0.0025399986
1981-02-27,,,,,0.50291973,0.0
1981-02-28,,,,,0.50291973,0.0
1981-03-01,,,,,0.50291973,0.0
1981-03-02,,,,,0.50291973,0.0
1981-03-03,,,,,0.50291973,0.0
1981-03-04,,,,,0.50291973,0.0
1981-03-05,,,,,0.50291973,0.0
1981-03-06,,,,,0.50291973,0.0
1981-03-07,,,,,0.50291973,0.0
1981-03-08,,,,,0.50291973,0.0050799972
1981-03-09,,,,,0.5079997,0.0025399986
1981-03-10,,,,,0.5105397,0.0050799972
1981-03-11,,,,,0.5156197,0.0
1981-03-12,,,,,0.5156197,0.0050799972
1981-03-13,,,,,0.52069974,0.0
1981-03-14,,,,,0.52069974,0.0025399986
1981-03-15,,,,,0.52323973,0.0
1981-03-16,,,,,0.52323973,0.012699993
1981-03-17,,,,,0.5359397,0.0101599945
1981-03-18,,,,,0.5460997,0.007619996
1981-03-19,,,,,0.5537197,0.0
1981-03-20,,,,,0.5486397,0.0
1981-03-21,,,,,0.5410197,0.0050799972
1981-03-22,,,,,0.5460997,0.0025399986
1981-03-23,,,,,0.5486397,0.0
1981-03-24,,,,,0.5486397,0.012699993
1981-03-25,,,,,0.5613397,0.0050799972
1981-03-26,,,,,0.5613397,0.0050799972
1981-03-27,,,,,0.5664197,0.007619996
1981-03-28,,,,,0.5740397,0.0050799972
1981-03-29,,,,,0.5791197,0.007619996
1981-03-30,,,,,0.58419967,0.015239992
1981-03-31,,,,,0.5968997,0.012699993
1981-04-01,,,,,0.60959965,0.007619996
1981-04-02,,,,,0.61213964,0.0050799972
1981-04-03,,,,,0.61213964,0.0050799972
1981-04-04,,,,,0.61213964,0.017779991
1981-04-05,,,,,0.62991965,0.012699993
1981-04-06,,,,,0.64261967,0.007619996
1981-04-07,,,,,0.64261967,0.0050799972
1981-04-08,,,,,0.64769965,0.0050799972
1981-04-09,,,,,0.65277964,0.0101599945
1981-04-10,,,,,0.66293967,0.0050799972
1981-04-11,,,,,0.66547966,0.0025399986
1981-04-12,,,,,0.66801965,0.007619996
1981-04-13,,,,,0.67055964,0.015239992
1981-04-14,,,,,0.68579966,0.0025399986
1981-04-15,,,,,0.68833965,0.0
1981-04-16,,,,,0.67309964,0.0
1981-04-17,,,,,0.67055964,0.0
1981-04-18,,,,,0.66293967,0.0
1981-04-19,,,,,0.66293967,0.0
1981-04-20,,,,,0.6603996,0.0
1981-04-21,,,,,0.65531963,0.0050799972
1981-04-22,,,,,0.64769965,0.0
1981-04-23,,,,,0.64769965,0.0025399986
1981-04-24,,,,,0.62991965,0.0050799972
1981-04-25,,,,,0.61213964,0.0025399986
1981-04-26,,,,,0.60451967,0.0
1981-04-27,,,,,0.5994397,0.0025399986
1981-04-28,,,,,0.5918197,0.0
1981-04-29,,,,,0.5714997,0.0025399986
1981-04-30,,,,,0.5410197,0.0050799972
1981-05-01,,,,,0.5105397,0.0050799972
1981-05-02,,,,,0.49783972,0.0050799972
1981-05-03,,,,,0.47751975,0.0
1981-05-04,,,,,0.46481976,0.007619996
1981-05-05,,,,,0.46481976,0.0050799972
1981-05-06,,,,,0.46481976,0.0101599945
1981-05-07,,,,,0.46481976,0.0050799972
1981-05-08,,,,,0.46989974,0.007619996
1981-05-09,,,,,0.47751975,0.007619996
1981-05-10,,,,,0.48513973,0.0101599945
1981-05-11,,,,,0.48513973,0.0025399986
1981-05-12,,,,,0.48513973,0.0
1981-05-13,,,,,0.48513973,0.0
1981-05-14,,,,,0.48259974,0.007619996
1981-05-15,,,,,0.45211977,0.012699993
1981-05-16,,,,,0.44449976,0.0025399986
1981-05-17,,,,,0.43941978,0.0
1981-05-18,,,,,0.41401976,0.0
1981-05-19,,,,,0.39877978,0.0
1981-05-20,,,,,0.3759198,0.0101599945
1981-05-21,,,,,0.35559982,0.033019982
1981-05-22,,,,,0.3505198,0.020319989
1981-05-23,,,,,0.33527982,0.007619996
1981-05-24,,,,,0.28447986,0.0
1981-05-25,,,,,0.24891986,0.0101599945
1981-05-26,,,,,0.1955799,0.0
1981-05-27,,,,,0.14731993,0.0
1981-05-28,,,,,0.10921994,0.0
1981-05-29,,,,,0.076199956,0.0
1981-05-30,,,,,0.040639978,0.0
1981-05-31,,,,,0.015239992,0.0025399986
1981-06-01,,,,,0.0025399986,0.0
1981-06-02,,,,,0.0,0.0025399986
1981-06-03,,,,,0.0,0.0050799972
1981-06-04,,,,,0.0,0.017779991
1981-06-05,,,,,0.0,0.022859987
1981-06-06,,,,,0.0,0.0025399986
1981-06-07,,,,,0.0,0.030479984
1981-06-08,,,,,0.0,0.015239992
1981-06-09,,,,,0.0,0.0025399986
1981-06-10,,,,,0.0,0.0
1981-06-11,,,,,0.0,0.0
1981-06-12,,,,,0.0,0.012699993
1981-06-13,,,,,0.0,0.0101599945
1981-06-14,,,,,0.0101599945,0.0050799972
1981-06-15,,,,,0.0,0.0
1981-06-16,,,,,0.0,0.020319989
1981-06-17,,,,,0.0,0.0050799972
1981-06-18,,,,,0.0,0.017779991
1981-06-19,,,,,0.0,0.0050799972
1981-06-20,,,,,0.0,0.0025399986
1981-06-21,,,,,0.0,0.012699993
1981-06-22,,,,,0.0,0.0
1981-06-23,,,,,0.0,0.0
1981-06-24,,,,,0.0,0.0
1981-06-25,,,,,0.0,0.0
1981-06-26,,,,,0.0,0.0
1981-06-27,,,,,0.0,0.0
1981-06-28,,,,,0.0,0.0
1981-06-29,,,,,0.0,0.0
1981-06-30,,,,,0.0,0.0
1981-07-01,,,,,0.0,0.0
1981-07-02,,,,,0.0,0.0
1981-07-03,,,,,0.0,0.0025399986
1981-07-04,,,,,0.0,0.0
1981-07-05,,,,,0.0,0.0
1981-07-06,,,,,0.0,0.0
1981-07-07,,,,,0.0,0.0
1981-07-08,,,,,0.0,0.0
1981-07-09,,,,,0.0,0.0
1981-07-10,,,,,0.0,0.0
1981-07-11,,,,,0.0,0.0
1981-07-12,,,,,0.0,0.0
1981-07-13,,,,,0.0,0.0
1981-07-14,,,,,0.0,0.0
1981-07-15,,,,,0.0,0.0
1981-07-16,,,,,0.0,0.0
1981-07-17,,,,,0.0,0.0
1981-07-18,,,,,0.0,0.0
1981-07-19,,,,,0.0,0.0
1981-07-20,,,,,0.0,0.0
1981-07-21,,,,,0.0,0.0
1981-07-22,,,,,0.0,0.0
1981-07-23,,,,,0.0,0.0101599945
1981-07-24,,,,,0.0,0.0
1981-07-25,,,,,0.0,0.0025399986
1981-07-26,,,,,0.0,0.0
1981-07-27,,,,,0.0,0.0
1981-07-28,,,,,0.0,0.0
1981-07-29,,,,,0.0,0.0025399986
1981-07-30,,,,,0.0,0.0
1981-07-31,,,,,0.0,0.0
1981-08-01,,,,,0.0,0.0
1981-08-02,,,,,0.0,0.0
1981-08-03,,,,,0.0,0.0
1981-08-04,,,,,0.0,0.0
1981-08-05,,,,,0.0,0.0
1981-08-06,,,,,0.0,0.0
1981-08-07,,,,,0.0,0.0
1981-08-08,,,,,0.0,0.0
1981-08-09,,,,,0.0,0.0
1981-08-10,,,,,0.0,0.0
1981-08-11,,,,,0.0,0.0
1981-08-12,,,,,0.0,0.0
1981-08-13,,,,,0.0,0.0
1981-08-14,,,,,0.0,0.0
1981-08-15,,,,,0.0,0.0
1981-08-16,,,,,0.0,0.0
1981-08-17,,,,,0.0,0.0
1981-08-18,,,,,0.0,0.0
1981-08-19,,,,,0.0,0.0
1981-08-20,,,,,0.0,0.0
1981-08-21,,,,,0.0,0.0
1981-08-22,,,,,0.0,0.0
1981-08-23,,,,,0.0,0.0
1981-08-24,,,,,0.0,0.0
1981-08-25,,,,,0.0,0.0
1981-08-26,,,,,0.0,0.0
1981-08-27,,,,,0.0,0.0
1981-08-28,,,,,0.0,0.0025399986
1981-08-29,,,,,0.0,0.012699993
1981-08-30,,,,,0.0,0.0
1981-08-31,,,,,0.0,0.0050799972
1981-09-01,,,,,0.0,0.0
1981-09-02,,,,,0.0,0.0
1981-09-03,,,,,0.0,0.0025399986
1981-09-04,,,,,0.0,0.0
1981-09-05,,,,,0.0,0.0
1981-09-06,,,,,0.0,0.0
1981-09-07,,,,,0.0,0.0
1981-09-08,,,,,0.0,0.0
1981-09-09,,,,,0.0,0.0
1981-09-10,,,,,0.0,0.0
1981-09-11,,,,,0.0,0.0
1981-09-12,,,,,0.0,0.0
1981-09-13,,,,,0.0,0.0
1981-09-14,,,,,0.0,0.0
1981-09-15,,,,,0.0,0.0
1981-09-16,,,,,0.0,0.0
1981-09-17,,,,,0.0,0.0
1981-09-18,,,,,0.0,0.0
1981-09-19,,,,,0.0,0.007619996
1981-09-20,,,,,0.0,0.0
1981-09-21,,,,,0.0,0.012699993
1981-09-22,,,,,0.0,0.0025399986
1981-09-23,,,,,0.0,0.0
1981-09-24,,,,,0.0,0.0
1981-09-25,,,,,0.0,0.0101599945
1981-09-26,,,,,0.0,0.007619996
1981-09-27,,,,,0.0,0.007619996
1981-09-28,,,,,0.0,0.0025399986
1981-09-29,,,,,0.0,0.0025399986
1981-09-30,,,,,0.0,0.0025399986
1981-10-01,,,,,0.0,0.0
1981-10-02,,,,,0.0,0.0
1981-10-03,,,,,0.0,0.0050799972
1981-10-04,,,,,0.0,0.0025399986
1981-10-05,,,,,0.0,0.0
1981-10-06,,,,,0.0,0.0
1981-10-07,,,,,0.0,0.007619996
1981-10-08,,,,,0.0,0.0025399986
1981-10-09,,,,,0.0,0.0050799972
1981-10-10,,,,,0.0050799972,0.025399987
1981-10-11,,,,,0.015239992,0.007619996
1981-10-12,,,,,0.020319989,0.007619996
1981-10-13,,,,,0.020319989,0.0025399986
1981-10-14,,,,,0.022859987,0.0
1981-10-15,,,,,0.022859987,0.0
1981-10-16,,,,,0.020319989,0.0
1981-10-17,,,,,0.020319989,0.0
1981-10-18,,,,,0.015239992,0.0
1981-10-19,,,,,0.0101599945,0.0
1981-10-20,,,,,0.0050799972,0.017779991
1981-10-21,,,,,0.0050799972,0.0
1981-10-22,,,,,0.0050799972,0.0
1981-10-23,,,,,0.0050799972,0.0
1981-10-24,,,,,0.0050799972,0.0
1981-10-25,,,,,0.0025399986,0.0
1981-10-26,,,,,0.0,0.0025399986
1981-10-27,,,,,0.0,0.0
1981-10-28,,,,,0.0,0.0025399986
1981-10-29,,,,,0.0,0.0025399986
1981-10-30,,,,,0.0,0.0
1981-10-31,,,,,0.0,0.0
1981-11-01,,,,,0.0,0.0
1981-11-02,,,,,0.0,0.0
1981-11-03,,,,,0.0,0.0
1981-11-04,,,,,0.0,0.0025399986
1981-11-05,,,,,0.0,0.0
1981-11-06,,,,,0.0,0.0
1981-11-07,,,,,0.0,0.0
1981-11-08,,,,,0.0,0.0
1981-11-09,,,,,0.0,0.0
1981-11-10,,,,,0.0,0.0
1981-11-11,,,,,0.0,0.0
1981-11-12,,,,,0.0,0.0050799972
1981-11-13,,,,,0.0,0.0050799972
1981-11-14,,,,,0.0050799972,0.022859987
1981-11-15,,,,,0.012699993,0.007619996
1981-11-16,,,,,0.015239992,0.0025399986
1981-11-17,,,,,0.017779991,0.0050799972
1981-11-18,,,,,0.017779991,0.007619996
1981-11-19,,,,,0.017779991,0.0025399986
1981-11-20,,,,,0.017779991,0.0050799972
1981-11-21,,,,,0.022859987,0.022859987
1981-11-22,,,,,0.045719974,0.025399987
1981-11-23,,,,,0.048259974,0.007619996
1981-11-24,,,,,0.05333997,0.0101599945
1981-11-25,,,,,0.05587997,0.0025399986
1981-11-26,,,,,0.05587997,0.0025399986
1981-11-27,,,,,0.05587997,0.0025399986
1981-11-28,,,,,0.05587997,0.0
1981-11-29,,,,,0.05587997,0.0
1981-11-30,,,,,0.05587997,0.015239992
1981-12-01,,,,,0.071119964,0.050799973
1981-12-02,,,,,0.12191994,0.007619996
1981-12-03,,,,,0.12445993,0.0025399986
1981-12-04,,,,,0.12699993,0.017779991
1981-12-05,,,,,0.14477992,0.040639978
1981-12-06,,,,,0.1854199,0.022859987
1981-12-07,,,,,0.2031999,0.017779991
1981-12-08,,,,,0.2082799,0.0
1981-12-09,,,,,0.2082799,0.0050799972
1981-12-10,,,,,0.21335988,0.015239992
1981-12-11,,,,,0.21335988,0.0025399986
1981-12-12,,,,,0.21335988,0.0025399986
1981-12-13,,,,,0.21335988,0.015239992
1981-12-14,,,,,0.22859988,0.0101599945
1981-12-15,,,,,0.23875988,0.0101599945
1981-12-16,,,,,0.24637987,0.0
1981-12-17,,,,,0.24637987,0.0
1981-12-18,,,,,0.24637987,0.012699993
1981-12-19,,,,,0.25907987,0.0101599945
1981-12-20,,,,,0.26669985,0.0025399986
1981-12-21,,,,,0.26669985,0.0025399986
1981-12-22,,,,,0.26669985,0.0
1981-12-23,,,,,0.26669985,0.0050799972
1981-12-24,,,,,0.27177987,0.0025399986
1981-12-25,,,,,0.27177987,0.0050799972
1981-12-26,,,,,0.27431986,0.0101599945
1981-12-27,,,,,0.28447986,0.015239992
1981-12-28,,,,,0.28955984,0.0050799972
1981-12-29,,,,,0.29209983,0.0
1981-12-30,,,,,0.29209983,0.0101599945
1981-12-31,,,,,0.30225983,0.0025399986
1982-01-01,,,,,0.30479982,0.0050799972
1982-01-02,,,,,0.30733985,0.020319989
1982-01-03,,,,,0.32765982,0.017779991
1982-01-04,,,,,0.34543982,0.0101599945
1982-01-05,,,,,0.3505198,0.0
1982-01-06,,,,,0.3505198,0.007619996
1982-01-07,,,,,0.3581398,0.007619996
1982-01-08,,,,,0.3657598,0.007619996
1982-01-09,,,,,0.3733798,0.0025399986
1982-01-10,,,,,0.3759198,0.0050799972
1982-01-11,,,,,0.3759198,0.0050799972
1982-01-12,,,,,0.3759198,0.0025399986
1982-01-13,,,,,0.37845978,0.0025399986
1982-01-14,,,,,0.37845978,0.038099978
1982-01-15,,,,,0.4165598,0.027939985
1982-01-16,,,,,0.42163977,0.033019982
1982-01-17,,,,,0.45465976,0.020319989
1982-01-18,,,,,0.47243974,0.0050799972
1982-01-19,,,,,0.47497976,0.0101599945
1982-01-20,,,,,0.48513973,0.007619996
1982-01-21,,,,,0.49021974,0.012699993
1982-01-22,,,,,0.50291973,0.027939985
1982-01-23,,,,,0.5308597,0.015239992
1982-01-24,,,,,0.5384797,0.015239992
1982-01-25,,,,,0.5384797,0.025399987
1982-01-26,,,,,0.56387967,0.020319989
1982-01-27,,,,,0.58419967,0.012699993
1982-01-28,,,,,0.5892797,0.0101599945
1982-01-29,,,,,0.5994397,0.0101599945
1982-01-30,,,,,0.60959965,0.020319989
1982-01-31,,,,,0.62991965,0.007619996
1982-02-01,,,,,0.63499963,0.007619996
1982-02-02,,,,,0.64261967,0.007619996
1982-02-03,,,,,0.65023965,0.0025399986
1982-02-04,,,,,0.65277964,0.0101599945
1982-02-05,,,,,0.66293967,0.022859987
1982-02-06,,,,,0.66547966,0.012699993
1982-02-07,,,,,0.67055964,0.0
1982-02-08,,,,,0.67055964,0.0
1982-02-09,,,,,0.67055964,0.0025399986
1982-02-10,,,,,0.67055964,0.0
1982-02-11,,,,,0.67055964,0.012699993
1982-02-12,,,,,0.6832596,0.025399987
1982-02-13,,,,,0.7086596,0.035559982
1982-02-14,,,,,0.7416796,0.022859987
1982-02-15,,,,,0.75691956,0.030479984
1982-02-16,,,,,0.7873996,0.022859987
1982-02-17,,,,,0.79501957,0.015239992
1982-02-18,,,,,0.8102596,0.022859987
1982-02-19,,,,,0.8331196,0.017779991
1982-02-20,,,,,0.8508995,0.015239992
1982-02-21,,,,,0.86359954,0.0101599945
1982-02-22,,,,,0.86613953,0.0025399986
1982-02-23,,,,,0.86613953,0.0025399986
1982-02-24,,,,,0.8686795,0.0050799972
1982-02-25,,,,,0.8737595,0.007619996
1982-02-26,,,,,0.88137954,0.0025399986
1982-02-27,,,,,0.88137954,0.007619996
1982-02-28,,,,,0.8889995,0.0101599945
1982-03-01,,,,,0.8940795,0.0
1982-03-02,,,,,0.8940795,0.0025399986
1982-03-03,,,,,0.8940795,0.0
1982-03-04,,,,,0.8940795,0.0025399986
1982-03-05,,,,,0.8940795,0.0050799972
1982-03-06,,,,,0.8991595,0.0
1982-03-07,,,,,0.8991595,0.0025399986
1982-03-08,,,,,0.9016995,0.040639978
1982-03-09,,,,,0.9423395,0.027939985
1982-03-10,,,,,0.97027946,0.007619996
1982-03-11,,,,,0.9778995,0.0025399986
1982-03-12,,,,,0.9804395,0.025399987
1982-03-13,,,,,1.0058395,0.0101599945
1982-03-14,,,,,1.0159994,0.0
1982-03-15,,,,,1.0159994,0.0050799972
1982-03-16,,,,,1.0210794,0.0
1982-03-17,,,,,1.0210794,0.017779991
1982-03-18,,,,,1.0388595,0.0
1982-03-19,,,,,1.0388595,0.0025399986
1982-03-20,,,,,1.0413995,0.0025399986
1982-03-21,,,,,1.0439395,0.012699993
1982-03-22,,,,,1.0566394,0.0
1982-03-23,,,,,1.0566394,0.0
1982-03-24,,,,,1.0566394,0.0101599945
1982-03-25,,,,,1.0667994,0.0050799972
1982-03-26,,,,,1.0718794,0.0
1982-03-27,,,,,1.0718794,0.015239992
1982-03-28,,,,,1.0871195,0.0
1982-03-29,,,,,1.0871195,0.0025399986
1982-03-30,,,,,1.0769594,0.0101599945
1982-03-31,,,,,1.0871195,0.0050799972
1982-04-01,,,,,1.0921994,0.0025399986
1982-04-02,,,,,1.0947394,0.0101599945
1982-04-03,,,,,1.1048994,0.007619996
1982-04-04,,,,,1.1074394,0.015239992
1982-04-05,,,,,1.1226794,0.0050799972
1982-04-06,,,,,1.1277593,0.0
1982-04-07,,,,,1.1201394,0.007619996
1982-04-08,,,,,1.1277593,0.0025399986
1982-04-09,,,,,1.1302994,0.020319989
1982-04-10,,,,,1.1506194,0.015239992
1982-04-11,,,,,1.1658593,0.0101599945
1982-04-12,,,,,1.1582394,0.015239992
1982-04-13,,,,,1.1734793,0.012699993
1982-04-14,,,,,1.1861794,0.0025399986
1982-04-15,,,,,1.1836394,0.0025399986
1982-04-16,,,,,1.1861794,0.0101599945
1982-04-17,,,,,1.1963394,0.025399987
1982-04-18,,,,,1.1912594,0.0
1982-04-19,,,,,1.1887194,0.015239992
1982-04-20,,,,,1.2039593,0.0050799972
1982-04-21,,,,,1.2090393,0.015239992
1982-04-22,,,,,1.2242793,0.0050799972
1982-04-23,,,,,1.2293594,0.0
1982-04-24,,,,,1.2064993,0.0
1982-04-25,,,,,1.1937994,0.0
1982-04-26,,,,,1.1861794,0.0
1982-04-27,,,,,1.1683993,0.0025399986
1982-04-28,,,,,1.1582394,0.0025399986
1982-04-29,,,,,1.1404594,0.0050799972
1982-04-30,,,,,1.1379194,0.0025399986
1982-05-01,,,,,1.1175994,0.0025399986
1982-05-02,,,,,1.0921994,0.0
1982-05-03,,,,,1.0642594,0.0
1982-05-04,,,,,1.0591794,0.0050799972
1982-05-05,,,,,1.0642594,0.0
1982-05-06,,,,,1.0617194,0.0050799972
1982-05-07,,,,,1.0617194,0.007619996
1982-05-08,,,,,1.0617194,0.0
1982-05-09,,,,,1.0617194,0.0025399986
1982-05-10,,,,,1.0617194,0.0101599945
1982-05-11,,,,,1.0718794,0.0050799972
1982-05-12,,,,,1.0464795,0.0
1982-05-13,,,,,1.0286994,0.0
1982-05-14,,,,,1.0083795,0.0
1982-05-15,,,,,0.99059945,0.0
1982-05-16,,,,,0.9753595,0.0
1982-05-17,,,,,0.9753595,0.0025399986
1982-05-18,,,,,0.97281945,0.0
1982-05-19,,,,,0.96773946,0.007619996
1982-05-20,,,,,0.9601195,0.0050799972
1982-05-21,,,,,0.9372595,0.0
1982-05-22,,,,,0.9296395,0.0025399986
1982-05-23,,,,,0.9169395,0.0
1982-05-24,,,,,0.8991595,0.0
1982-05-25,,,,,0.8712195,0.017779991
1982-05-26,,,,,0.8889995,0.0
1982-05-27,,,,,0.8686795,0.0101599945
1982-05-28,,,,,0.86359954,0.017779991
1982-05-29,,,,,0.86613953,0.0025399986
1982-05-30,,,,,0.86105955,0.0
1982-05-31,,,,,0.86105955,0.0050799972
1982-06-01,,,,,0.84581953,0.0025399986
1982-06-02,,,,,0.8280395,0.0
1982-06-03,,,,,0.81533957,0.0101599945
1982-06-04,,,,,0.7873996,0.0
1982-06-05,,,,,0.7670796,0.0
1982-06-06,,,,,0.7315196,0.0025399986
1982-06-07,,,,,0.7086596,0.0
1982-06-08,,,,,0.68579966,0.0050799972
1982-06-09,,,,,0.65531963,0.0
1982-06-10,,,,,0.6172197,0.0
1982-06-11,,,,,0.5816597,0.0050799972
1982-06-12,,,,,0.5537197,0.0
1982-06-13,,,,,0.54355973,0.0025399986
1982-06-14,,,,,0.52323973,0.007619996
1982-06-15,,,,,0.48259974,0.0101599945
1982-06-16,,,,,0.42671975,0.0025399986
1982-06-17,,,,,0.3632198,0.0
1982-06-18,,,,,0.28447986,0.0
1982-06-19,,,,,0.21081989,0.0025399986
1982-06-20,,,,,0.14477992,0.0
1982-06-21,,,,,0.09397995,0.0025399986
1982-06-22,,,,,0.038099978,0.0
1982-06-23,,,,,0.025399987,0.0
1982-06-24,,,,,0.0050799972,0.0025399986
1982-06-25,,,,,0.0,0.025399987
1982-06-26,,,,,0.0,0.0025399986
1982-06-27,,,,,0.0,0.0025399986
1982-06-28,,,,,0.0,0.007619996
1982-06-29,,,,,0.0,0.0
1982-06-30,,,,,0.0,0.0101599945
1982-07-01,,,,,0.0,0.0101599945
1982-07-02,,,,,0.0,0.0
1982-07-03,,,,,0.0,0.0
1982-07-04,,,,,0.0,0.0
1982-07-05,,,,,0.0,0.0025399986
1982-07-06,,,,,0.0,0.0
1982-07-07,,,,,0.0,0.0050799972
1982-07-08,,,,,0.0,0.0025399986
1982-07-09,,,,,0.0,0.0
1982-07-10,,,,,0.0,0.0
1982-07-11,,,,,0.0,0.0
1982-07-12,,,,,0.0,0.0
1982-07-13,,,,,0.0,0.007619996
1982-07-14,,,,,0.0,0.0
1982-07-15,,,,,0.0,0.0050799972
1982-07-16,,,,,0.0,0.0
1982-07-17,,,,,0.0,0.0050799972
1982-07-18,,,,,0.0,0.0025399986
1982-07-19,,,,,0.0,0.0
1982-07-20,,,,,0.0,0.0
1982-07-21,,,,,0.0,0.0
1982-07-22,,,,,0.0,0.0
1982-07-23,,,,,0.0,0.0
1982-07-24,,,,,0.0,0.0
1982-07-25,,,,,0.0,0.0
1982-07-26,,,,,0.0,0.0
1982-07-27,,,,,0.0,0.0
1982-07-28,,,,,0.0,0.0
1982-07-29,,,,,0.0,0.0
1982-07-30,,,,,0.0,0.0
1982-07-31,,,,,0.0,0.0
1982-08-01,,,,,0.0,0.0
1982-08-02,,,,,0.0,0.0
1982-08-03,,,,,0.0,0.0025399986
1982-08-04,,,,,0.0,0.0
1982-08-05,,,,,0.0,0.0
1982-08-06,,,,,0.0,0.0
1982-08-07,,,,,0.0,0.0
1982-08-08,,,,,0.0,0.0025399986
1982-08-09,,,,,0.0,0.0
1982-08-10,,,,,0.0,0.0
1982-08-11,,,,,0.0,0.007619996
1982-08-12,,,,,0.0,0.0025399986
1982-08-13,,,,,0.0,0.0
1982-08-14,,,,,0.0,0.0
1982-08-15,,,,,0.0,0.0
1982-08-16,,,,,0.0,0.0025399986
1982-08-17,,,,,0.0,0.0
1982-08-18,,,,,0.0,0.0
1982-08-19,,,,,0.0,0.0
1982-08-20,,,,,0.0,0.0025399986
1982-08-21,,,,,0.0,0.0
1982-08-22,,,,,0.0,0.0025399986
1982-08-23,,,,,0.0,0.0
1982-08-24,,,,,0.0,0.0
1982-08-25,,,,,0.0,0.0
1982-08-26,,,,,0.0,0.0
1982-08-27,,,,,0.0,0.0
1982-08-28,,,,,0.0,0.0
1982-08-29,,,,,0.0,0.0025399986
1982-08-30,,,,,0.0,0.0
1982-08-31,,,,,0.0,0.0
1982-09-01,,,,,0.0,0.0
1982-09-02,,,,,0.0,0.0
1982-09-03,,,,,0.0,0.0
1982-09-04,,,,,0.0,0.0
1982-09-05,,,,,0.0,0.0
1982-09-06,,,,,0.0,0.0025399986
1982-09-07,,,,,0.0,0.0
1982-09-08,,,,,0.0,0.0
1982-09-09,,,,,0.0,0.0
1982-09-10,,,,,0.0,0.0
1982-09-11,,,,,0.0,0.0
1982-09-12,,,,,0.0,0.0
1982-09-13,,,,,0.0,0.0
1982-09-14,,,,,0.0,0.0025399986
1982-09-15,,,,,0.0,0.0050799972
1982-09-16,,,,,0.0,0.0
1982-09-17,,,,,0.0,0.0
1982-09-18,,,,,0.0,0.0
1982-09-19,,,,,0.0,0.0
1982-09-20,,,,,0.0,0.0025399986
1982-09-21,,,,,0.0,0.0025399986
1982-09-22,,,,,0.0025399986,0.0
1982-09-23,,,,,0.0025399986,0.0
1982-09-24,,,,,0.0025399986,0.0025399986
1982-09-25,,,,,0.0050799972,0.0025399986
1982-09-26,,,,,0.0050799972,0.0101599945
1982-09-27,,,,,0.015239992,0.012699993
1982-09-28,,,,,0.017779991,0.0025399986
1982-09-29,,,,,0.017779991,0.0025399986
1982-09-30,-3.1,-7.0,8.4,,0.017779991,0.0
1982-10-01,-0.9,-4.2,4.7,,0.015239992,0.0025399986
1982-10-02,1.0,0.0,3.0,,0.012699993,0.0101599945
1982-10-03,-0.2,-4.5,3.8,,0.0101599945,0.0
1982-10-04,-2.0,-4.7,0.8,,0.0101599945,0.007619996
1982-10-05,-0.9,-4.7,9.3,,0.0050799972,0.0
1982-10-06,2.2,-4.8,12.0,,0.0050799972,0.0
1982-10-07,-1.6,-5.2,2.9,,0.0050799972,0.0
1982-10-08,-3.7,-6.3,1.3,,0.0025399986,0.0
1982-10-09,-1.4,-7.5,10.3,,0.0025399986,0.0025399986
1982-10-10,0.3,-4.8,5.1,,0.0025399986,0.0050799972
1982-10-11,6.2,-0.8,18.3,,0.0025399986,0.0
1982-10-12,6.3,1.2,15.5,,0.0025399986,0.0
1982-10-13,9.0,2.8,21.6,,0.0025399986,0.0050799972
1982-10-14,10.4,4.3,23.4,,0.0,0.0
1982-10-15,10.3,4.2,19.8,,0.0,0.0050799972
1982-10-16,4.5,2.4,7.7,,0.0,0.0
1982-10-17,-1.8,-8.9,4.4,,0.0,0.0025399986
1982-10-18,-6.3,-8.9,0.3,,0.0025399986,0.0
1982-10-19,-3.7,-9.4,6.1,,0.0025399986,0.007619996
1982-10-20,0.2,-4.2,7.5,,0.0025399986,0.0
1982-10-21,2.9,-0.5,8.9,,0.0025399986,0.007619996
1982-10-22,5.5,0.9,11.1,,0.0,0.0
1982-10-23,4.9,2.9,7.9,,0.0,0.0
1982-10-24,4.2,0.2,11.0,,0.0,0.0
1982-10-25,3.1,0.1,8.4,,0.0,0.007619996
1982-10-26,-0.6,-3.8,2.4,,0.0,0.0025399986
1982-10-27,-3.7,-5.2,3.5,,0.0,0.0
1982-10-28,-4.3,-6.0,-1.0,,0.0,0.0
1982-10-29,-3.1,-4.7,1.1,,0.0,0.0
1982-10-30,-3.0,-7.8,4.3,,0.0,0.0
1982-10-31,-5.5,-6.8,-4.3,,0.0,0.0025399986
1982-11-01,-4.7,-8.4,0.1,,0.0025399986,0.0050799972
1982-11-02,-6.0,-10.2,0.8,,0.0050799972,0.0
1982-11-03,-1.5,-7.9,2.4,,0.0050799972,0.007619996
1982-11-04,1.3,-2.2,7.9,,0.0050799972,0.0050799972
1982-11-05,-1.1,-2.2,1.5,,0.0101599945,0.020319989
1982-11-06,-5.8,-9.6,-2.1,,0.030479984,0.0
1982-11-07,-8.8,-12.9,0.8,,0.030479984,0.0
1982-11-08,-8.4,-12.6,-4.1,,0.030479984,0.007619996
1982-11-09,-7.3,-8.9,-5.2,,0.033019982,0.0
1982-11-10,,,,,0.033019982,0.0050799972
1982-11-11,-12.0,-19.2,-6.5,,0.038099978,0.007619996
1982-11-12,-8.8,-13.7,-4.6,,0.045719974,0.007619996
1982-11-13,-11.4,-16.0,2.3,,0.048259974,0.0
1982-11-14,-7.4,-14.7,2.3,,0.048259974,0.0101599945
1982-11-15,-6.7,-8.7,-1.7,,0.048259974,0.0
1982-11-16,-4.4,-7.5,-0.8,,0.048259974,0.007619996
1982-11-17,-2.1,-4.7,0.5,,0.05587997,0.0101599945
1982-11-18,-1.3,-5.5,1.2,,0.066039965,0.007619996
1982-11-19,-6.1,-8.0,-4.9,,0.071119964,0.015239992
1982-11-20,-8.2,-10.5,-4.5,,0.086359955,0.027939985
1982-11-21,-9.9,-13.5,-2.6,,0.11429994,0.0
1982-11-22,-13.3,-17.3,-3.4,,0.11429994,0.0
1982-11-23,-10.5,-16.6,0.2,,0.11429994,0.007619996
1982-11-24,-4.4,-8.2,3.9,,0.11429994,0.0050799972
1982-11-25,-7.4,-12.2,-1.0,,0.11429994,0.0025399986
1982-11-26,-1.1,-4.6,4.6,,0.11429994,0.0
1982-11-27,0.4,-2.2,5.8,,0.11429994,0.0050799972
1982-11-28,-3.1,-5.5,-0.8,,0.09143995,0.0025399986
1982-11-29,-4.4,-5.6,-2.9,,0.09397995,0.0025399986
1982-11-30,-5.3,-7.8,1.3,,0.09651995,0.0
1982-12-01,-6.7,-8.5,-5.3,,0.09651995,0.0
1982-12-02,-7.6,-10.1,1.9,,0.09651995,0.012699993
1982-12-03,-2.2,-7.4,0.2,,0.10921994,0.022859987
1982-12-04,-3.2,-7.5,-1.0,,0.12699993,0.0
1982-12-05,-5.8,-7.3,-3.7,,0.12699993,0.0050799972
1982-12-06,-11.6,-18.3,-5.5,,0.13207993,0.0
1982-12-07,-16.0,-21.1,-6.0,,0.13207993,0.0
1982-12-08,-11.1,-19.7,2.2,,0.13207993,0.0050799972
1982-12-09,-7.9,-13.9,1.0,,0.13715993,0.0025399986
1982-12-10,-10.5,-15.3,3.2,,0.13715993,0.0025399986
1982-12-11,-1.2,-7.0,1.9,,0.13969992,0.0025399986
1982-12-12,-2.3,-4.0,-0.2,,0.14223993,0.0
1982-12-13,-6.5,-9.8,-3.5,,0.14223993,0.0
1982-12-14,-8.1,-9.4,-5.7,,0.14223993,0.0050799972
1982-12-15,-4.8,-7.6,-2.3,,0.14731993,0.015239992
1982-12-16,-2.6,-4.2,-0.9,,0.16255991,0.015239992
1982-12-17,-5.4,-8.3,-2.2,,0.17779991,0.015239992
1982-12-18,-8.5,-9.6,-7.9,,0.1930399,0.0101599945
1982-12-19,,,,,0.2031999,0.0050799972
1982-12-20,-3.6,-8.2,-0.4,,0.2082799,0.025399987
1982-12-21,-2.1,-3.0,-1.0,,0.21843988,0.025399987
1982-12-22,-7.7,-10.6,-2.4,,0.24383987,0.0050799972
1982-12-23,-9.9,-13.7,-7.7,,0.24891986,0.0
1982-12-24,-12.2,-16.9,-2.0,,0.24891986,0.0050799972
1982-12-25,-7.4,-11.4,-2.1,,0.24891986,0.0050799972
1982-12-26,-9.6,-13.6,-7.6,,0.25399986,0.0050799972
1982-12-27,-14.3,-17.9,-4.5,,0.25907987,0.0025399986
1982-12-28,-14.3,-18.4,-7.3,,0.25907987,0.0050799972
1982-12-29,-13.8,-17.0,-10.3,,0.26415986,0.0025399986
1982-12-30,-12.3,-16.6,-6.9,,0.26669985,0.0050799972
1982-12-31,-8.8,-15.8,-0.5,,0.26669985,0.0050799972
1983-01-01,-3.8,-8.2,-0.3,,0.26669985,0.0
1983-01-02,-3.1,-5.3,0.0,,0.26669985,0.0025399986
1983-01-03,-7.7,-9.5,-5.4,,0.26923984,0.015239992
1983-01-04,-6.0,-9.7,-3.5,,0.28447986,0.05587997
1983-01-05,-2.7,-5.8,-1.1,,0.3403598,0.030479984
1983-01-06,-4.3,-6.9,-1.8,,0.3479798,0.015239992
1983-01-07,-2.5,-3.9,-0.5,,0.3581398,0.027939985
1983-01-08,-4.3,-10.4,-0.3,,0.3860798,0.017779991
1983-01-09,-9.8,-12.5,-5.7,,0.3962398,0.030479984
1983-01-10,-3.7,-5.7,-2.4,,0.42671975,0.012699993
1983-01-11,-1.0,-5.1,3.2,,0.42925978,0.022859987
1983-01-12,2.6,-1.1,8.6,,0.42925978,0.0
1983-01-13,-2.5,-5.3,1.9,,0.42925978,0.0
1983-01-14,0.0,-6.4,8.1,,0.42925978,0.0
1983-01-15,-0.6,-5.0,11.6,,0.42925978,0.0
1983-01-16,-1.6,-4.6,3.6,,0.42925978,0.0
1983-01-17,-2.7,-5.5,3.1,,0.42925978,0.0
1983-01-18,-4.2,-7.5,2.7,,0.42925978,0.0
1983-01-19,-6.1,-8.3,-3.0,,0.42925978,0.0
1983-01-20,0.3,-4.8,5.1,,0.42925978,0.0
1983-01-21,0.3,-4.8,5.1,,0.42925978,0.0
1983-01-22,0.3,-4.8,5.1,,0.42925978,0.0101599945
1983-01-23,0.3,-4.8,5.1,,0.43941978,0.007619996
1983-01-24,0.3,-4.8,5.1,,0.44703975,0.007619996
1983-01-25,,,,,0.44703975,0.0050799972
1983-01-26,,,,,0.45211977,0.0
1983-01-27,,,,,0.45211977,0.0
1983-01-28,,,,,0.45211977,0.0
1983-01-29,,,,,0.45211977,0.0
1983-01-30,,,,,0.45211977,0.0
1983-01-31,,,,,0.45211977,0.0
1983-02-01,,,,,0.45211977,0.0
1983-02-02,,,,,0.45211977,0.0
1983-02-03,,,,,0.45211977,0.0
1983-02-04,0.3,-4.8,5.1,,0.45211977,0.0050799972
1983-02-05,0.3,-4.8,5.1,,0.45211977,0.0025399986
1983-02-06,0.3,-4.8,5.1,,0.45211977,0.0
1983-02-07,0.3,-4.8,5.1,,0.45211977,0.0025399986
1983-02-08,,,,,0.45465976,0.015239992
1983-02-09,,,,,0.46989974,0.0101599945
1983-02-10,,,,,0.47243974,0.0025399986
1983-02-11,,,,,0.47497976,0.0050799972
1983-02-12,,,,,0.48005974,0.007619996
1983-02-13,,,,,0.48513973,0.0025399986
1983-02-14,,,,,0.48767975,0.0025399986
1983-02-15,,,,,0.49021974,0.0050799972
1983-02-16,,,,,0.49021974,0.022859987
1983-02-17,,,,,0.5130797,0.022859987
1983-02-18,,,,,0.5359397,0.017779991
1983-02-19,,,,,0.5384797,0.007619996
1983-02-20,0.3,-4.8,5.1,,0.5460997,0.0050799972
1983-02-21,0.3,-4.8,5.1,,0.5460997,0.0025399986
1983-02-22,0.3,-4.8,5.1,,0.5486397,0.0
1983-02-23,0.3,-4.8,5.1,,0.5486397,0.0050799972
1983-02-24,0.0,0.0,0.0,,0.5537197,0.0050799972
1983-02-25,0.0,0.0,0.0,,0.5537197,0.0025399986
1983-02-26,,,,,0.5562597,0.0025399986
1983-02-27,,,,,0.5587997,0.0
1983-02-28,,,,,0.5587997,0.0050799972
1983-03-01,,,,,0.5613397,0.0050799972
1983-03-02,,,,,0.56387967,0.0050799972
1983-03-03,,,,,0.5689597,0.0025399986
1983-03-04,,,,,0.5689597,0.0
1983-03-05,,,,,0.5689597,0.0
1983-03-06,,,,,0.5689597,0.0
1983-03-07,,,,,0.5689597,0.0101599945
1983-03-08,0.0,0.0,0.0,,0.5740397,0.0025399986
1983-03-09,0.0,0.0,0.0,,0.5765797,0.0025399986
1983-03-10,0.0,0.0,0.0,,0.5791197,0.0025399986
1983-03-11,0.0,0.0,0.0,,0.5816597,0.0101599945
1983-03-12,,,,,0.58419967,0.007619996
1983-03-13,,,,,0.5918197,0.0050799972
1983-03-14,,,,,0.5918197,0.0
1983-03-15,,,,,0.5918197,0.0050799972
1983-03-16,,,,,0.5968997,0.0025399986
1983-03-17,,,,,0.5968997,0.0
1983-03-18,,,,,0.5943597,0.0
1983-03-19,,,,,0.5918197,0.0
1983-03-20,,,,,0.5918197,0.0
1983-03-21,,,,,0.5918197,0.0
1983-03-22,,,,,0.5892797,0.0
1983-03-23,,,,,0.58419967,0.0
1983-03-24,0.0,0.0,0.0,,0.58419967,0.0
1983-03-25,0.0,0.0,0.0,,0.5791197,0.0025399986
1983-03-26,,,,,0.5816597,0.007619996
1983-03-27,0.0,0.0,0.0,,0.5892797,0.0
1983-03-28,0.0,0.0,0.0,,0.5892797,0.027939985
1983-03-29,0.0,0.0,0.0,,0.6172197,0.033019982
1983-03-30,0.0,0.0,0.0,,0.64769965,0.0101599945
1983-03-31,0.0,0.0,0.0,,0.65531963,0.012699993
1983-04-01,0.0,0.0,0.0,,0.66801965,0.0050799972
1983-04-02,0.0,0.0,0.0,,0.67055964,0.0
1983-04-03,0.0,0.0,0.0,,0.67055964,0.0
1983-04-04,,,,,0.67055964,0.012699993
1983-04-05,,,,,0.6832596,0.007619996
1983-04-06,,,,,0.69087964,0.0050799972
1983-04-07,,,,,0.69087964,0.0050799972
1983-04-08,,,,,0.6959596,0.0050799972
1983-04-09,,,,,0.7010396,0.0
1983-04-10,,,,,0.7010396,0.0
1983-04-11,,,,,0.6984996,0.0
1983-04-12,,,,,0.6984996,0.0
1983-04-13,,,,,0.6984996,0.0
1983-04-14,,,,,0.6959596,0.0
1983-04-15,,,,,0.6959596,0.0050799972
1983-04-16,,,,,0.7010396,0.007619996
1983-04-17,,,,,0.7086596,0.0
1983-04-18,,,,,0.7035796,0.0
1983-04-19,,,,,0.6984996,0.015239992
1983-04-20,,,,,0.68833965,0.0
1983-04-21,,,,,0.6781796,0.0025399986
1983-04-22,,,,,0.66547966,0.0
1983-04-23,,,,,0.6603996,0.0025399986
1983-04-24,,,,,0.65531963,0.0050799972
1983-04-25,,,,,0.64769965,0.0025399986
1983-04-26,,,,,0.64769965,0.0025399986
1983-04-27,,,,,0.65023965,0.0101599945
1983-04-28,,,,,0.6603996,0.0025399986
1983-04-29,,,,,0.66293967,0.0050799972
1983-04-30,,,,,0.65277964,0.0025399986
1983-05-01,,,,,0.64769965,0.0025399986
1983-05-02,,,,,0.6375397,0.0
1983-05-03,,,,,0.63245964,0.0
1983-05-04,,,,,0.62483966,0.0
1983-05-05,,,,,0.60705966,0.007619996
1983-05-06,,,,,0.5892797,0.0
1983-05-07,,,,,0.58419967,0.0050799972
1983-05-08,,,,,0.5740397,0.05333997
1983-05-09,,,,,0.62737966,0.050799973
1983-05-10,,,,,0.64261967,0.0050799972
1983-05-11,,,,,0.64769965,0.0
1983-05-12,,,,,0.64769965,0.0025399986
1983-05-13,,,,,0.65023965,0.0025399986
1983-05-14,,,,,0.65023965,0.0025399986
1983-05-15,,,,,0.64769965,0.0
1983-05-16,3.3,-3.0,11.8,,0.64261967,0.0050799972
1983-05-17,3.3,-3.0,11.8,,0.64261967,0.0050799972
1983-05-18,,,,,0.63499963,0.0
1983-05-19,7.8,-0.6,19.9,,0.63499963,0.0050799972
1983-05-20,8.8,0.3,24.3,,0.63499963,0.0025399986
1983-05-21,6.1,0.8,18.4,,0.60959965,0.0025399986
1983-05-22,7.4,0.7,20.2,,0.5943597,0.0
1983-05-23,4.1,-1.1,11.3,,0.56387967,0.0
1983-05-24,0.9,-2.1,7.0,,0.5333997,0.0
1983-05-25,6.4,-3.3,17.0,,0.50037974,0.0
1983-05-26,10.1,3.3,20.2,,0.46735975,0.0
1983-05-27,9.4,3.0,21.2,,0.42417976,0.0
1983-05-28,5.6,1.9,14.6,,0.3911598,0.0
1983-05-29,8.3,0.7,19.6,,0.35559982,0.0
1983-05-30,8.3,0.7,19.6,,0.31495982,0.0
1983-05-31,11.8,3.6,22.2,,0.27431986,0.0
1983-06-01,-0.1,-3.7,3.4,,0.24637987,0.0
1983-06-02,-1.6,-4.4,5.6,,0.21843988,0.0050799972
1983-06-03,-3.5,-4.9,-0.6,,0.1854199,0.0
1983-06-04,-1.7,-5.0,6.2,,0.14985992,0.0
1983-06-05,1.0,-6.6,13.3,,0.12699993,0.0
1983-06-06,5.6,-4.4,22.3,,0.09143995,0.0025399986
1983-06-07,5.2,-1.0,15.6,,0.050799973,0.0
1983-06-08,2.6,-1.4,9.9,,0.017779991,0.0
1983-06-09,3.7,-0.4,14.3,,0.0050799972,0.0
1983-06-10,2.6,-1.1,11.7,,0.0,0.0
1983-06-11,2.2,-2.4,13.4,,0.0,0.0025399986
1983-06-12,3.8,-3.8,14.2,,0.0,0.0025399986
1983-06-13,3.8,-3.8,14.2,,0.0,0.0025399986
1983-06-14,,,,,0.0,0.0
1983-06-15,,,,,0.0,0.0
1983-06-16,,,,,0.0,0.0025399986
1983-06-17,,,,,0.0,0.0101599945
1983-06-18,,,,,0.0,0.0025399986
1983-06-19,,,,,0.0,0.0025399986
1983-06-20,,,,,0.0,0.0025399986
1983-06-21,,,,,0.0,0.0
1983-06-22,7.0,1.0,20.8,,0.0,0.0
1983-06-23,9.1,1.5,20.4,,0.0,0.0
1983-06-24,11.7,4.2,22.7,,0.0,0.0
1983-06-25,11.7,4.2,22.7,,0.0,0.0
1983-06-26,11.3,5.8,23.5,,0.0,0.0
1983-06-27,9.3,4.9,15.6,,0.0,0.007619996
1983-06-28,9.3,4.9,15.6,,0.0,0.007619996
1983-06-29,12.9,6.0,23.1,,0.0,0.015239992
1983-06-30,9.7,3.6,22.0,,0.0,0.0
1983-07-01,9.7,3.6,22.0,,0.0,0.012699993
1983-07-02,7.6,3.2,18.8,,0.0,0.007619996
1983-07-03,7.6,3.2,18.8,,0.0,0.0
1983-07-04,10.0,2.2,22.3,,0.0,0.007619996
1983-07-05,10.0,2.2,22.3,,0.0,0.0050799972
1983-07-06,13.6,5.9,25.3,,0.0,0.0
1983-07-07,13.6,5.9,25.3,,0.0,0.0
1983-07-08,13.8,8.3,25.5,,0.0,0.0025399986
1983-07-09,14.7,7.7,26.6,,0.0,0.030479984
1983-07-10,13.9,8.4,21.9,,0.0,0.017779991
1983-07-11,8.0,5.6,13.3,,0.0,0.0050799972
1983-07-12,8.9,4.9,17.4,,0.0,0.0
1983-07-13,9.5,5.4,22.3,,0.0,0.0
1983-07-14,12.6,6.4,22.1,,0.0,0.0
1983-07-15,11.9,7.7,19.2,,0.0,0.0
1983-07-16,11.0,6.2,20.2,,0.0,0.0025399986
1983-07-17,11.0,6.2,20.2,,0.0,0.0
1983-07-18,11.1,6.4,20.6,,0.0,0.0
1983-07-19,15.0,6.5,26.5,,0.0,0.0050799972
1983-07-20,7.2,4.5,12.7,,0.0,0.0101599945
1983-07-21,8.7,4.3,14.2,,0.0,0.0025399986
1983-07-22,2.2,0.5,4.0,,0.0,0.0
1983-07-23,9.7,4.7,20.1,,0.0,0.0
1983-07-24,10.6,5.5,20.3,,0.0,0.0025399986
1983-07-25,11.3,7.1,20.6,,0.0,0.0
1983-07-26,14.2,9.9,22.9,,0.0,0.0025399986
1983-07-27,14.0,8.3,24.0,,0.0,0.0
1983-07-28,8.0,3.1,13.7,,0.0,0.0
1983-07-29,2.3,-0.9,8.7,,0.0,0.0
1983-07-30,8.6,0.4,17.5,,0.0,0.0025399986
1983-07-31,14.8,9.8,22.9,,0.0,0.0025399986
1983-08-01,17.6,10.5,26.0,,0.0,0.0
1983-08-02,13.5,7.2,23.6,,0.0,0.0050799972
1983-08-03,13.9,8.7,25.6,,0.0,0.0025399986
1983-08-04,14.8,7.5,26.4,,0.0,0.0050799972
1983-08-05,15.9,7.5,28.5,,0.0,0.0
1983-08-06,16.4,9.6,27.1,,0.0,0.0
1983-08-07,17.5,12.3,25.3,,0.0,0.0
1983-08-08,15.8,4.0,25.3,,0.0,0.0
1983-08-09,13.2,4.2,23.8,,0.0,0.0
1983-08-10,13.2,4.2,23.8,,0.0,0.015239992
1983-08-11,15.6,7.8,26.2,,0.0,0.0
1983-08-12,16.7,10.9,27.8,,0.0,0.0
1983-08-13,16.8,9.3,29.1,,0.0,0.0025399986
1983-08-14,11.4,5.4,22.7,,0.0,0.0
1983-08-15,11.4,6.2,18.5,,0.0,0.0
1983-08-16,13.5,5.3,23.8,,0.0,0.0
1983-08-17,15.8,8.6,24.8,,0.0,0.0
1983-08-18,18.6,10.7,28.3,,0.0,0.0
1983-08-19,17.3,11.9,28.3,,0.0,0.0
1983-08-20,12.3,6.3,22.8,,0.0,0.0
1983-08-21,10.3,4.6,19.8,,0.0,0.0
1983-08-22,11.3,3.0,23.2,,0.0,0.0025399986
1983-08-23,14.5,4.2,25.2,,0.0,0.0025399986
1983-08-24,14.8,9.2,21.6,,0.0,0.0025399986
1983-08-25,8.3,3.6,14.6,,0.0,0.0025399986
1983-08-26,7.5,2.8,14.6,,0.0,0.0
1983-08-27,17.8,12.5,28.0,,0.0,0.0025399986
1983-08-28,11.3,4.7,17.5,,0.0,0.0
1983-08-29,12.3,4.7,23.8,,0.0,0.0
1983-08-30,14.9,10.8,22.8,,0.0,0.0025399986
1983-08-31,15.5,9.2,24.0,,0.0,0.0
1983-09-01,3.3,-1.8,9.4,,0.0,0.0
1983-09-02,-0.6,-3.7,4.2,,0.0,0.0
1983-09-03,0.0,-2.5,7.7,,0.0,0.0
1983-09-04,-4.0,-6.5,-2.3,,0.0,0.0
1983-09-05,-4.5,-6.6,-1.1,,0.0,0.0
1983-09-06,2.1,-35.5,18.0,,0.0,0.0025399986
1983-09-07,2.0,-1.4,6.2,,0.0,0.0
1983-09-08,2.0,-1.4,6.2,,0.0,0.0050799972
1983-09-09,7.5,-1.7,21.0,,0.0,0.0
1983-09-10,9.6,2.7,22.3,,0.0,0.017779991
1983-09-11,9.6,2.7,22.3,,0.0,0.0050799972
1983-09-12,7.6,3.6,14.5,,0.0,0.0
1983-09-13,8.7,0.5,20.0,,0.0,0.0025399986
1983-09-14,10.2,3.4,20.9,,0.0025399986,0.0
1983-09-15,11.7,5.5,22.9,,0.0025399986,0.0025399986
1983-09-16,11.7,5.5,22.9,,0.0025399986,0.0025399986
1983-09-17,10.2,6.3,19.0,,0.0025399986,0.007619996
1983-09-18,5.9,0.4,13.5,,0.0101599945,0.0050799972
1983-09-19,-0.6,-2.2,0.5,,0.015239992,0.0
1983-09-20,-1.0,-4.5,2.8,,0.015239992,0.012699993
1983-09-21,-3.1,-7.0,8.4,,0.012699993,0.0025399986
1983-09-22,-0.9,-4.2,4.7,,0.0101599945,0.0025399986
1983-09-23,1.0,0.0,3.0,,0.0101599945,0.0
1983-09-24,-2.0,-4.7,0.8,,0.0101599945,0.0
1983-09-25,-0.9,-4.7,9.3,,0.0101599945,0.0
1983-09-26,-1.6,-5.2,2.9,,0.0101599945,0.0
1983-09-27,-3.7,-6.3,1.3,,0.0101599945,0.0
1983-09-28,-1.4,-7.5,10.3,,0.0101599945,0.0
1983-09-29,,,,,0.0101599945,0.0
1983-09-30,-3.2,-4.8,0.6,,0.0101599945,0.0025399986
1983-10-01,0.9,-5.0,10.7,,0.012699993,0.0
1983-10-02,0.0,-2.1,3.5,,0.012699993,0.0025399986
1983-10-03,0.6,-1.2,5.4,,0.012699993,0.007619996
1983-10-04,3.4,0.0,10.3,,0.007619996,0.007619996
1983-10-05,4.5,-2.5,14.6,,0.0,0.0
1983-10-06,3.4,-3.0,7.9,,0.0,0.0
1983-10-07,0.9,-4.7,10.4,,0.0,0.0
1983-10-08,6.0,-1.4,15.1,,0.0,0.0101599945
1983-10-09,3.1,0.7,4.9,,0.0,0.0050799972
1983-10-10,0.0,-2.6,2.9,,0.0,0.0050799972
1983-10-11,0.2,-3.0,8.0,,0.0,0.0
1983-10-12,4.0,-2.7,16.5,,0.0,0.0025399986
1983-10-13,4.1,1.1,14.2,,0.0,0.0
1983-10-14,0.7,-1.2,2.0,,0.0,0.0
1983-10-15,-0.8,-4.1,4.9,,0.0,0.0
1983-10-16,-0.3,-5.5,8.0,,0.0,0.0025399986
1983-10-17,1.0,-2.7,7.3,,0.0,0.0050799972
1983-10-18,,,,,0.0,0.0
1983-10-19,2.3,-5.3,9.0,,0.0,0.0
1983-10-20,3.9,1.0,8.4,,0.0,0.0
1983-10-21,6.1,0.4,11.9,,0.0,0.0050799972
1983-10-22,5.0,0.6,11.5,,0.0,0.0
1983-10-23,0.0,0.0,4.9,,0.0,0.0
1983-10-24,0.1,-7.0,7.5,,0.0,0.0
1983-10-25,6.9,2.4,14.3,,0.0,0.0025399986
1983-10-26,9.3,4.5,17.3,,0.0,0.0
1983-10-27,7.8,2.4,12.5,,0.0,0.0
1983-10-28,6.1,2.8,11.5,,0.0,0.0
1983-10-29,6.8,3.4,13.3,,0.0,0.0
1983-10-30,7.0,3.9,14.8,,0.0,0.0
1983-10-31,5.8,3.5,11.4,,0.0,0.0
1983-11-01,2.7,0.7,5.6,,0.0,0.0
1983-11-02,1.6,-0.4,5.2,,0.0,0.0025399986
1983-11-03,4.4,0.0,8.8,,0.0,0.007619996
1983-11-04,0.9,-3.1,7.0,,0.0025399986,0.0
1983-11-05,-1.1,-4.8,6.4,,0.0025399986,0.007619996
1983-11-06,-0.4,-5.5,2.6,,0.0050799972,0.0
1983-11-07,-5.7,-8.8,-0.5,,0.0050799972,0.020319989
1983-11-08,-6.7,-10.5,2.7,,0.007619996,0.0
1983-11-09,-5.1,-10.3,1.0,,0.007619996,0.007619996
1983-11-10,-2.2,-4.9,0.8,,0.0101599945,0.020319989
1983-11-11,-0.6,-3.4,4.7,,0.025399987,0.0025399986
1983-11-12,-2.4,-7.2,4.9,,0.025399987,0.0
1983-11-13,-3.7,-5.2,-1.2,,0.025399987,0.0
1983-11-14,-5.3,-6.2,-3.5,,0.025399987,0.0050799972
1983-11-15,-1.8,-5.6,0.2,,0.030479984,0.0025399986
1983-11-16,-1.0,-3.0,2.3,,0.033019982,0.0101599945
1983-11-17,-3.4,-5.5,-1.3,,0.043179978,0.007619996
1983-11-18,-4.6,-5.9,-0.1,,0.050799973,0.0101599945
1983-11-19,-6.1,-7.6,-1.9,,0.06095997,0.0025399986
1983-11-20,-6.5,-12.3,2.0,,0.063499965,0.0
1983-11-21,-11.5,-16.7,-6.4,,0.063499965,0.0
1983-11-22,-12.4,-17.3,-3.6,,0.063499965,0.0
1983-11-23,-9.3,-11.4,-5.1,,0.063499965,0.007619996
1983-11-24,-4.3,-8.2,-1.5,,0.071119964,0.020319989
1983-11-25,-6.6,-11.5,-1.1,,0.09143995,0.0
1983-11-26,-8.3,-10.5,-5.7,,0.09143995,0.0
1983-11-27,-6.0,-8.4,1.8,,0.09143995,0.0
1983-11-28,-10.6,-14.0,-5.4,,0.09143995,0.0
1983-11-29,-16.9,-21.1,-10.9,,0.09143995,0.0
1983-11-30,-16.0,-21.3,-3.3,,0.09143995,0.0
1983-12-01,-10.9,-15.6,3.5,,0.09143995,0.0
1983-12-02,-9.6,-14.1,-6.7,,0.09143995,0.0101599945
1983-12-03,-10.0,-14.4,-5.4,,0.09905995,0.0
1983-12-04,-14.0,-16.1,-5.6,,0.09905995,0.0
1983-12-05,-13.2,-16.5,-8.9,,0.09905995,0.0025399986
1983-12-06,-11.2,-13.7,-6.8,,0.10159995,0.0050799972
1983-12-07,-10.2,-14.0,-4.5,,0.10413995,0.022859987
1983-12-08,-7.4,-14.0,-5.7,,0.12699993,0.020319989
1983-12-09,-3.9,-6.8,-1.0,,0.14731993,0.015239992
1983-12-10,-3.4,-6.0,-1.3,,0.16255991,0.007619996
1983-12-11,-3.7,-5.2,3.5,,0.1701799,0.007619996
1983-12-12,-7.6,-10.1,-4.0,,0.1752599,0.0
1983-12-13,-6.1,-9.2,-0.9,,0.1752599,0.0025399986
1983-12-14,-7.4,-9.7,-1.8,,0.17779991,0.0
1983-12-15,-9.6,-12.0,-5.4,,0.17779991,0.0
1983-12-16,-19.7,-27.9,-11.5,,0.17779991,0.0025399986
1983-12-17,-23.5,-28.9,-8.7,,0.17779991,0.0
1983-12-18,-16.6,-23.8,-11.4,,0.17779991,0.0
1983-12-19,-21.8,-31.6,-15.0,,0.17779991,0.0025399986
1983-12-20,-31.0,-35.1,-20.7,,0.17779991,0.0
1983-12-21,-30.3,-36.5,-19.7,,0.17779991,0.0
1983-12-22,-31.4,-34.3,-22.1,,0.17779991,0.0
1983-12-23,,,,,0.17779991,0.0
1983-12-24,-27.4,-38.7,-15.9,,0.17779991,0.0
1983-12-25,-12.9,-20.6,-3.2,,0.17779991,0.0050799972
1983-12-26,-11.7,-15.2,-7.7,,0.1828799,0.0025399986
1983-12-27,-18.4,-26.3,-13.2,,0.1854199,0.0
1983-12-28,,,,,0.1854199,0.0
1983-12-29,-10.0,-18.8,-3.3,,0.1854199,0.015239992
1983-12-30,-3.2,-5.4,-1.4,,0.1955799,0.007619996
1983-12-31,-5.4,-6.5,-3.1,,0.2031999,0.0025399986
1984-01-01,-5.5,-7.6,-1.8,,0.20573989,0.0050799972
1984-01-02,-1.1,-3.1,2.4,,0.20573989,0.007619996
1984-01-03,-0.4,-2.0,1.4,,0.21335988,0.015239992
1984-01-04,3.1,0.6,5.5,,0.21843988,0.0050799972
1984-01-05,-0.1,-2.5,2.9,,0.22351988,0.012699993
1984-01-06,0.7,-0.5,1.6,,0.22859988,0.0050799972
1984-01-07,1.8,-1.4,11.2,,0.23367988,0.0
1984-01-08,-4.0,-6.7,-0.5,,0.23367988,0.0
1984-01-09,-5.2,-8.4,0.2,,0.23367988,0.0
1984-01-10,-2.6,-6.0,2.2,,0.23367988,0.0
1984-01-11,-6.2,-8.1,-2.7,,0.23367988,0.0
1984-01-12,-9.5,-13.5,-5.0,,0.23367988,0.0
1984-01-13,-17.0,-25.4,-11.6,,0.23367988,0.0
1984-01-14,-20.8,-26.0,-10.8,,0.23367988,0.0
1984-01-15,-15.4,-22.5,-10.1,,0.23367988,0.0
1984-01-16,-18.9,-26.8,-13.9,,0.23367988,0.0025399986
1984-01-17,-24.1,-31.0,-11.7,,0.23367988,0.0
1984-01-18,-19.5,-23.1,-14.1,,0.23367988,0.0
1984-01-19,-17.6,-21.6,-6.9,,0.23367988,0.0
1984-01-20,-11.8,-16.8,-8.1,,0.23367988,0.0025399986
1984-01-21,-8.6,-10.2,-4.7,,0.23367988,0.0050799972
1984-01-22,-6.8,-8.8,-4.7,,0.23367988,0.007619996
1984-01-23,-6.6,-8.6,-4.4,,0.23875988,0.0101599945
1984-01-24,-1.9,-4.2,-0.8,,0.24891986,0.025399987
1984-01-25,-3.4,-7.0,-0.8,,0.27431986,0.017779991
1984-01-26,-6.6,-7.1,-4.5,,0.29209983,0.012699993
1984-01-27,-3.6,-5.7,-2.6,,0.29971984,0.0050799972
1984-01-28,-1.9,-3.2,2.4,,0.30479982,0.0
1984-01-29,-4.7,-7.6,-0.6,,0.30479982,0.0
1984-01-30,-0.1,-4.5,7.8,,0.30479982,0.0050799972
1984-01-31,3.7,0.0,12.7,,0.30733985,0.0
1984-02-01,-5.1,-8.1,1.3,,0.30733985,0.0
1984-02-02,-5.8,-8.4,-1.1,,0.30733985,0.0
1984-02-03,-2.5,-6.3,6.2,,0.30733985,0.0
1984-02-04,0.0,-4.8,12.8,,0.30733985,0.0
1984-02-05,4.3,-4.0,14.8,,0.30733985,0.0
1984-02-06,-0.9,-3.9,4.3,,0.30733985,0.0
1984-02-07,-2.1,-5.7,9.8,,0.30733985,0.0
1984-02-08,-0.1,-6.3,9.7,,0.30733985,0.0025399986
1984-02-09,,,,,0.30987984,0.0025399986
1984-02-10,-6.7,-8.5,-2.8,,0.30987984,0.0025399986
1984-02-11,-6.7,-8.4,-2.6,,0.31241983,0.0
1984-02-12,-3.1,-6.5,4.7,,0.31241983,0.0050799972
1984-02-13,-1.8,-4.3,-0.2,,0.31749982,0.0050799972
1984-02-14,-7.1,-10.7,0.1,,0.32257983,0.0025399986
1984-02-15,-8.5,-13.2,-3.5,,0.32511982,0.0025399986
1984-02-16,-5.6,-8.8,3.8,,0.32765982,0.0
1984-02-17,-8.8,-12.7,-2.3,,0.32765982,0.0
1984-02-18,-7.5,-13.7,1.4,,0.32765982,0.0
1984-02-19,-4.2,-9.3,2.4,,0.32765982,0.0050799972
1984-02-20,-0.7,-3.4,5.9,,0.33273983,0.0025399986
1984-02-21,-2.7,-6.9,0.7,,0.33527982,0.0050799972
1984-02-22,-8.5,-11.4,-2.4,,0.3378198,0.0
1984-02-23,-9.2,-11.2,-5.3,,0.3378198,0.0050799972
1984-02-24,-6.9,-10.8,0.2,,0.34289983,0.0050799972
1984-02-25,-6.9,-10.7,1.2,,0.34289983,0.0
1984-02-26,-8.3,-12.0,1.1,,0.34289983,0.0
1984-02-27,-3.7,-11.6,7.0,,0.34289983,0.007619996
1984-02-28,0.1,-4.7,11.2,,0.3505198,0.0
1984-02-29,-3.1,-5.2,0.1,,0.3505198,0.0025399986
1984-03-01,-2.7,-4.6,2.2,,0.3505198,0.0025399986
1984-03-02,-4.0,-8.2,4.2,,0.3530598,0.0
1984-03-03,-7.2,-11.4,4.2,,0.3530598,0.0101599945
1984-03-04,-8.8,-12.8,1.0,,0.3581398,0.0050799972
1984-03-05,-7.6,-10.8,-2.4,,0.3632198,0.0050799972
1984-03-06,,,,,0.3682998,0.0
1984-03-07,-2.0,-7.9,9.3,,0.3682998,0.0025399986
1984-03-08,0.7,-5.3,8.0,,0.3708398,0.0050799972
1984-03-09,-2.0,-8.6,8.7,,0.3708398,0.0025399986
1984-03-10,-0.9,-4.1,3.5,,0.3733798,0.007619996
1984-03-11,-2.7,-5.1,2.8,,0.3809998,0.0050799972
1984-03-12,-4.4,-5.5,-2.1,,0.3860798,0.020319989
1984-03-13,-2.3,-5.7,3.3,,0.4063998,0.020319989
1984-03-14,-2.8,-6.3,4.2,,0.42671975,0.025399987
1984-03-15,-1.6,-6.5,8.7,,0.44703975,0.0025399986
1984-03-16,-2.0,-6.1,6.9,,0.44957975,0.0025399986
1984-03-17,-3.2,-6.6,5.2,,0.45211977,0.0
1984-03-18,-4.7,-6.7,-1.3,,0.45211977,0.0025399986
1984-03-19,-1.7,-4.5,2.5,,0.45211977,0.0050799972
1984-03-20,1.5,-2.8,6.9,,0.45719975,0.0050799972
1984-03-21,-2.5,-6.1,1.3,,0.46227974,0.0
1984-03-22,-2.1,-5.9,8.7,,0.46227974,0.0
1984-03-23,-0.6,-6.0,7.4,,0.46227974,0.0
1984-03-24,-3.7,-9.3,5.1,,0.46227974,0.0
1984-03-25,-4.8,-11.2,4.5,,0.46227974,0.012699993
1984-03-26,-4.9,-9.5,5.7,,0.47497976,0.0
1984-03-27,-5.1,-10.3,6.5,,0.47497976,0.007619996
1984-03-28,-4.4,-9.6,2.7,,0.48005974,0.0101599945
1984-03-29,-3.6,-7.4,3.5,,0.48513973,0.0050799972
1984-03-30,-4.5,-9.7,6.9,,0.49021974,0.0025399986
1984-03-31,-5.2,-11.0,7.0,,0.49275973,0.0025399986
1984-04-01,-6.4,-11.6,4.2,,0.49529973,0.0025399986
1984-04-02,-3.3,-12.0,10.1,,0.49783972,0.007619996
1984-04-03,,,,,0.49783972,0.0
1984-04-04,3.3,-3.4,17.5,,0.49783972,0.0
1984-04-05,3.6,-0.8,14.3,,0.49783972,0.0
1984-04-06,-1.3,-7.6,8.7,,0.49783972,0.0
1984-04-07,-1.1,-7.9,8.6,,0.49783972,0.007619996
1984-04-08,0.1,-4.6,11.2,,0.49783972,0.0
1984-04-09,-2.1,-6.7,7.3,,0.49783972,0.0050799972
1984-04-10,-2.9,-7.9,8.6,,0.50291973,0.0050799972
1984-04-11,-4.5,-9.1,5.6,,0.5079997,0.0025399986
1984-04-12,-4.1,-9.6,4.1,,0.5105397,0.007619996
1984-04-13,-0.5,-7.0,9.7,,0.5156197,0.0025399986
1984-04-14,6.4,-2.4,21.0,,0.51815975,0.0050799972
1984-04-15,11.2,2.5,24.6,,0.5105397,0.0
1984-04-16,13.0,5.2,26.7,,0.49275973,0.0
1984-04-17,7.5,1.1,14.1,,0.47751975,0.007619996
1984-04-18,1.2,-0.4,4.9,,0.47243974,0.0050799972
1984-04-19,0.6,-0.8,6.5,,0.47243974,0.017779991
1984-04-20,0.3,-2.8,7.5,,0.47497976,0.0025399986
1984-04-21,0.9,-5.3,10.1,,0.47751975,0.0050799972
1984-04-22,3.4,-2.1,13.2,,0.48005974,0.007619996
1984-04-23,-3.3,-7.1,1.5,,0.48005974,0.0
1984-04-24,-2.8,-7.7,7.3,,0.48005974,0.0
1984-04-25,-6.7,-9.5,0.9,,0.48005974,0.022859987
1984-04-26,-9.3,-10.5,-7.1,,0.50291973,0.027939985
1984-04-27,,,,,0.5308597,0.0
1984-04-28,-4.4,-12.6,7.4,,0.5308597,0.0
1984-04-29,-3.4,-9.8,9.2,,0.5308597,0.0
1984-04-30,-1.0,-9.7,11.3,,0.5308597,0.007619996
1984-05-01,0.1,-3.7,11.0,,0.5384797,0.012699993
1984-05-02,,,,,0.5511797,0.0025399986
1984-05-03,-2.8,-5.8,4.8,,0.5537197,0.007619996
1984-05-04,-1.3,-6.0,8.5,,0.5562597,0.0025399986
1984-05-05,-2.8,-6.6,3.6,,0.5587997,0.0
1984-05-06,-2.4,-6.8,8.4,,0.5587997,0.0025399986
1984-05-07,1.5,-6.1,10.9,,0.5587997,0.0050799972
1984-05-08,6.3,-0.6,16.7,,0.5613397,0.0101599945
1984-05-09,1.3,-3.2,6.7,,0.5689597,0.0
1984-05-10,-0.6,-4.5,5.7,,0.5537197,0.0101599945
1984-05-11,1.9,-1.8,7.9,,0.5486397,0.007619996
1984-05-12,,,,,0.5460997,0.0025399986
1984-05-13,10.2,0.3,21.5,,0.5359397,0.0025399986
1984-05-14,8.9,3.9,21.1,,0.52069974,0.007619996
1984-05-15,5.3,0.3,13.6,,0.50037974,0.007619996
1984-05-16,-0.9,-4.1,5.6,,0.48767975,0.0050799972
1984-05-17,3.1,-4.0,12.4,,0.47751975,0.0050799972
1984-05-18,5.6,1.6,14.2,,0.45719975,0.0025399986
1984-05-19,7.2,2.6,16.8,,0.43179977,0.0050799972
1984-05-20,2.0,-2.4,9.1,,0.4063998,0.0
1984-05-21,-1.0,-4.0,6.1,,0.38861978,0.0
1984-05-22,3.3,-4.6,13.5,,0.37845978,0.012699993
1984-05-23,1.9,-3.1,8.0,,0.3632198,0.0
1984-05-24,0.0,-4.1,8.7,,0.35559982,0.0
1984-05-25,0.8,-5.1,9.8,,0.3505198,0.007619996
1984-05-26,1.3,-1.5,9.7,,0.3378198,0.007619996
1984-05-27,3.3,-1.6,12.4,,0.3301998,0.0
1984-05-28,8.5,-0.6,18.7,,0.32003984,0.0050799972
1984-05-29,,,,,0.29717985,0.0025399986
1984-05-30,11.6,3.0,23.1,,0.24637987,0.0025399986
1984-05-31,1.1,-4.7,9.7,,0.1955799,0.0
1984-06-01,1.1,-4.7,9.7,,0.16001992,0.0
1984-06-02,4.8,-0.9,14.4,,0.15747991,0.0
1984-06-03,7.1,0.2,16.1,,0.13461992,0.0025399986
1984-06-04,4.0,1.2,9.8,,0.11175994,0.0101599945
1984-06-05,3.2,0.1,11.0,,0.09905995,0.0
1984-06-06,3.5,-0.1,12.6,,0.068579964,0.0025399986
1984-06-07,3.4,-1.5,11.2,,0.048259974,0.0
1984-06-08,1.2,-1.3,7.0,,0.025399987,0.0025399986
1984-06-09,2.5,-2.0,10.8,,0.0101599945,0.0
1984-06-10,2.6,0.3,7.5,,0.0025399986,0.007619996
1984-06-11,2.8,-0.2,7.9,,0.0025399986,0.0101599945
1984-06-12,5.9,1.0,15.2,,0.0,0.0025399986
1984-06-13,6.8,3.4,13.3,,0.0,0.0025399986
1984-06-14,9.2,2.7,16.8,,0.0,0.0025399986
1984-06-15,12.3,6.2,21.3,,0.0,0.0
1984-06-16,10.3,4.5,17.3,,0.0,0.0
1984-06-17,8.2,0.2,17.5,,0.0,0.0
1984-06-18,11.0,5.5,19.6,,0.0,0.0
1984-06-19,11.4,6.5,20.7,,0.0,0.0
1984-06-20,7.8,4.0,17.6,,0.0,0.025399987
1984-06-21,4.2,0.7,9.7,,0.0,0.022859987
1984-06-22,3.3,0.2,10.4,,0.0,0.0
1984-06-23,10.1,0.9,19.9,,0.0,0.0025399986
1984-06-24,14.8,8.0,23.2,,0.0,0.0
1984-06-25,14.9,10.4,21.4,,0.0,0.0
1984-06-26,15.3,7.1,24.6,,0.0,0.0
1984-06-27,12.5,7.5,21.6,,0.0,0.0
1984-06-28,18.7,10.3,28.9,,0.0,0.0
1984-06-29,14.0,1.7,26.2,,0.0,0.0
1984-06-30,5.8,0.6,14.6,,0.0,0.0
1984-07-01,,,,,0.0,0.0
1984-07-02,11.3,6.6,19.6,,0.0,0.0
1984-07-03,11.5,3.6,21.1,,0.0,0.0
1984-07-04,12.8,8.3,20.2,,0.0,0.0
1984-07-05,16.1,8.7,25.0,,0.0,0.0
1984-07-06,15.4,7.5,21.3,,0.0,0.0
1984-07-07,10.7,5.6,18.3,,0.0,0.0
1984-07-08,10.2,4.0,18.6,,0.0,0.0
1984-07-09,11.0,5.8,20.9,,0.0,0.0
1984-07-10,13.4,7.0,22.6,,0.0,0.0
1984-07-11,17.6,11.1,26.9,,0.0,0.0
1984-07-12,16.8,9.8,24.0,,0.0,0.0
1984-07-13,13.0,7.7,22.2,,0.0,0.0
1984-07-14,13.5,7.5,22.6,,0.0,0.0
1984-07-15,16.2,10.0,26.1,,0.0,0.0
1984-07-16,17.5,10.2,27.5,,0.0,0.0
1984-07-17,18.1,11.4,26.9,,0.0,0.0
1984-07-18,16.2,12.4,23.9,,0.0,0.0
1984-07-19,16.5,10.0,25.8,,0.0,0.0
1984-07-20,14.3,8.0,22.3,,0.0,0.0
1984-07-21,11.7,4.7,19.1,,0.0,0.0
1984-07-22,8.3,2.7,19.6,,0.0,0.0
1984-07-23,9.2,6.0,13.1,,0.0,0.0
1984-07-24,16.0,6.4,28.9,,0.0,0.007619996
1984-07-25,17.9,9.4,29.2,,0.0,0.0
1984-07-26,20.2,13.5,31.4,,0.0,0.0
1984-07-27,14.9,12.0,19.5,,0.0,0.0
1984-07-28,14.1,11.3,23.8,,0.0,0.0
1984-07-29,13.4,8.3,21.9,,0.0,0.0
1984-07-30,12.2,7.9,22.4,,0.0,0.0
1984-07-31,13.3,6.6,24.0,,0.0,0.0
1984-08-01,13.9,8.8,23.9,,0.0,0.0025399986
1984-08-02,15.9,10.3,25.7,,0.0,0.0
1984-08-03,16.1,9.8,26.1,,0.0,0.0
1984-08-04,14.8,9.7,25.2,,0.0,0.0
1984-08-05,16.5,10.1,26.8,,0.0,0.0
1984-08-06,14.5,8.4,23.0,,0.0,0.0
1984-08-07,13.0,6.9,22.6,,0.0,0.0
1984-08-08,16.6,8.7,26.7,,0.0,0.0
1984-08-09,18.8,10.9,30.5,,0.0,0.0025399986
1984-08-10,20.3,15.0,30.7,,0.0,0.0
1984-08-11,13.6,8.0,19.1,,0.0,0.0
1984-08-12,15.9,9.7,28.8,,0.0,0.0025399986
1984-08-13,15.3,10.1,22.2,,0.0,0.0
1984-08-14,15.9,8.4,26.9,,0.0,0.0
1984-08-15,18.6,11.7,28.5,,0.0,0.0
1984-08-16,12.6,8.8,17.7,,0.0,0.0050799972
1984-08-17,15.9,8.4,26.5,,0.0,0.0
1984-08-18,16.2,10.9,25.2,,0.0,0.0
1984-08-19,12.6,6.0,21.9,,0.0,0.0
1984-08-20,10.4,3.2,20.3,,0.0,0.0
1984-08-21,12.3,1.7,27.2,,0.0,0.0
1984-08-22,17.4,8.2,28.5,,0.0,0.0050799972
1984-08-23,15.1,7.8,27.7,,0.0,0.0
1984-08-24,12.1,8.2,23.3,,0.0,0.0
1984-08-25,14.6,8.4,21.4,,0.0,0.0025399986
1984-08-26,15.0,9.5,23.4,,0.0,0.0
1984-08-27,14.5,8.2,22.2,,0.0,0.0
1984-08-28,8.3,5.1,12.6,,0.0,0.0
1984-08-29,9.9,3.2,18.5,,0.0,0.0
1984-08-30,11.0,5.8,22.3,,0.0,0.017779991
1984-08-31,6.1,3.5,8.4,,0.0,0.030479984
1984-09-01,,,,,0.0,0.0
1984-09-02,7.7,1.7,17.6,,0.0,0.0
1984-09-03,10.3,3.9,20.9,,0.0,0.0050799972
1984-09-04,14.9,8.0,25.9,,0.0,0.0025399986
1984-09-05,15.9,12.1,21.9,,0.0,0.0050799972
1984-09-06,0.9,-2.0,12.2,,0.0,0.0101599945
1984-09-07,,,,,0.0,0.0
1984-09-08,4.9,1.0,10.2,,0.0,0.0
1984-09-09,5.8,1.4,10.5,,0.0,0.0050799972
1984-09-10,5.4,1.2,15.7,,0.0,0.0
1984-09-11,6.6,2.1,14.4,,0.0,0.0
1984-09-12,2.0,-1.8,8.9,,0.0,0.0
1984-09-13,3.0,-2.5,12.6,,0.0,0.0
1984-09-14,4.8,-2.7,18.7,,0.0,0.0
1984-09-15,8.7,-0.3,22.0,,0.0,0.0050799972
1984-09-16,10.7,5.7,18.6,,0.0,0.0025399986
1984-09-17,14.5,10.2,23.2,,0.0,0.0
1984-09-18,16.1,11.4,25.1,,0.0,0.0
1984-09-19,13.2,9.4,20.3,,0.0,0.0
1984-09-20,6.8,2.6,9.4,,0.0,0.020319989
1984-09-21,-0.9,-2.9,2.6,,0.0,0.007619996
1984-09-22,-4.2,-7.0,-1.9,,0.0,0.0
1984-09-23,-7.1,-10.0,-0.9,,0.0,0.0
1984-09-24,-6.3,-11.4,4.3,,0.0,0.0025399986
1984-09-25,-2.7,-6.6,4.1,,0.0,0.007619996
1984-09-26,-5.0,-7.9,-0.5,,0.0,0.0
1984-09-27,-5.2,-10.1,7.8,,0.0,0.0
1984-09-28,-2.1,-11.4,11.9,,0.0,0.0
1984-09-29,3.5,-4.4,17.1,,0.0,0.007619996
1984-09-30,8.9,1.7,19.2,,0.0,0.0
1984-10-01,10.0,4.2,20.9,,0.0,0.0
1984-10-02,8.8,3.5,20.7,,0.0,0.0
1984-10-03,9.8,4.4,19.9,,0.0,0.0
1984-10-04,10.3,5.1,18.7,,0.0,0.0
1984-10-05,8.2,2.1,15.0,,0.0,0.0
1984-10-06,6.5,1.6,13.8,,0.0,0.0
1984-10-07,9.2,5.1,16.8,,0.0,0.0
1984-10-08,12.1,6.6,20.7,,0.0,0.0
1984-10-09,14.9,9.8,20.0,,0.0,0.0
1984-10-10,13.0,6.6,19.4,,0.0,0.0
1984-10-11,11.7,8.3,15.0,,0.0,0.0
1984-10-12,-0.2,-2.9,5.7,,0.0,0.007619996
1984-10-13,-2.7,-5.7,1.0,,0.007619996,0.015239992
1984-10-14,-5.7,-7.6,-1.8,,0.0025399986,0.0025399986
1984-10-15,-5.4,-8.4,-0.5,,0.0025399986,0.0
1984-10-16,-6.2,-9.1,3.1,,0.0025399986,0.0
1984-10-17,-6.4,-13.1,4.8,,0.0025399986,0.0050799972
1984-10-18,-8.3,-11.0,-3.2,,0.007619996,0.0
1984-10-19,-9.7,-12.2,-3.0,,0.007619996,0.0
1984-10-20,-10.0,-15.1,0.0,,0.007619996,0.0025399986
1984-10-21,-5.8,-12.9,5.5,,0.007619996,0.007619996
1984-10-22,-6.1,-9.6,4.9,,0.0101599945,0.0
1984-10-23,-4.3,-9.3,1.0,,0.0101599945,0.0050799972
1984-10-24,-3.0,-5.5,3.3,,0.015239992,0.012699993
1984-10-25,-1.3,-3.7,0.2,,0.020319989,0.022859987
1984-10-26,-4.5,-13.5,-0.3,,0.043179978,0.035559982
1984-10-27,-9.5,-15.7,2.5,,0.073659964,0.0025399986
1984-10-28,-7.4,-9.0,-4.5,,0.076199956,0.0101599945
1984-10-29,-9.0,-12.0,-6.7,,0.086359955,0.0025399986
1984-10-30,-7.3,-10.1,-4.4,,0.088899955,0.0101599945
1984-10-31,-12.6,-15.6,-6.7,,0.09905995,0.0050799972
1984-11-01,-6.7,-13.7,-0.6,,0.10159995,0.0101599945
1984-11-02,-1.3,-3.3,0.0,,0.10667994,0.027939985
1984-11-03,-4.3,-6.1,-2.9,,0.13461992,0.025399987
1984-11-04,-3.0,-6.8,5.4,,0.16001992,0.0101599945
1984-11-05,-3.0,-6.8,5.4,,0.16763991,0.0
1984-11-06,-0.7,-4.5,5.0,,0.16763991,0.0025399986
1984-11-07,-5.1,-8.0,-3.3,,0.1701799,0.0
1984-11-08,-6.2,-11.4,2.9,,0.1701799,0.0025399986
1984-11-09,-6.7,-8.5,-4.2,,0.17271991,0.0
1984-11-10,-5.1,-9.5,-2.8,,0.17271991,0.012699993
1984-11-11,-1.2,-3.6,6.0,,0.1828799,0.007619996
1984-11-12,1.1,-2.0,7.3,,0.1904999,0.0
1984-11-13,-0.9,-3.8,2.2,,0.1904999,0.015239992
1984-11-14,-7.8,-10.9,-4.1,,0.2031999,0.0
1984-11-15,-7.4,-11.5,1.8,,0.2031999,0.0
1984-11-16,-3.0,-8.5,6.1,,0.2031999,0.0
1984-11-17,-4.1,-8.9,5.4,,0.2031999,0.0025399986
1984-11-18,-2.3,-5.8,4.9,,0.2031999,0.0025399986
1984-11-19,-3.6,-5.0,2.0,,0.2031999,0.0
1984-11-20,-2.6,-4.6,-0.5,,0.2031999,0.015239992
1984-11-21,-4.1,-7.6,-0.2,,0.21843988,0.0
1984-11-22,-4.7,-10.4,0.4,,0.21843988,0.0
1984-11-23,0.5,-2.4,6.0,,0.21843988,0.0
1984-11-24,-4.2,-9.2,0.7,,0.21843988,0.0
1984-11-25,-9.4,-12.5,-1.3,,0.21843988,0.0
1984-11-26,-10.9,-14.8,-3.5,,0.21843988,0.0
1984-11-27,-9.4,-15.8,-4.2,,0.21843988,0.017779991
1984-11-28,-4.8,-5.6,-3.5,,0.23113987,0.033019982
1984-11-29,-8.3,-10.0,-5.3,,0.26161987,0.007619996
1984-11-30,-8.9,-11.0,-6.7,,0.26923984,0.0050799972
1984-12-01,-11.2,-15.6,-5.3,,0.27431986,0.0
1984-12-02,-14.6,-18.6,-9.4,,0.27431986,0.0
1984-12-03,-15.2,-20.4,0.0,,0.27431986,0.0
1984-12-04,-11.0,-17.0,-5.6,,0.27431986,0.0
1984-12-05,-5.7,-14.0,1.7,,0.27431986,0.0101599945
1984-12-06,0.1,-4.7,6.0,,0.27939984,0.0
1984-12-07,-1.4,-2.9,0.9,,0.27939984,0.0
1984-12-08,-1.4,-3.8,4.1,,0.27939984,0.0101599945
1984-12-09,-2.8,-4.1,-1.3,,0.28701985,0.007619996
1984-12-10,-4.7,-11.2,-1.3,,0.29463986,0.0101599945
1984-12-11,-12.5,-14.8,-6.6,,0.30479982,0.0025399986
1984-12-12,-13.3,-16.6,-8.5,,0.30479982,0.0
1984-12-13,-13.0,-17.6,-2.4,,0.30479982,0.0
1984-12-14,-7.3,-13.3,-3.6,,0.30479982,0.0050799972
1984-12-15,-12.2,-24.3,-4.6,,0.30987984,0.0
1984-12-16,-21.0,-27.5,-13.9,,0.30987984,0.0025399986
1984-12-17,-14.7,-19.8,-13.2,,0.31241983,0.0050799972
1984-12-18,-16.2,-21.9,-11.6,,0.31749982,0.0025399986
1984-12-19,-11.4,-14.6,-7.2,,0.32003984,0.0101599945
1984-12-20,-10.1,-11.7,-5.8,,0.32003984,0.0025399986
1984-12-21,-10.6,-12.1,-8.6,,0.32257983,0.027939985
1984-12-22,-6.8,-8.6,-5.8,,0.3505198,0.076199956
1984-12-23,-12.7,-22.6,-5.8,,0.42671975,0.007619996
1984-12-24,-12.0,-16.4,-7.9,,0.43433976,0.007619996
1984-12-25,-5.8,-8.9,2.4,,0.43941978,0.0025399986
1984-12-26,-6.3,-7.3,-4.2,,0.44195977,0.007619996
1984-12-27,-7.9,-9.6,-6.7,,0.44957975,0.012699993
1984-12-28,-11.7,-14.1,-8.9,,0.45973974,0.015239992
1984-12-29,-10.7,-14.6,-7.5,,0.47497976,0.038099978
1984-12-30,-7.4,-8.8,-6.6,,0.5054597,0.012699993
1984-12-31,-13.0,-17.6,-6.0,,0.51815975,0.0
1985-01-01,-14.3,-20.2,-10.5,,0.51815975,0.007619996
1985-01-02,-8.6,-13.0,2.4,,0.52069974,0.0025399986
1985-01-03,-1.9,-10.6,7.3,,0.52323973,0.0025399986
1985-01-04,0.5,-4.0,9.9,,0.5257797,0.0
1985-01-05,-2.8,-7.3,3.3,,0.5257797,0.0
1985-01-06,-4.8,-9.5,3.1,,0.5257797,0.0
1985-01-07,-7.0,-10.8,4.2,,0.5257797,0.0025399986
1985-01-08,-7.3,-11.7,7.0,,0.5283197,0.0
1985-01-09,-8.7,-12.7,5.1,,0.5283197,0.0
1985-01-10,-9.4,-13.5,0.2,,0.5283197,0.0
1985-01-11,-12.2,-18.0,1.5,,0.5283197,0.0
1985-01-12,-6.0,-13.7,3.3,,0.5283197,0.0050799972
1985-01-13,-2.8,-7.5,6.7,,0.5283197,0.007619996
1985-01-14,-1.8,-6.9,4.4,,0.5283197,0.0025399986
1985-01-15,-7.1,-9.3,-3.2,,0.5308597,0.0
1985-01-16,-5.2,-9.7,1.2,,0.5308597,0.0050799972
1985-01-17,-0.9,-3.2,3.4,,0.5359397,0.0
1985-01-18,-1.1,-3.3,5.6,,0.5359397,0.0
1985-01-19,-9.3,-14.4,-2.8,,0.5359397,0.0
1985-01-20,-8.7,-13.6,-3.6,,0.5359397,0.0
1985-01-21,-10.5,-15.4,5.4,,0.5359397,0.0
1985-01-22,-9.3,-14.3,6.0,,0.5359397,0.0025399986
1985-01-23,-6.4,-12.4,5.0,,0.5384797,0.0025399986
1985-01-24,-1.0,-7.1,14.1,,0.5410197,0.0050799972
1985-01-25,-0.2,-7.0,7.5,,0.5410197,0.0
1985-01-26,-6.5,-12.1,5.2,,0.5410197,0.0
1985-01-27,-8.6,-12.7,-1.4,,0.5410197,0.0
1985-01-28,-12.6,-16.4,-2.5,,0.5410197,0.0
1985-01-29,-22.2,-32.1,-15.4,,0.5410197,0.0
1985-01-30,-23.4,-29.0,-10.8,,0.5410197,0.0
1985-01-31,-24.1,-30.6,-15.8,,0.5410197,0.0
1985-02-01,-22.9,-27.1,-11.7,,0.5410197,0.0
1985-02-02,-22.5,-28.0,-6.4,,0.5410197,0.0
1985-02-03,-24.6,-29.7,-8.6,,0.5410197,0.0
1985-02-04,-20.7,-27.4,-13.6,,0.5410197,0.0
1985-02-05,-15.8,-20.9,-6.2,,0.5410197,0.0025399986
1985-02-06,-16.1,-21.2,-11.6,,0.54355973,0.007619996
1985-02-07,-10.9,-14.8,-6.6,,0.5511797,0.025399987
1985-02-08,-11.6,-18.2,-0.4,,0.5664197,0.0025399986
1985-02-09,-11.4,-13.1,-5.3,,0.5664197,0.012699993
1985-02-10,-11.4,-13.8,-9.8,,0.5664197,0.017779991
1985-02-11,-7.1,-11.7,-1.8,,0.58419967,0.017779991
1985-02-12,-7.0,-11.4,-3.2,,0.5943597,0.0
1985-02-13,-8.2,-13.8,-2.3,,0.5943597,0.0050799972
1985-02-14,1.1,-4.8,10.8,,0.5994397,0.0025399986
1985-02-15,-4.0,-9.7,0.5,,0.6019797,0.0025399986
1985-02-16,-9.4,-12.2,-2.8,,0.60451967,0.0
1985-02-17,-9.2,-13.6,-1.2,,0.60451967,0.0
1985-02-18,-5.3,-11.0,1.4,,0.60451967,0.007619996
1985-02-19,-2.7,-5.5,2.6,,0.61213964,0.0
1985-02-20,-6.1,-10.4,4.2,,0.61213964,0.0
1985-02-21,-8.4,-10.9,-5.6,,0.61213964,0.0025399986
1985-02-22,-5.0,-8.8,4.1,,0.61213964,0.0025399986
1985-02-23,-5.3,-8.8,-1.9,,0.61213964,0.0050799972
1985-02-24,-4.4,-8.2,-0.2,,0.6172197,0.027939985
1985-02-25,-7.7,-11.2,5.3,,0.64515966,0.0101599945
1985-02-26,-8.9,-11.6,-3.3,,0.65531963,0.0101599945
1985-02-27,-6.6,-9.7,-1.6,,0.66547966,0.017779991
1985-02-28,-3.8,-5.8,-1.3,,0.6832596,0.017779991
1985-03-01,-8.0,-11.0,-5.0,,0.7010396,0.007619996
1985-03-02,-11.9,-15.5,-7.7,,0.7086596,0.0
1985-03-03,-12.6,-17.1,1.1,,0.7086596,0.007619996
1985-03-04,-11.1,-18.3,-4.2,,0.7162796,0.007619996
1985-03-05,-9.2,-13.2,-2.1,,0.7188196,0.0
1985-03-06,-7.2,-12.9,4.9,,0.7188196,0.0050799972
1985-03-07,-7.7,-11.1,-1.4,,0.7188196,0.0
1985-03-08,-6.1,-11.1,3.5,,0.7188196,0.0025399986
1985-03-09,-2.3,-7.3,5.8,,0.7213596,0.0
1985-03-10,-4.0,-10.1,2.9,,0.7213596,0.0
1985-03-11,-2.8,-9.1,8.1,,0.7213596,0.0025399986
1985-03-12,-3.2,-8.5,5.6,,0.7213596,0.0025399986
1985-03-13,-1.1,-10.2,10.9,,0.7238996,0.0050799972
1985-03-14,0.8,-5.1,8.9,,0.7289796,0.0
1985-03-15,0.1,-6.2,13.0,,0.7289796,0.0
1985-03-16,3.0,-4.2,14.7,,0.7289796,0.0025399986
1985-03-17,3.5,-0.8,10.5,,0.7289796,0.0
1985-03-18,2.4,-3.9,11.8,,0.7289796,0.0
1985-03-19,1.1,-4.5,10.1,,0.7289796,0.0
1985-03-20,-1.3,-6.2,7.4,,0.7289796,0.0101599945
1985-03-21,-6.8,-10.5,-3.3,,0.7391396,0.0
1985-03-22,-7.5,-10.9,0.2,,0.7391396,0.0025399986
1985-03-23,-3.6,-9.7,4.2,,0.7391396,0.0
1985-03-24,-2.7,-8.5,4.0,,0.7391396,0.0
1985-03-25,-6.8,-13.7,2.9,,0.7391396,0.0
1985-03-26,-6.3,-13.4,4.2,,0.7391396,0.007619996
1985-03-27,-7.7,-11.8,-2.5,,0.7467596,0.0
1985-03-28,-8.9,-14.2,-2.3,,0.7467596,0.0050799972
1985-03-29,-6.7,-14.4,3.6,,0.7467596,0.007619996
1985-03-30,-5.0,-9.1,1.2,,0.7416796,0.015239992
1985-03-31,-1.0,-4.2,5.7,,0.7416796,0.0025399986
1985-04-01,0.9,-2.0,5.6,,0.7442196,0.007619996
1985-04-02,3.5,-0.3,10.8,,0.7518396,0.012699993
1985-04-03,-1.7,-6.6,6.6,,0.7645396,0.017779991
1985-04-04,-5.1,-8.0,-0.4,,0.77469957,0.007619996
1985-04-05,-1.3,-5.0,4.9,,0.7823196,0.0025399986
1985-04-06,-3.0,-9.2,8.6,,0.7823196,0.0
1985-04-07,-1.5,-9.4,11.3,,0.7823196,0.0050799972
1985-04-08,5.3,-4.8,18.5,,0.7873996,0.0050799972
1985-04-09,8.1,1.5,17.7,,0.7823196,0.0
1985-04-10,9.5,4.6,19.4,,0.77723956,0.0
1985-04-11,2.9,0.3,5.5,,0.77469957,0.0025399986
1985-04-12,4.5,-0.2,13.9,,0.7594596,0.0
1985-04-13,7.1,2.4,17.0,,0.75691956,0.0
1985-04-14,9.4,5.3,19.5,,0.7543796,0.0
1985-04-15,2.9,-1.4,11.8,,0.7416796,0.0
1985-04-16,6.9,-1.6,15.8,,0.7365996,0.0025399986
1985-04-17,5.2,0.2,13.5,,0.7238996,0.0
1985-04-18,1.4,-2.3,7.8,,0.7086596,0.012699993
1985-04-19,-4.2,-9.9,-0.3,,0.7086596,0.0025399986
1985-04-20,-9.0,-11.2,-4.4,,0.7086596,0.0025399986
1985-04-21,-6.4,-11.7,3.6,,0.71119964,0.0025399986
1985-04-22,-3.4,-9.2,4.9,,0.71119964,0.0101599945
1985-04-23,-4.3,-8.7,0.2,,0.7162796,0.007619996
1985-04-24,-5.5,-9.5,2.0,,0.7238996,0.0101599945
1985-04-25,-4.3,-10.4,3.6,,0.73405963,0.0025399986
1985-04-26,-2.0,-9.0,6.5,,0.73405963,0.015239992
1985-04-27,5.0,-1.7,14.7,,0.7442196,0.0
1985-04-28,5.0,-1.7,14.7,,0.7442196,0.0
1985-04-29,6.3,0.6,15.5,,0.7391396,0.0
1985-04-30,7.9,0.7,18.2,,0.7289796,0.0025399986
1985-05-01,11.6,4.4,21.6,,0.71119964,0.0050799972
1985-05-02,13.2,7.5,25.2,,0.69087964,0.0
1985-05-03,6.6,-4.6,20.1,,0.66547966,0.012699993
1985-05-04,-3.9,-5.8,2.4,,0.64769965,0.0025399986
1985-05-05,0.0,-6.5,11.1,,0.64769965,0.0025399986
1985-05-06,7.6,-2.1,22.9,,0.64769965,0.0050799972
1985-05-07,9.3,2.6,20.4,,0.62991965,0.0
1985-05-08,5.5,1.1,11.7,,0.5994397,0.0
1985-05-09,2.7,-0.9,11.2,,0.5765797,0.0
1985-05-10,3.9,-1.6,12.9,,0.5714997,0.0
1985-05-11,-2.1,-7.2,4.6,,0.5460997,0.0
1985-05-12,-2.2,-7.6,8.0,,0.5308597,0.0
1985-05-13,3.4,-5.0,13.6,,0.52323973,0.007619996
1985-05-14,7.7,1.7,15.2,,0.51815975,0.0
1985-05-15,5.8,0.9,14.2,,0.48767975,0.0
1985-05-16,6.2,-0.5,16.2,,0.46481976,0.0
1985-05-17,7.6,0.2,20.8,,0.43687975,0.0
1985-05-18,10.5,2.1,21.0,,0.41147977,0.0
1985-05-19,11.7,5.6,19.7,,0.3759198,0.0
1985-05-20,9.9,4.3,21.1,,0.33527982,0.0050799972
1985-05-21,10.6,4.0,22.6,,0.30479982,0.0101599945
1985-05-22,13.5,5.9,22.1,,0.26161987,0.0
1985-05-23,13.1,5.6,22.5,,0.2082799,0.0025399986
1985-05-24,12.2,4.7,24.4,,0.1650999,0.0101599945
1985-05-25,8.3,2.1,15.5,,0.11429994,0.0
1985-05-26,4.0,0.4,12.4,,0.076199956,0.0025399986
1985-05-27,7.0,-0.2,17.2,,0.05587997,0.0025399986
1985-05-28,5.6,0.8,14.0,,0.020319989,0.007619996
1985-05-29,2.6,-1.2,9.8,,0.0,0.0
1985-05-30,0.1,-2.3,5.1,,0.0,0.0025399986
1985-05-31,5.4,-2.3,15.8,,0.0,0.0
1985-06-01,3.5,-4.0,16.3,,0.0,0.0025399986
1985-06-02,2.7,0.2,9.4,,0.0,0.0
1985-06-03,4.4,-1.3,14.7,,0.0,0.0
1985-06-04,6.3,0.2,15.2,,0.0,0.0050799972
1985-06-05,5.0,1.9,9.1,,0.0,0.0
1985-06-06,5.9,1.8,9.9,,0.0,0.0050799972
1985-06-07,11.4,3.2,22.0,,0.0,0.0
1985-06-08,4.6,-0.3,10.6,,0.0,0.0
1985-06-09,6.2,-1.8,17.1,,0.0,0.0
1985-06-10,6.8,0.0,16.0,,0.0,0.0
1985-06-11,7.8,-0.4,18.3,,0.0,0.0
1985-06-12,12.1,7.4,19.5,,0.0,0.0
1985-06-13,9.8,3.9,15.1,,0.0,0.0
1985-06-14,9.3,1.6,18.1,,0.0,0.0
1985-06-15,9.7,6.0,16.5,,0.0,0.0
1985-06-16,9.4,1.8,19.1,,0.0,0.0
1985-06-17,8.7,1.2,19.9,,0.0,0.0
1985-06-18,12.6,3.2,25.1,,0.0,0.0
1985-06-19,17.6,11.0,25.2,,0.0,0.0
1985-06-20,11.5,3.3,20.5,,0.0,0.0
1985-06-21,9.3,0.3,18.5,,0.0,0.0
1985-06-22,12.5,7.9,19.9,,0.0,0.0
1985-06-23,12.3,5.3,19.6,,0.0,0.0
1985-06-24,5.5,0.4,13.1,,0.0,0.0
1985-06-25,3.5,-0.7,9.3,,0.0,0.0
1985-06-26,9.2,2.2,18.5,,0.0,0.0
1985-06-27,13.5,5.8,23.9,,0.0,0.0
1985-06-28,16.5,8.8,27.3,,0.0,0.0
1985-06-29,15.0,9.6,25.3,,0.0,0.0
1985-06-30,17.2,8.9,28.4,,0.0,0.0
1985-07-01,18.1,10.1,28.8,,0.0,0.0
1985-07-02,19.6,14.5,27.5,,0.0,0.0
1985-07-03,18.5,11.0,27.4,,0.0,0.0
1985-07-04,20.4,13.1,30.6,,0.0,0.0
1985-07-05,19.9,14.8,27.3,,0.0,0.0
1985-07-06,19.7,11.9,29.4,,0.0,0.0
1985-07-07,18.8,14.5,27.3,,0.0,0.0
1985-07-08,19.0,12.7,28.2,,0.0,0.0
1985-07-09,21.6,15.6,29.6,,0.0,0.0
1985-07-10,20.7,14.9,28.5,,0.0,0.0
1985-07-11,17.7,12.3,26.9,,0.0,0.0
1985-07-12,16.7,10.6,25.5,,0.0,0.0
1985-07-13,13.6,4.3,23.4,,0.0,0.0
1985-07-14,14.0,2.0,26.0,,0.0,0.0
1985-07-15,17.4,10.1,27.5,,0.0,0.0
1985-07-16,15.4,6.6,30.3,,0.0,0.0
1985-07-17,12.4,6.1,24.1,,0.0,0.0
1985-07-18,12.4,2.9,24.9,,0.0,0.0
1985-07-19,16.2,9.1,29.1,,0.0,0.0
1985-07-20,17.9,9.6,29.2,,0.0,0.0
1985-07-21,20.4,12.8,31.7,,0.0,0.0
1985-07-22,19.6,14.5,27.5,,0.0,0.0
1985-07-23,14.6,6.6,24.6,,0.0,0.0
1985-07-24,13.4,7.2,21.4,,0.0,0.0025399986
1985-07-25,16.0,7.6,26.9,,0.0,0.0
1985-07-26,18.3,11.5,28.7,,0.0,0.0
1985-07-27,16.8,8.8,27.0,,0.0,0.0
1985-07-28,14.7,8.6,24.6,,0.0,0.0
1985-07-29,13.7,7.3,22.7,,0.0,0.0
1985-07-30,9.2,6.1,14.1,,0.0,0.0
1985-07-31,11.9,6.5,21.9,,0.0,0.0
1985-08-01,14.6,9.2,24.9,,0.0,0.0025399986
1985-08-02,9.2,6.3,12.9,,0.0,0.0
1985-08-03,13.1,7.8,21.1,,0.0,0.0025399986
1985-08-04,14.6,7.0,24.2,,0.0,0.0025399986
1985-08-05,12.4,5.8,21.4,,0.0,0.0025399986
1985-08-06,13.7,7.4,23.0,,0.0,0.0
1985-08-07,15.5,9.2,25.2,,0.0,0.0050799972
1985-08-08,4.0,1.6,9.2,,0.0,0.0
1985-08-09,6.2,2.4,14.6,,0.0,0.0025399986
1985-08-10,3.0,-0.4,7.0,,0.0,0.015239992
1985-08-11,3.2,0.0,7.1,,0.0,0.0025399986
1985-08-12,3.8,0.2,10.2,,0.0,0.007619996
1985-08-13,4.3,-0.1,13.8,,0.0,0.0
1985-08-14,8.9,1.4,18.3,,0.0,0.007619996
1985-08-15,6.5,0.5,12.5,,0.0,0.015239992
1985-08-16,3.7,0.1,11.7,,0.0,0.0
1985-08-17,9.1,0.0,20.3,,0.0,0.007619996
1985-08-18,14.3,6.6,26.6,,0.0,0.0025399986
1985-08-19,12.1,6.0,20.9,,0.0,0.0025399986
1985-08-20,9.9,5.2,18.2,,0.0,0.007619996
1985-08-21,5.1,1.3,10.6,,0.0,0.0
1985-08-22,6.5,1.0,14.7,,0.0,0.0
1985-08-23,11.9,2.4,23.1,,0.0,0.0025399986
1985-08-24,15.9,8.8,26.3,,0.0,0.0
1985-08-25,17.1,12.0,23.9,,0.0,0.0
1985-08-26,14.2,5.2,25.1,,0.0,0.0
1985-08-27,15.3,8.5,26.6,,0.0,0.0
1985-08-28,13.8,7.7,23.3,,0.0,0.0
1985-08-29,15.4,7.3,26.6,,0.0,0.0025399986
1985-08-30,14.3,6.9,19.2,,0.0,0.0
1985-08-31,7.4,2.4,16.3,,0.0,0.0
1985-09-01,10.4,2.9,23.7,,0.0,0.0
1985-09-02,8.0,4.6,17.4,,0.0,0.0
1985-09-03,7.9,3.7,17.4,,0.0,0.0
1985-09-04,8.4,2.1,17.5,,0.0,0.0
1985-09-05,5.0,3.4,7.3,,0.0,0.022859987
1985-09-06,0.8,-2.8,4.9,,0.0,0.022859987
1985-09-07,-1.5,-3.0,0.2,,0.0,0.0025399986
1985-09-08,1.4,-1.0,7.1,,0.0,0.0101599945
1985-09-09,1.4,-0.4,3.5,,0.0,0.0025399986
1985-09-10,6.7,2.1,18.5,,0.0,0.0
1985-09-11,8.4,1.8,18.9,,0.0,0.020319989
1985-09-12,1.6,-0.2,6.6,,0.0,0.0101599945
1985-09-13,6.7,0.0,17.8,,0.0,0.0025399986
1985-09-14,8.6,2.0,15.7,,0.0,0.0025399986
1985-09-15,2.0,0.3,4.5,,0.0,0.0050799972
1985-09-16,0.9,-0.4,6.2,,0.0,0.007619996
1985-09-17,1.3,-0.6,8.5,,0.0,0.012699993
1985-09-18,0.0,-3.0,8.3,,0.0,0.0
1985-09-19,0.0,-4.2,6.1,,0.0,0.0025399986
1985-09-20,3.1,-2.0,11.2,,0.0,0.0050799972
1985-09-21,1.5,-3.4,7.8,,0.0,0.0
1985-09-22,-1.4,-4.6,6.7,,0.0,0.0025399986
1985-09-23,-2.3,-6.8,2.9,,0.0,0.007619996
1985-09-24,2.7,-1.3,11.2,,0.0,0.0025399986
1985-09-25,4.7,-2.4,13.5,,0.0,0.0
1985-09-26,5.5,-3.8,17.1,,0.0,0.0
1985-09-27,-7.4,-11.3,-2.4,,0.0,0.0
1985-09-28,-9.0,-12.1,0.8,,0.0,0.0
1985-09-29,-3.2,-12.0,11.3,,0.0,0.0
1985-09-30,2.4,-5.5,15.4,,0.0,0.0
1985-10-01,2.2,-1.0,5.6,,0.0,0.0050799972
1985-10-02,0.8,-1.5,3.4,,0.0,0.012699993
1985-10-03,-1.8,-5.2,2.2,,0.0025399986,0.0
1985-10-04,1.5,-5.6,10.1,,0.0025399986,0.0101599945
1985-10-05,6.0,0.9,13.7,,0.0025399986,0.0
1985-10-06,-2.8,-8.3,4.5,,0.0025399986,0.012699993
1985-10-07,-12.7,-15.6,-8.3,,0.015239992,0.0
1985-10-08,-13.6,-18.5,-3.4,,0.015239992,0.0
1985-10-09,-9.9,-17.7,-4.5,,0.015239992,0.0050799972
1985-10-10,0.2,-6.9,9.5,,0.020319989,0.0101599945
1985-10-11,1.2,-3.0,6.1,,0.020319989,0.0
1985-10-12,-3.3,-5.1,1.9,,0.020319989,0.0
1985-10-13,-2.4,-5.0,3.5,,0.020319989,0.0025399986
1985-10-14,-1.3,-3.0,0.8,,0.022859987,0.015239992
1985-10-15,2.0,0.1,4.4,,0.033019982,0.007619996
1985-10-16,2.3,-1.4,9.2,,0.027939985,0.0
1985-10-17,0.7,-3.1,7.6,,0.027939985,0.0
1985-10-18,4.4,-1.5,13.0,,0.027939985,0.0025399986
1985-10-19,8.0,4.5,13.6,,0.027939985,0.0
1985-10-20,7.7,3.3,15.5,,0.027939985,0.0
1985-10-21,5.1,-2.6,12.0,,0.027939985,0.0
1985-10-22,-3.8,-6.2,-0.2,,0.027939985,0.017779991
1985-10-23,-3.9,-4.4,-3.0,,0.033019982,0.022859987
1985-10-24,0.2,-3.9,4.1,,0.05333997,0.0050799972
1985-10-25,0.8,-2.3,2.9,,0.05841997,0.0050799972
1985-10-26,1.0,-3.8,7.0,,0.063499965,0.0
1985-10-27,6.9,3.2,14.4,,0.063499965,0.0
1985-10-28,-0.6,-7.8,7.4,,0.063499965,0.0
1985-10-29,-1.1,-10.5,9.4,,0.05333997,0.0
1985-10-30,0.6,-4.5,5.4,,0.050799973,0.0
1985-10-31,-6.2,-7.9,-2.7,,0.050799973,0.0
1985-11-01,-3.2,-6.7,-0.4,,0.050799973,0.027939985
1985-11-02,-0.4,-1.8,1.2,,0.076199956,0.025399987
1985-11-03,1.8,-0.2,5.4,,0.09651995,0.0025399986
1985-11-04,2.8,-4.5,7.1,,0.09905995,0.0101599945
1985-11-05,-7.4,-8.7,-4.5,,0.10667994,0.020319989
1985-11-06,-5.4,-7.1,-3.7,,0.12699993,0.020319989
1985-11-07,-5.1,-8.8,-0.6,,0.13969992,0.0
1985-11-08,-7.6,-11.8,1.3,,0.13969992,0.0
1985-11-09,-15.3,-19.4,-10.7,,0.13969992,0.0
1985-11-10,-18.8,-22.9,-10.4,,0.13969992,0.0
1985-11-11,-18.2,-22.1,-5.4,,0.13969992,0.0
1985-11-12,-6.4,-16.4,7.4,,0.13969992,0.0050799972
1985-11-13,-5.3,-10.1,10.1,,0.14223993,0.0
1985-11-14,-3.0,-10.4,10.8,,0.14223993,0.0101599945
1985-11-15,-0.1,-5.5,5.0,,0.14731993,0.0025399986
1985-11-16,-4.6,-7.2,-2.5,,0.14985992,0.0
1985-11-17,-14.8,-21.1,-7.2,,0.14985992,0.0
1985-11-18,-18.1,-23.8,-11.6,,0.14985992,0.0
1985-11-19,-15.8,-17.8,-12.5,,0.14985992,0.0
1985-11-20,-15.5,-19.8,-10.7,,0.14985992,0.0
1985-11-21,-22.2,-32.1,-14.6,,0.14985992,0.0
1985-11-22,-26.4,-31.1,-18.3,,0.14985992,0.0
1985-11-23,-21.3,-25.4,-14.8,,0.14985992,0.0
1985-11-24,-18.6,-23.6,-13.8,,0.14985992,0.0
1985-11-25,-24.7,-28.0,-19.1,,0.14985992,0.0025399986
1985-11-26,-18.3,-28.1,-13.9,,0.15239991,0.033019982
1985-11-27,-14.3,-17.8,-11.7,,0.1803399,0.0101599945
1985-11-28,-16.3,-19.5,-12.6,,0.1904999,0.0025399986
1985-11-29,-25.0,-30.9,-20.8,,0.1930399,0.0025399986
1985-11-30,-28.3,-32.4,-21.9,,0.1930399,0.0025399986
1985-12-01,-24.4,-31.8,-13.4,,0.1955799,0.0
1985-12-02,-7.6,-17.7,-2.2,,0.1955799,0.027939985
1985-12-03,-6.5,-8.6,-2.8,,0.21843988,0.012699993
1985-12-04,-4.2,-8.9,0.5,,0.22605988,0.0101599945
1985-12-05,0.3,-2.6,4.4,,0.23621987,0.0025399986
1985-12-06,-3.0,-4.4,2.0,,0.23875988,0.0025399986
1985-12-07,-4.7,-8.0,2.4,,0.24129987,0.0
1985-12-08,-9.6,-14.8,-6.3,,0.24129987,0.0
1985-12-09,-13.1,-17.1,1.6,,0.24129987,0.0
1985-12-10,-16.8,-21.6,-4.1,,0.24129987,0.0
1985-12-11,-15.8,-19.8,-11.4,,0.24129987,0.0050799972
1985-12-12,-12.6,-15.2,-9.5,,0.24129987,0.007619996
1985-12-13,-7.9,-11.5,-4.9,,0.24129987,0.0025399986
1985-12-14,-7.6,-8.7,-0.6,,0.24383987,0.0
1985-12-15,-6.6,-8.8,0.1,,0.24383987,0.0025399986
1985-12-16,-4.2,-6.6,1.9,,0.24637987,0.0025399986
1985-12-17,-2.5,-4.8,2.9,,0.24637987,0.0050799972
1985-12-18,-1.0,-5.4,2.5,,0.25145987,0.0
1985-12-19,-0.8,-6.0,6.2,,0.25145987,0.0
1985-12-20,-1.0,-3.0,7.0,,0.25145987,0.0
1985-12-21,1.5,-1.9,7.6,,0.25145987,0.0
1985-12-22,0.3,-2.9,5.2,,0.25145987,0.0
1985-12-23,-2.1,-6.2,8.3,,0.25145987,0.0
1985-12-24,-2.4,-6.8,8.1,,0.25145987,0.0
1985-12-25,0.7,-6.0,8.0,,0.25145987,0.0
1985-12-26,-6.6,-11.0,-0.6,,0.25145987,0.0
1985-12-27,-7.1,-15.8,1.5,,0.25145987,0.0
1985-12-28,-8.0,-16.0,-2.0,,0.25145987,0.0
1985-12-29,-11.0,-18.0,-4.0,,0.25145987,0.0
1985-12-30,-8.8,-10.5,-5.8,,0.25145987,0.0025399986
1985-12-31,-7.0,-8.8,-3.0,,0.25399986,0.0101599945
1986-01-01,-5.2,-9.2,-2.4,,0.26415986,0.017779991
1986-01-02,-8.2,-10.5,-4.0,,0.27685985,0.0101599945
1986-01-03,-8.8,-13.1,0.6,,0.28701985,0.0
1986-01-04,-7.2,-14.2,0.5,,0.28701985,0.0101599945
1986-01-05,-3.0,-4.7,-0.7,,0.29717985,0.007619996
1986-01-06,-6.0,-7.3,-3.1,,0.30225983,0.0
1986-01-07,-2.3,-10.7,3.4,,0.30225983,0.0050799972
1986-01-08,0.1,-2.9,4.3,,0.30733985,0.0025399986
1986-01-09,-0.6,-2.0,3.6,,0.30987984,0.0050799972
1986-01-10,3.1,0.0,8.4,,0.31495982,0.0
1986-01-11,-1.2,-4.0,3.7,,0.31495982,0.0
1986-01-12,3.8,-4.3,12.4,,0.31495982,0.0
1986-01-13,5.3,2.3,11.0,,0.31495982,0.0025399986
1986-01-14,3.0,-0.1,12.4,,0.31749982,0.0
1986-01-15,-1.0,-4.0,1.9,,0.31749982,0.0025399986
1986-01-16,-2.2,-4.4,-0.1,,0.32003984,0.020319989
1986-01-17,-5.9,-8.0,-1.4,,0.33273983,0.0101599945
1986-01-18,-0.1,-8.2,4.7,,0.34289983,0.012699993
1986-01-19,3.4,-1.1,7.0,,0.3479798,0.0
1986-01-20,-5.6,-8.4,-1.1,,0.3479798,0.0
1986-01-21,-9.3,-11.2,-8.0,,0.3479798,0.0
1986-01-22,-6.9,-12.3,-2.0,,0.3479798,0.0101599945
1986-01-23,-3.9,-5.8,-2.0,,0.3581398,0.012699993
1986-01-24,-7.0,-10.6,-2.4,,0.3657598,0.0
1986-01-25,-6.3,-10.9,2.6,,0.3657598,0.0025399986
1986-01-26,1.8,-7.3,13.6,,0.3682998,0.007619996
1986-01-27,2.2,-1.0,6.1,,0.3759198,0.0025399986
1986-01-28,-2.5,-7.5,5.6,,0.37845978,0.0
1986-01-29,-1.6,-7.7,1.0,,0.37845978,0.022859987
1986-01-30,0.4,0.0,1.2,,0.3962398,0.012699993
1986-01-31,0.8,-0.5,7.9,,0.40893978,0.0050799972
1986-02-01,-0.6,-4.2,1.4,,0.41401976,0.0050799972
1986-02-02,-2.2,-5.7,0.7,,0.41401976,0.007619996
1986-02-03,-2.8,-7.8,4.4,,0.42163977,0.0
1986-02-04,-4.8,-8.0,2.4,,0.42163977,0.0
1986-02-05,-7.4,-13.1,-2.1,,0.42163977,0.0
1986-02-06,-12.0,-16.8,-1.5,,0.42163977,0.0
1986-02-07,-11.7,-15.7,-3.8,,0.42163977,0.0
1986-02-08,-12.6,-18.3,-5.6,,0.42163977,0.0
1986-02-09,-11.0,-19.3,-1.3,,0.42163977,0.0
1986-02-10,-13.1,-21.2,1.6,,0.42163977,0.0050799972
1986-02-11,-13.0,-19.2,1.5,,0.42163977,0.0
1986-02-12,-14.8,-19.2,-10.8,,0.42163977,0.0
1986-02-13,-17.1,-22.1,-9.3,,0.42163977,0.012699993
1986-02-14,-8.0,-11.5,-4.9,,0.43433976,0.022859987
1986-02-15,-8.4,-15.7,-1.5,,0.45719975,0.027939985
1986-02-16,-2.1,-3.7,-0.9,,0.48513973,0.025399987
1986-02-17,-4.9,-6.2,-3.5,,0.50291973,0.025399987
1986-02-18,-5.5,-8.7,-3.7,,0.5283197,0.012699993
1986-02-19,-10.9,-15.6,-2.3,,0.5410197,0.0050799972
1986-02-20,-8.7,-15.1,-4.0,,0.5460997,0.007619996
1986-02-21,-7.3,-8.8,-6.3,,0.5537197,0.022859987
1986-02-22,-4.5,-6.9,-2.8,,0.5740397,0.033019982
1986-02-23,-1.7,-4.9,1.7,,0.60451967,0.035559982
1986-02-24,4.7,1.2,10.1,,0.61213964,0.0050799972
1986-02-25,3.0,0.8,6.5,,0.61213964,0.015239992
1986-02-26,1.9,-3.2,11.0,,0.6172197,0.007619996
1986-02-27,4.1,-4.8,16.5,,0.62483966,0.012699993
1986-02-28,8.4,4.9,17.3,,0.6375397,0.0050799972
1986-03-01,6.5,2.5,14.8,,0.64261967,0.0
1986-03-02,5.0,0.0,15.6,,0.64261967,0.0
1986-03-03,5.9,-0.4,14.1,,0.64261967,0.0101599945
1986-03-04,2.9,-1.7,9.5,,0.65277964,0.0
1986-03-05,2.1,-4.0,10.7,,0.65277964,0.0025399986
1986-03-06,3.5,0.0,10.8,,0.65531963,0.0101599945
1986-03-07,1.7,-1.4,5.7,,0.66547966,0.012699993
1986-03-08,-1.2,-2.7,2.3,,0.67055964,0.0
1986-03-09,-1.6,-5.0,3.3,,0.67055964,0.0050799972
1986-03-10,-1.5,-6.4,4.2,,0.6756396,0.0050799972
1986-03-11,0.6,-4.8,11.3,,0.6756396,0.0025399986
1986-03-12,0.6,-4.9,10.7,,0.6781796,0.0025399986
1986-03-13,-2.4,-6.7,7.9,,0.6807196,0.0
1986-03-14,-2.2,-7.8,10.2,,0.6807196,0.0025399986
1986-03-15,-2.5,-9.1,10.7,,0.6832596,0.007619996
1986-03-16,-3.0,-6.3,3.1,,0.69087964,0.0
1986-03-17,-3.4,-7.8,3.7,,0.69087964,0.0
1986-03-18,-3.0,-7.8,5.8,,0.69087964,0.0025399986
1986-03-19,0.2,-4.8,10.3,,0.69087964,0.007619996
1986-03-20,5.8,-2.4,17.2,,0.6984996,0.0025399986
1986-03-21,2.1,-4.9,11.2,,0.6984996,0.007619996
1986-03-22,-1.5,-5.6,5.8,,0.7061196,0.0025399986
1986-03-23,2.7,-4.7,11.3,,0.7086596,0.0025399986
1986-03-24,-0.4,-5.9,5.7,,0.7086596,0.007619996
1986-03-25,-3.4,-6.4,2.6,,0.7162796,0.007619996
1986-03-26,2.4,-3.7,8.8,,0.7238996,0.0050799972
1986-03-27,8.2,2.7,16.9,,0.7289796,0.0025399986
1986-03-28,6.0,3.0,10.0,,0.7315196,0.0
1986-03-29,5.5,2.4,11.8,,0.7315196,0.0
1986-03-30,2.0,-5.4,11.7,,0.7289796,0.0
1986-03-31,-1.4,-6.7,8.3,,0.7264396,0.0
1986-04-01,3.3,-3.2,13.7,,0.7213596,0.0
1986-04-02,-1.4,-5.1,5.6,,0.71119964,0.0
1986-04-03,0.5,-8.9,15.1,,0.71119964,0.0025399986
1986-04-04,2.8,-3.8,13.4,,0.7086596,0.0025399986
1986-04-05,4.5,-0.5,12.2,,0.7035796,0.0
1986-04-06,6.0,0.0,16.2,,0.6984996,0.0
1986-04-07,7.1,0.4,18.3,,0.68579966,0.0
1986-04-08,7.9,0.9,19.9,,0.6756396,0.0025399986
1986-04-09,8.1,3.4,20.5,,0.66547966,0.0
1986-04-10,2.8,-2.9,9.1,,0.65023965,0.0
1986-04-11,-1.1,-6.0,10.1,,0.6375397,0.0050799972
1986-04-12,-9.5,-14.7,-4.3,,0.64261967,0.0050799972
1986-04-13,-7.4,-14.8,7.7,,0.64261967,0.007619996
1986-04-14,-0.5,-9.3,11.0,,0.64261967,0.012699993
1986-04-15,2.7,-4.2,11.3,,0.65531963,0.007619996
1986-04-16,0.0,-9.0,11.0,,0.65531963,0.0
1986-04-17,-0.2,-4.2,8.3,,0.65531963,0.0
1986-04-18,-1.1,-3.9,5.3,,0.65531963,0.0025399986
1986-04-19,-0.2,-3.7,2.2,,0.6578596,0.0101599945
1986-04-20,5.2,1.8,10.4,,0.6603996,0.0050799972
1986-04-21,9.5,4.7,19.6,,0.66547966,0.0
1986-04-22,6.3,-1.5,16.2,,0.6578596,0.0
1986-04-23,-2.4,-5.6,3.9,,0.6222997,0.0
1986-04-24,-0.4,-6.5,11.5,,0.61213964,0.0101599945
1986-04-25,-0.2,-3.6,9.2,,0.6222997,0.007619996
1986-04-26,-0.2,-4.6,10.0,,0.6222997,0.0025399986
1986-04-27,-0.1,-4.1,6.5,,0.62483966,0.0101599945
1986-04-28,-0.6,-5.4,6.6,,0.62991965,0.0050799972
1986-04-29,-3.6,-7.1,6.7,,0.63499963,0.0025399986
1986-04-30,-0.5,-7.5,9.7,,0.6375397,0.007619996
1986-05-01,6.1,-3.3,20.6,,0.64261967,0.0025399986
1986-05-02,9.6,2.8,20.2,,0.63499963,0.0050799972
1986-05-03,8.8,3.5,18.7,,0.62483966,0.0
1986-05-04,1.9,-1.7,4.3,,0.5994397,0.0025399986
1986-05-05,1.3,-3.0,9.9,,0.5791197,0.0
1986-05-06,0.0,-3.8,5.1,,0.5740397,0.0025399986
1986-05-07,0.3,-2.3,7.1,,0.5664197,0.0025399986
1986-05-08,-0.1,-4.5,5.0,,0.5664197,0.0025399986
1986-05-09,1.5,-2.7,9.7,,0.5664197,0.007619996
1986-05-10,0.8,-2.0,5.2,,0.5664197,0.0
1986-05-11,-2.4,-4.5,1.4,,0.5664197,0.0050799972
1986-05-12,-0.4,-5.1,5.2,,0.5613397,0.017779991
1986-05-13,0.3,-6.3,6.3,,0.5791197,0.007619996
1986-05-14,-4.2,-7.0,0.8,,0.58419967,0.0050799972
1986-05-15,-0.7,-4.8,6.8,,0.58673966,0.0
1986-05-16,2.1,-6.4,12.9,,0.58673966,0.0025399986
1986-05-17,4.6,0.9,10.9,,0.5791197,0.0025399986
1986-05-18,8.0,3.1,15.0,,0.5740397,0.0025399986
1986-05-19,12.1,4.9,22.6,,0.5410197,0.0025399986
1986-05-20,12.9,7.0,23.4,,0.50291973,0.0
1986-05-21,5.9,-2.3,18.4,,0.45719975,0.0025399986
1986-05-22,-1.8,-3.4,1.5,,0.41909978,0.0
1986-05-23,3.8,-4.0,16.1,,0.40893978,0.0025399986
1986-05-24,9.9,0.5,20.9,,0.3936998,0.0050799972
1986-05-25,14.5,7.0,26.0,,0.3505198,0.0
1986-05-26,16.7,8.7,28.6,,0.30225983,0.0025399986
1986-05-27,16.6,11.8,29.3,,0.25145987,0.0025399986
1986-05-28,18.1,11.6,29.9,,0.1955799,0.0025399986
1986-05-29,19.2,13.3,29.6,,0.14985992,0.0
1986-05-30,19.4,12.6,28.9,,0.09397995,0.0
1986-05-31,18.0,12.3,26.0,,0.05333997,0.0
1986-06-01,18.6,11.4,29.0,,0.015239992,0.0
1986-06-02,20.1,14.2,29.7,,0.007619996,0.0025399986
1986-06-03,13.4,6.4,20.2,,0.007619996,0.0
1986-06-04,11.8,5.8,23.2,,0.0025399986,0.0050799972
1986-06-05,11.4,6.9,18.9,,0.0,0.0050799972
1986-06-06,10.4,6.7,18.7,,0.0,0.0
1986-06-07,11.0,5.6,19.1,,0.0,0.0
1986-06-08,7.2,4.5,12.8,,0.0,0.0
1986-06-09,9.0,3.0,17.3,,0.0,0.0050799972
1986-06-10,13.0,5.0,21.8,,0.0,0.0025399986
1986-06-11,15.3,8.5,23.2,,0.0,0.0
1986-06-12,12.0,3.2,23.4,,0.0,0.0
1986-06-13,15.0,9.2,23.8,,0.0,0.0
1986-06-14,15.2,6.9,23.9,,0.0,0.0050799972
1986-06-15,9.8,5.4,17.4,,0.0,0.0
1986-06-16,17.3,7.9,29.2,,0.0,0.0025399986
1986-06-17,18.8,11.8,31.4,,0.0,0.0
1986-06-18,15.7,3.7,25.9,,0.0,0.0
1986-06-19,6.8,0.7,15.5,,0.0,0.0
1986-06-20,7.9,1.9,16.0,,0.0,0.0
1986-06-21,8.1,2.3,16.5,,0.0,0.0
1986-06-22,13.2,5.4,22.0,,0.0,0.0025399986
1986-06-23,17.6,10.0,27.6,,0.0,0.0
1986-06-24,19.9,14.8,28.7,,0.0,0.0
1986-06-25,18.5,13.0,26.8,,0.0,0.0
1986-06-26,16.7,12.2,23.8,,0.0,0.0
1986-06-27,18.4,12.1,26.8,,0.0,0.0
1986-06-28,14.4,8.4,24.7,,0.0,0.012699993
1986-06-29,11.2,7.3,17.3,,0.0,0.0025399986
1986-06-30,11.3,5.6,19.1,,0.0,0.0
1986-07-01,16.7,8.6,24.8,,0.0,0.0025399986
1986-07-02,20.8,14.3,31.2,,0.0,0.0
1986-07-03,12.3,8.3,17.6,,0.0,0.0
1986-07-04,5.5,2.2,9.1,,0.0,0.017779991
1986-07-05,6.5,2.5,11.3,,0.0,0.007619996
1986-07-06,14.5,6.5,25.6,,0.0,0.0025399986
1986-07-07,20.2,13.8,28.1,,0.0,0.0
1986-07-08,19.1,13.8,28.9,,0.0,0.0025399986
1986-07-09,17.2,13.2,25.0,,0.0,0.0
1986-07-10,14.6,11.9,21.8,,0.0,0.0050799972
1986-07-11,13.3,11.2,18.7,,0.0,0.007619996
1986-07-12,14.6,10.4,21.0,,0.0,0.0
1986-07-13,15.7,9.7,23.6,,0.0,0.0
1986-07-14,16.2,11.9,24.7,,0.0,0.0025399986
1986-07-15,17.4,11.9,26.4,,0.0,0.0
1986-07-16,10.8,5.9,14.0,,0.0,0.0
1986-07-17,10.0,4.2,17.1,,0.0,0.0050799972
1986-07-18,14.7,9.5,24.0,,0.0,0.0
1986-07-19,15.6,8.3,26.7,,0.0,0.0
1986-07-20,15.6,11.4,25.1,,0.0,0.0
1986-07-21,17.8,11.0,29.0,,0.0,0.0
1986-07-22,17.8,12.5,26.6,,0.0,0.0
1986-07-23,16.3,10.9,24.6,,0.0,0.0
1986-07-24,15.5,7.6,25.4,,0.0,0.0
1986-07-25,16.6,11.2,24.5,,0.0,0.0
1986-07-26,14.5,7.5,24.1,,0.0,0.0
1986-07-27,12.9,8.5,20.5,,0.0,0.0
1986-07-28,14.7,8.3,23.6,,0.0,0.0
1986-07-29,12.9,7.0,18.6,,0.0,0.0
1986-07-30,11.7,4.2,21.9,,0.0,0.0
1986-07-31,14.8,6.9,25.7,,0.0,0.0
1986-08-01,16.1,8.7,26.9,,0.0,0.0
1986-08-02,18.5,10.9,30.4,,0.0,0.0
1986-08-03,19.0,13.0,29.1,,0.0,0.0
1986-08-04,18.0,12.3,26.8,,0.0,0.0
1986-08-05,16.7,9.0,26.0,,0.0,0.0
1986-08-06,14.9,5.5,27.3,,0.0,0.0
1986-08-07,18.6,10.2,30.4,,0.0,0.0
1986-08-08,18.8,10.8,28.0,,0.0,0.0
1986-08-09,12.3,6.0,25.2,,0.0,0.0
1986-08-10,17.4,7.3,29.4,,0.0,0.0050799972
1986-08-11,17.9,12.2,28.1,,0.0,0.0
1986-08-12,10.9,6.7,16.0,,0.0,0.0025399986
1986-08-13,12.8,7.3,22.7,,0.0,0.0
1986-08-14,15.8,9.0,24.0,,0.0,0.0
1986-08-15,17.9,12.6,25.4,,0.0,0.0
1986-08-16,14.9,8.6,27.0,,0.0,0.0025399986
1986-08-17,17.9,10.3,28.0,,0.0,0.0
1986-08-18,20.1,13.7,29.1,,0.0,0.0
1986-08-19,17.2,5.4,25.1,,0.0,0.0
1986-08-20,14.0,3.0,27.3,,0.0,0.0
1986-08-21,10.2,4.8,15.6,,0.0,0.0050799972
1986-08-22,14.1,6.0,24.7,,0.0,0.0
1986-08-23,14.5,10.4,22.0,,0.0,0.0
1986-08-24,15.6,10.3,23.7,,0.0,0.0
1986-08-25,14.2,6.7,25.3,,0.0,0.0
1986-08-26,15.7,7.4,28.6,,0.0,0.0
1986-08-27,18.6,10.8,30.4,,0.0,0.0025399986
1986-08-28,20.4,13.7,31.9,,0.0,0.0025399986
1986-08-29,15.4,10.6,23.9,,0.0,0.0
1986-08-30,13.7,8.8,24.1,,0.0,0.007619996
1986-08-31,8.6,6.7,13.0,,0.0,0.0
1986-09-01,9.6,5.1,18.3,,0.0,0.0
1986-09-02,10.2,5.9,17.3,,0.0,0.0
1986-09-03,10.4,5.2,18.6,,0.0,0.0025399986
1986-09-04,12.5,3.1,22.8,,0.0,0.0
1986-09-05,1.8,-0.8,4.5,,0.0,0.0
1986-09-06,0.8,-1.3,3.8,,0.0,0.0
1986-09-07,10.7,-1.3,24.8,,0.0,0.0025399986
1986-09-08,10.0,4.9,20.7,,0.0,0.0101599945
1986-09-09,5.5,3.2,12.3,,0.0,0.0
1986-09-10,6.6,3.4,13.9,,0.0,0.0
1986-09-11,6.2,0.2,13.7,,0.0,0.0
1986-09-12,1.6,-2.9,9.9,,0.0,0.0
1986-09-13,1.9,-0.3,5.2,,0.0,0.0025399986
1986-09-14,2.6,0.5,6.3,,0.0,0.0
1986-09-15,4.0,1.4,10.3,,0.0,0.015239992
1986-09-16,6.3,1.0,17.7,,0.0,0.0025399986
1986-09-17,5.0,1.6,15.0,,0.0,0.007619996
1986-09-18,1.9,-2.1,7.0,,0.0,0.0
1986-09-19,1.0,-3.3,9.1,,0.0,0.0
1986-09-20,2.2,0.7,6.8,,0.0,0.0050799972
1986-09-21,3.4,1.0,8.3,,0.0,0.0025399986
1986-09-22,5.8,1.9,12.3,,0.0,0.0025399986
1986-09-23,9.5,4.5,18.2,,0.0,0.0
1986-09-24,7.3,3.2,11.6,,0.0,0.0
1986-09-25,2.4,0.4,4.1,,0.0,0.0101599945
1986-09-26,1.7,0.1,6.2,,0.0025399986,0.0
1986-09-27,3.2,0.1,10.4,,0.0025399986,0.0
1986-09-28,1.7,0.1,4.4,,0.0,0.0050799972
1986-09-29,2.7,0.8,7.8,,0.0,0.0050799972
1986-09-30,4.0,-0.1,12.9,,0.0,0.0
1986-10-01,1.8,0.1,4.5,,0.0,0.0
1986-10-02,0.3,-3.1,8.4,,0.0,0.0
1986-10-03,1.9,-2.0,9.3,,0.0,0.0050799972
1986-10-04,5.6,2.8,10.3,,0.0,0.0
1986-10-05,8.5,3.3,17.4,,0.0,0.0025399986
1986-10-06,11.0,5.9,18.9,,0.0,0.0
1986-10-07,10.6,6.2,18.5,,0.0,0.0
1986-10-08,6.0,3.2,14.4,,0.0,0.0
1986-10-09,7.8,0.1,15.1,,0.0,0.0
1986-10-10,-1.2,-3.5,2.9,,0.0,0.0
1986-10-11,2.9,-4.9,16.3,,0.0,0.0
1986-10-12,7.0,-0.6,20.6,,0.0,0.0
1986-10-13,9.8,3.2,20.7,,0.0,0.0
1986-10-14,9.9,5.5,20.2,,0.0,0.0
1986-10-15,12.2,5.3,22.9,,0.0,0.0
1986-10-16,12.7,8.2,20.6,,0.0,0.0
1986-10-17,11.7,7.3,21.1,,0.0,0.0
1986-10-18,9.0,4.5,17.5,,0.0,0.0
1986-10-19,10.3,4.1,22.0,,0.0,0.0
1986-10-20,12.4,6.5,23.8,,0.0,0.0
1986-10-21,9.8,3.9,21.1,,0.0,0.0
1986-10-22,8.3,2.9,19.0,,0.0,0.0
1986-10-23,9.3,2.5,21.0,,0.0,0.0
1986-10-24,9.6,5.7,16.3,,0.0,0.0025399986
1986-10-25,11.0,6.0,17.0,,0.0,0.0
1986-10-26,11.3,7.8,18.2,,0.0,0.0025399986
1986-10-27,5.2,1.5,11.0,,0.0,0.0
1986-10-28,2.7,0.0,7.0,,0.0,0.0
1986-10-29,4.6,-0.7,11.7,,0.0,0.0025399986
1986-10-30,0.6,-0.7,5.9,,0.0,0.0050799972
1986-10-31,-0.9,-3.4,1.2,,0.0050799972,0.0
1986-11-01,1.2,-3.4,11.1,,0.0050799972,0.0
1986-11-02,3.2,-0.6,10.7,,0.0050799972,0.0
1986-11-03,4.2,0.9,11.8,,0.0050799972,0.0025399986
1986-11-04,3.1,1.8,6.4,,0.0050799972,0.0025399986
1986-11-05,0.7,-4.1,4.7,,0.007619996,0.012699993
1986-11-06,-4.1,-6.8,0.6,,0.020319989,0.0
1986-11-07,-6.8,-12.0,-2.1,,0.020319989,0.0
1986-11-08,-13.1,-18.3,-4.8,,0.020319989,0.0
1986-11-09,-20.4,-27.9,-10.7,,0.020319989,0.0
1986-11-10,-14.7,-23.9,-11.2,,0.020319989,0.007619996
1986-11-11,-12.9,-23.2,-5.8,,0.020319989,0.0101599945
1986-11-12,-12.4,-26.4,3.2,,0.025399987,0.0025399986
1986-11-13,-1.3,-6.9,4.7,,0.027939985,0.007619996
1986-11-14,-3.8,-6.3,0.1,,0.033019982,0.0101599945
1986-11-15,-5.8,-7.0,-5.0,,0.043179978,0.020319989
1986-11-16,-4.9,-5.8,-3.8,,0.06095997,0.022859987
1986-11-17,-6.1,-10.3,-4.3,,0.083819956,0.0
1986-11-18,-3.3,-10.3,0.9,,0.083819956,0.025399987
1986-11-19,-3.7,-4.6,-2.7,,0.10667994,0.0050799972
1986-11-20,1.1,-3.7,3.5,,0.10921994,0.017779991
1986-11-21,-3.0,-6.1,-0.6,,0.12699993,0.0
1986-11-22,-5.2,-8.8,-2.2,,0.12699993,0.0050799972
1986-11-23,-2.3,-5.8,0.9,,0.12953994,0.012699993
1986-11-24,0.4,-7.3,6.1,,0.13969992,0.007619996
1986-11-25,-5.9,-9.1,-2.3,,0.14731993,0.0025399986
1986-11-26,-3.2,-6.2,-1.5,,0.14985992,0.022859987
1986-11-27,-1.1,-2.0,0.1,,0.16763991,0.020319989
1986-11-28,-1.3,-3.2,0.4,,0.1879599,0.0
1986-11-29,-4.1,-8.3,3.9,,0.1879599,0.0025399986
1986-11-30,-4.0,-10.1,3.4,,0.1879599,0.0025399986
1986-12-01,-2.3,-9.6,1.7,,0.1879599,0.0
1986-12-02,-9.1,-12.2,-4.1,,0.1879599,0.0
1986-12-03,-7.4,-12.7,4.0,,0.1879599,0.0
1986-12-04,0.0,-6.0,5.5,,0.1879599,0.0025399986
1986-12-05,-6.3,-10.0,-0.5,,0.1904999,0.0101599945
1986-12-06,-7.6,-14.4,2.8,,0.20065989,0.0
1986-12-07,-5.7,-14.3,4.2,,0.20065989,0.0025399986
1986-12-08,-10.7,-18.3,-4.8,,0.2031999,0.0
1986-12-09,-12.2,-18.3,-2.6,,0.2031999,0.0025399986
1986-12-10,-8.5,-13.1,0.4,,0.20573989,0.0
1986-12-11,-3.2,-11.3,3.2,,0.20573989,0.0101599945
1986-12-12,-2.5,-5.3,3.0,,0.2082799,0.0
1986-12-13,-3.6,-6.1,0.5,,0.2082799,0.0025399986
1986-12-14,-4.0,-5.1,-2.2,,0.21081989,0.0
1986-12-15,-4.1,-6.9,1.2,,0.21081989,0.0025399986
1986-12-16,-4.6,-8.9,2.4,,0.21335988,0.0
1986-12-17,-2.1,-9.5,8.3,,0.21335988,0.0
1986-12-18,-1.3,-6.3,11.0,,0.21335988,0.0
1986-12-19,-4.9,-8.2,2.6,,0.21335988,0.0
1986-12-20,-6.0,-9.3,1.7,,0.21335988,0.0
1986-12-21,-1.5,-4.0,0.2,,0.21335988,0.0050799972
1986-12-22,1.0,-3.1,8.4,,0.21335988,0.0025399986
1986-12-23,-3.7,-5.0,-2.6,,0.21589988,0.0101599945
1986-12-24,-4.6,-6.6,1.3,,0.22605988,0.0
1986-12-25,-5.3,-8.0,-1.5,,0.22605988,0.0025399986
1986-12-26,-3.5,-7.0,0.0,,0.22605988,0.0
1986-12-27,-2.9,-6.4,3.7,,0.22605988,0.0
1986-12-28,-0.1,-3.8,3.9,,0.22605988,0.0050799972
1986-12-29,0.0,-5.0,3.5,,0.22859988,0.015239992
1986-12-30,-6.4,-8.2,-5.0,,0.24383987,0.0
1986-12-31,-7.7,-14.0,3.9,,0.24383987,0.0050799972
1987-01-01,-4.8,-7.8,-2.8,,0.24891986,0.0050799972
1987-01-02,-5.5,-7.9,0.4,,0.25145987,0.0025399986
1987-01-03,-2.7,-5.5,-0.1,,0.25399986,0.0101599945
1987-01-04,-5.0,-10.0,0.0,,0.26415986,0.0
1987-01-05,-7.2,-11.7,4.7,,0.26415986,0.0
1987-01-06,-8.8,-14.7,3.9,,0.26415986,0.0
1987-01-07,-13.7,-19.6,0.1,,0.26415986,0.0
1987-01-08,-13.8,-19.4,-1.6,,0.26415986,0.0
1987-01-09,-3.0,-9.6,3.2,,0.26415986,0.0025399986
1987-01-10,0.4,-2.4,5.0,,0.26415986,0.0025399986
1987-01-11,4.0,0.0,8.6,,0.26669985,0.0
1987-01-12,2.2,-5.2,8.8,,0.26669985,0.0
1987-01-13,-8.4,-12.5,-5.2,,0.26669985,0.0
1987-01-14,-15.5,-22.3,-11.2,,0.26669985,0.0
1987-01-15,-17.7,-23.5,-0.5,,0.26669985,0.0
1987-01-16,-16.6,-22.6,-1.1,,0.26669985,0.0
1987-01-17,-9.5,-17.9,-5.8,,0.26669985,0.0025399986
1987-01-18,-8.3,-12.0,-3.9,,0.26669985,0.0
1987-01-19,-11.3,-14.4,-4.3,,0.26669985,0.0
1987-01-20,-9.9,-12.7,-3.4,,0.26669985,0.0
1987-01-21,-7.9,-13.0,0.8,,0.26669985,0.0050799972
1987-01-22,-2.4,-6.4,3.5,,0.26923984,0.0050799972
1987-01-23,-2.4,-5.9,2.9,,0.26923984,0.0
1987-01-24,-4.3,-6.7,-1.7,,0.26923984,0.0025399986
1987-01-25,-4.8,-6.9,-1.8,,0.26923984,0.025399987
1987-01-26,-2.4,-3.9,-1.1,,0.29463986,0.022859987
1987-01-27,0.3,-2.5,6.8,,0.31495982,0.0101599945
1987-01-28,-3.3,-6.2,0.9,,0.32511982,0.0
1987-01-29,-5.1,-6.3,-1.6,,0.32511982,0.0
1987-01-30,-3.5,-6.0,0.9,,0.32511982,0.0025399986
1987-01-31,-5.1,-8.4,0.0,,0.32511982,0.030479984
1987-02-01,-2.6,-7.5,-0.2,,0.3479798,0.025399987
1987-02-02,-4.8,-8.5,1.4,,0.3733798,0.007619996
1987-02-03,-3.0,-6.2,4.0,,0.3759198,0.0
1987-02-04,-2.9,-7.3,5.8,,0.3759198,0.0050799972
1987-02-05,1.8,-2.0,9.1,,0.3759198,0.0025399986
1987-02-06,5.8,2.1,13.0,,0.37845978,0.0025399986
1987-02-07,4.0,0.6,10.9,,0.3809998,0.0
1987-02-08,4.4,-1.2,12.4,,0.3809998,0.0
1987-02-09,3.1,-1.8,13.1,,0.3809998,0.0
1987-02-10,0.7,-1.4,4.5,,0.3809998,0.0
1987-02-11,3.4,-1.6,11.2,,0.3809998,0.0
1987-02-12,1.1,-2.6,6.8,,0.3809998,0.0
1987-02-13,-1.2,-3.7,2.0,,0.3809998,0.007619996
1987-02-14,-2.9,-8.1,5.7,,0.3860798,0.0
1987-02-15,-3.3,-8.8,6.2,,0.3860798,0.0
1987-02-16,-3.9,-6.1,0.1,,0.3860798,0.0
1987-02-17,-3.7,-7.8,4.3,,0.3860798,0.0
1987-02-18,-7.1,-10.1,3.3,,0.3860798,0.0
1987-02-19,-7.2,-11.0,1.7,,0.3860798,0.0
1987-02-20,-6.2,-10.1,4.2,,0.3860798,0.0025399986
1987-02-21,-4.8,-11.5,4.0,,0.38861978,0.007619996
1987-02-22,-6.8,-10.6,-2.7,,0.3962398,0.0
1987-02-23,-11.3,-13.5,-8.4,,0.3962398,0.0
1987-02-24,-14.0,-16.8,-9.2,,0.3962398,0.0
1987-02-25,-15.9,-20.8,-9.1,,0.3962398,0.0
1987-02-26,-11.4,-18.9,-1.8,,0.3962398,0.0050799972
1987-02-27,-10.4,-19.0,-1.7,,0.40131977,0.0
1987-02-28,-7.0,-9.9,-1.6,,0.40131977,0.020319989
1987-03-01,-4.6,-6.3,-2.7,,0.42163977,0.017779991
1987-03-02,-1.1,-4.2,5.7,,0.43941978,0.007619996
1987-03-03,1.4,-1.6,5.4,,0.44449976,0.0050799972
1987-03-04,6.2,1.2,16.6,,0.44703975,0.0050799972
1987-03-05,6.9,3.0,15.3,,0.45211977,0.0
1987-03-06,2.9,-0.8,6.7,,0.45211977,0.0
1987-03-07,-0.3,-5.7,12.0,,0.45211977,0.0
1987-03-08,-7.5,-9.4,-4.6,,0.45211977,0.0
1987-03-09,-4.6,-11.5,5.7,,0.45211977,0.0
1987-03-10,-1.4,-5.2,4.4,,0.45211977,0.007619996
1987-03-11,0.8,-3.8,10.7,,0.45973974,0.0
1987-03-12,2.2,-1.5,7.7,,0.45973974,0.0050799972
1987-03-13,-0.1,-3.1,3.0,,0.46481976,0.0
1987-03-14,-1.2,-5.5,9.9,,0.46481976,0.0
1987-03-15,-0.4,-6.4,12.1,,0.46481976,0.0
1987-03-16,-2.2,-6.5,6.0,,0.46481976,0.0050799972
1987-03-17,-1.4,-6.5,5.9,,0.46989974,0.007619996
1987-03-18,-3.9,-7.3,-0.5,,0.47751975,0.0050799972
1987-03-19,-6.4,-9.3,-1.3,,0.48259974,0.012699993
1987-03-20,-5.2,-10.6,5.1,,0.49021974,0.007619996
1987-03-21,-7.3,-11.4,-0.5,,0.49783972,0.0
1987-03-22,-8.2,-12.7,-0.4,,0.49783972,0.0050799972
1987-03-23,-4.9,-11.3,5.0,,0.50291973,0.0050799972
1987-03-24,-2.6,-8.0,8.9,,0.50291973,0.0025399986
1987-03-25,-1.6,-7.6,6.8,,0.50291973,0.012699993
1987-03-26,-6.1,-8.7,-3.1,,0.5156197,0.0
1987-03-27,-10.2,-20.6,5.2,,0.5156197,0.0
1987-03-28,-10.0,-20.0,6.0,,0.5156197,0.0
1987-03-29,-6.0,-11.0,9.0,,0.5156197,0.017779991
1987-03-30,1.2,-6.3,9.0,,0.5283197,0.0
1987-03-31,3.6,-1.1,12.1,,0.5283197,0.0
1987-04-01,-1.4,-8.8,11.2,,0.5283197,0.0
1987-04-02,4.7,-6.7,19.7,,0.5283197,0.0025399986
1987-04-03,8.9,2.1,22.8,,0.5283197,0.0
1987-04-04,11.4,3.7,22.9,,0.52323973,0.0
1987-04-05,8.2,1.9,20.3,,0.5105397,0.0050799972
1987-04-06,3.6,0.7,11.5,,0.49783972,0.0
1987-04-07,4.3,0.2,11.4,,0.49783972,0.0
1987-04-08,-1.0,-5.0,3.8,,0.49783972,0.0
1987-04-09,-2.2,-6.0,6.2,,0.49529973,0.007619996
1987-04-10,3.0,-4.2,12.4,,0.50291973,0.007619996
1987-04-11,-3.0,-6.8,4.8,,0.5105397,0.0
1987-04-12,-4.2,-7.5,3.5,,0.5105397,0.0
1987-04-13,1.3,-8.6,11.6,,0.5105397,0.012699993
1987-04-14,5.7,1.8,12.1,,0.52323973,0.0
1987-04-15,5.1,1.9,11.7,,0.52323973,0.0025399986
1987-04-16,6.1,2.1,12.0,,0.5156197,0.0
1987-04-17,4.0,2.0,8.3,,0.50291973,0.0050799972
1987-04-18,-0.5,-5.2,4.9,,0.49021974,0.0
1987-04-19,-2.1,-6.8,9.8,,0.48259974,0.0
1987-04-20,1.7,-7.1,13.0,,0.48259974,0.007619996
1987-04-21,8.1,2.6,18.5,,0.48513973,0.0
1987-04-22,8.4,-1.0,19.3,,0.47243974,0.0
1987-04-23,5.9,-1.7,18.3,,0.44703975,0.0050799972
1987-04-24,7.0,1.1,14.4,,0.42671975,0.0
1987-04-25,8.1,2.9,16.9,,0.4063998,0.0
1987-04-26,10.6,2.0,22.7,,0.3809998,0.0
1987-04-27,14.0,6.9,26.1,,0.3632198,0.0050799972
1987-04-28,15.1,9.0,24.6,,0.33273983,0.0
1987-04-29,13.1,6.5,23.7,,0.29717985,0.0
1987-04-30,11.1,5.3,23.2,,0.25399986,0.0
1987-05-01,4.1,-0.9,12.4,,0.21843988,0.0
1987-05-02,0.2,-1.7,5.9,,0.1981199,0.0
1987-05-03,3.3,-1.3,11.3,,0.1930399,0.0025399986
1987-05-04,9.9,1.9,20.5,,0.1828799,0.0
1987-05-05,12.7,4.2,23.1,,0.15747991,0.0050799972
1987-05-06,14.5,7.1,25.6,,0.12953994,0.0
1987-05-07,15.7,7.8,26.1,,0.09651995,0.0
1987-05-08,15.4,6.7,26.3,,0.05841997,0.0
1987-05-09,13.3,7.9,21.4,,0.025399987,0.0
1987-05-10,12.8,6.7,20.6,,0.0050799972,0.0
1987-05-11,12.1,6.0,20.6,,0.0,0.0
1987-05-12,9.7,4.0,17.0,,0.0,0.0
1987-05-13,7.5,3.2,14.7,,0.0,0.0
1987-05-14,12.0,6.1,20.5,,0.0,0.0050799972
1987-05-15,13.0,7.1,22.8,,0.0,0.0025399986
1987-05-16,4.4,1.4,9.2,,0.0,0.0
1987-05-17,2.9,0.9,7.4,,0.0,0.0
1987-05-18,5.7,0.0,14.4,,0.0,0.0
1987-05-19,2.1,-4.6,10.0,,0.0,0.0
1987-05-20,-4.7,-6.6,-1.5,,0.0,0.0050799972
1987-05-21,-2.0,-5.7,5.0,,0.0,0.0101599945
1987-05-22,2.8,-4.4,12.5,,0.0101599945,0.0050799972
1987-05-23,5.5,-0.1,14.6,,0.0,0.0050799972
1987-05-24,7.4,1.7,17.8,,0.0,0.012699993
1987-05-25,4.3,2.8,6.8,,0.0,0.012699993
1987-05-26,4.8,3.2,8.5,,0.0,0.007619996
1987-05-27,5.2,2.6,7.8,,0.0,0.0050799972
1987-05-28,5.9,2.9,12.5,,0.0,0.0
1987-05-29,7.1,1.0,15.5,,0.0,0.0025399986
1987-05-30,8.3,5.1,14.8,,0.0,0.012699993
1987-05-31,1.5,-1.6,6.1,,0.0,0.0050799972
1987-06-01,-1.0,-2.4,3.0,,0.0,0.0050799972
1987-06-02,,,,,0.0,0.0025399986
1987-06-03,9.6,-0.9,21.0,,0.0,0.007619996
1987-06-04,17.0,10.1,26.5,,0.0,0.0
1987-06-05,15.9,10.6,25.3,,0.0,0.0
1987-06-06,15.3,9.2,25.2,,0.0,0.0
1987-06-07,12.6,7.2,20.2,,0.0,0.0050799972
1987-06-08,12.0,8.4,20.1,,0.0,0.0025399986
1987-06-09,11.4,7.5,19.6,,0.0,0.0
1987-06-10,10.7,6.5,17.8,,0.0,0.0
1987-06-11,13.0,6.6,21.6,,0.0,0.0025399986
1987-06-12,13.8,10.2,17.6,,0.0,0.0
1987-06-13,16.9,11.7,25.2,,0.0,0.0
1987-06-14,19.7,12.6,29.1,,0.0,0.0025399986
1987-06-15,17.4,11.0,26.2,,0.0,0.0
1987-06-16,7.8,3.9,11.7,,0.0,0.0050799972
1987-06-17,7.6,0.8,18.2,,0.0,0.0101599945
1987-06-18,8.4,2.6,21.1,,0.0,0.012699993
1987-06-19,8.2,1.4,18.2,,0.0,0.0025399986
1987-06-20,11.5,6.1,19.7,,0.0,0.0
1987-06-21,10.3,3.0,19.0,,0.0,0.0
1987-06-22,4.2,1.2,9.5,,0.0,0.0
1987-06-23,5.5,-0.8,12.5,,0.0,0.0
1987-06-24,8.8,1.0,18.2,,0.0,0.0
1987-06-25,13.4,5.4,23.4,,0.0,0.0025399986
1987-06-26,17.0,9.0,26.6,,0.0,0.0
1987-06-27,17.2,9.5,25.4,,0.0,0.0
1987-06-28,10.5,5.1,18.8,,0.0,0.0
1987-06-29,12.6,3.8,24.5,,0.0,0.0
1987-06-30,15.4,9.1,23.8,,0.0,0.0
1987-07-01,16.2,7.0,27.8,,0.0,0.0025399986
1987-07-02,14.7,9.4,24.7,,0.0,0.0
1987-07-03,13.2,9.0,21.7,,0.0,0.0
1987-07-04,14.8,8.4,25.9,,0.0,0.0
1987-07-05,8.7,2.7,13.6,,0.0,0.0
1987-07-06,6.1,2.2,11.3,,0.0,0.0
1987-07-07,10.0,6.0,16.3,,0.0,0.0
1987-07-08,12.6,7.2,21.1,,0.0,0.0
1987-07-09,9.6,5.6,16.5,,0.0,0.0
1987-07-10,3.5,1.7,5.8,,0.0,0.0
1987-07-11,6.0,2.1,13.1,,0.0,0.0
1987-07-12,11.4,3.3,22.0,,0.0,0.0050799972
1987-07-13,15.5,8.5,24.5,,0.0,0.0025399986
1987-07-14,17.8,10.6,25.7,,0.0,0.0025399986
1987-07-15,18.3,11.2,25.4,,0.0,0.0
1987-07-16,10.7,6.0,19.6,,0.0,0.0
1987-07-17,2.7,0.4,6.4,,0.0,0.0101599945
1987-07-18,3.0,1.2,7.9,,0.0,0.022859987
1987-07-19,6.6,1.5,14.4,,0.0,0.007619996
1987-07-20,10.9,4.4,19.6,,0.0,0.0
1987-07-21,10.9,7.4,15.9,,0.0,0.0050799972
1987-07-22,8.0,4.6,14.4,,0.0,0.015239992
1987-07-23,9.7,3.2,19.4,,0.0,0.0
1987-07-24,15.2,6.8,28.5,,0.0,0.007619996
1987-07-25,18.2,11.4,30.4,,0.0,0.0
1987-07-26,17.8,10.9,30.0,,0.0,0.0
1987-07-27,19.5,13.5,32.0,,0.0,0.0
1987-07-28,17.6,11.2,32.1,,0.0,0.012699993
1987-07-29,17.0,12.4,28.0,,0.0,0.0
1987-07-30,18.4,12.4,30.6,,0.0,0.0
1987-07-31,15.3,6.6,21.9,,0.0,0.0
1987-08-01,9.0,2.6,16.7,,0.0,0.0
1987-08-02,10.3,2.5,20.3,,0.0,0.0
1987-08-03,11.0,3.7,23.0,,0.0,0.0
1987-08-04,16.7,8.6,25.6,,0.0,0.0
1987-08-05,14.2,6.3,23.3,,0.0,0.0
1987-08-06,10.5,5.1,23.7,,0.0,0.0
1987-08-07,12.9,5.0,24.2,,0.0,0.0050799972
1987-08-08,16.6,9.7,26.9,,0.0,0.0
1987-08-09,16.9,8.6,27.0,,0.0,0.0
1987-08-10,17.3,7.5,25.3,,0.0,0.0
1987-08-11,6.6,1.1,16.2,,0.0,0.0
1987-08-12,7.8,-0.4,15.3,,0.0,0.0
1987-08-13,8.4,4.0,14.9,,0.0,0.0025399986
1987-08-14,6.8,3.1,16.1,,0.0,0.0025399986
1987-08-15,5.6,2.0,13.6,,0.0,0.0050799972
1987-08-16,7.9,1.9,13.9,,0.0,0.0025399986
1987-08-17,6.1,1.8,14.2,,0.0,0.0025399986
1987-08-18,8.2,1.7,18.1,,0.0,0.0
1987-08-19,11.8,5.0,21.5,,0.0,0.0
1987-08-20,14.3,10.2,20.9,,0.0,0.0
1987-08-21,9.8,4.5,18.8,,0.0,0.0
1987-08-22,12.0,5.0,19.0,,0.0,0.0050799972
1987-08-23,10.7,6.7,19.1,,0.0,0.0
1987-08-24,6.7,4.0,8.8,,0.0,0.0
1987-08-25,3.8,1.1,7.2,,0.0,0.0
1987-08-26,7.4,0.0,19.4,,0.0,0.0050799972
1987-08-27,11.0,5.4,19.7,,0.0,0.0
1987-08-28,11.4,4.3,19.5,,0.0,0.0
1987-08-29,11.3,3.7,19.3,,0.0,0.0
1987-08-30,12.5,3.4,23.2,,0.0,0.0
1987-08-31,16.9,10.5,27.4,,0.0,0.0
1987-09-01,18.2,11.2,26.8,,0.0,0.0
1987-09-02,15.3,8.0,22.7,,0.0,0.0
1987-09-03,8.6,3.3,17.0,,0.0,0.0
1987-09-04,8.5,4.0,14.8,,0.0,0.0
1987-09-05,11.0,4.7,19.8,,0.0,0.0
1987-09-06,6.6,2.2,10.9,,0.0,0.0
1987-09-07,9.3,0.2,21.7,,0.0,0.0
1987-09-08,11.9,7.4,20.6,,0.0,0.0
1987-09-09,12.7,5.9,24.1,,0.0,0.0
1987-09-10,10.5,4.0,20.9,,0.0,0.0
1987-09-11,12.1,4.7,23.9,,0.0,0.0
1987-09-12,14.5,8.2,25.4,,0.0,0.0025399986
1987-09-13,16.3,10.6,25.7,,0.0,0.0
1987-09-14,14.4,8.6,22.5,,0.0,0.0
1987-09-15,8.6,3.1,15.1,,0.0,0.0
1987-09-16,1.6,-2.4,7.8,,0.0,0.0
1987-09-17,4.8,-2.3,14.6,,0.0,0.0
1987-09-18,8.5,3.2,16.4,,0.0,0.0
1987-09-19,10.8,3.3,21.5,,0.0,0.0
1987-09-20,13.5,7.7,22.7,,0.0,0.0
1987-09-21,16.8,8.8,28.7,,0.0,0.0025399986
1987-09-22,18.0,10.4,30.3,,0.0,0.0
1987-09-23,19.0,9.5,30.6,,0.0,0.0
1987-09-24,15.0,8.8,27.5,,0.0,0.0
1987-09-25,15.2,9.1,24.7,,0.0,0.0
1987-09-26,11.5,3.0,20.0,,0.0,0.0
1987-09-27,2.6,-1.1,11.6,,0.0,0.0
1987-09-28,6.7,-0.3,17.0,,0.0,0.0
1987-09-29,11.0,2.6,22.3,,0.0,0.0
1987-09-30,13.6,8.6,21.3,,0.0,0.0025399986
1987-10-01,14.2,7.3,24.6,,0.0,0.0
1987-10-02,14.7,10.3,23.3,,0.0,0.0
1987-10-03,13.0,7.7,21.0,,0.0,0.0
1987-10-04,7.1,3.8,14.7,,0.0,0.0
1987-10-05,8.4,4.4,18.4,,0.0,0.0
1987-10-06,8.7,1.7,18.9,,0.0,0.0
1987-10-07,11.5,5.0,18.7,,0.0,0.0
1987-10-08,-0.6,-6.3,8.0,,0.0,0.0
1987-10-09,-5.3,-9.2,5.7,,0.0,0.0
1987-10-10,1.1,-8.5,15.8,,0.0,0.0
1987-10-11,8.8,1.9,19.8,,0.0,0.0
1987-10-12,9.4,3.3,14.3,,0.0,0.0
1987-10-13,6.1,-3.0,16.6,,0.0,0.0
1987-10-14,6.2,-0.5,14.6,,0.0,0.0
1987-10-15,-2.5,-5.7,-0.1,,0.0,0.0
1987-10-16,0.8,-5.4,8.8,,0.0,0.0
1987-10-17,1.5,-2.6,7.4,,0.0,0.0
1987-10-18,-0.8,-4.7,7.1,,0.0,0.0
1987-10-19,-1.7,-8.6,7.5,,0.0,0.0
1987-10-20,2.4,-5.2,12.4,,0.0,0.0
1987-10-21,4.9,-2.6,12.4,,0.0,0.0
1987-10-22,4.1,-3.2,14.2,,0.0,0.0
1987-10-23,4.3,-2.2,15.3,,0.0,0.007619996
1987-10-24,6.1,2.8,13.0,,0.0025399986,0.0
1987-10-25,4.3,2.1,10.3,,0.0025399986,0.0
1987-10-26,3.7,0.0,10.7,,0.0,0.0
1987-10-27,6.8,3.1,14.7,,0.0,0.0
1987-10-28,7.3,2.9,10.8,,0.0,0.0
1987-10-29,8.9,4.3,17.9,,0.0,0.0
1987-10-30,9.3,4.1,21.4,,0.0,0.0
1987-10-31,7.9,5.5,13.2,,0.0,0.0
1987-11-01,4.7,1.1,8.9,,0.0,0.0
1987-11-02,2.3,-0.2,10.7,,0.0,0.0
1987-11-03,1.0,-0.4,5.0,,0.0,0.0
1987-11-04,3.9,0.3,9.8,,0.0,0.0
1987-11-05,6.8,1.6,17.0,,0.0,0.0
1987-11-06,5.6,-1.7,15.9,,0.0,0.0
1987-11-07,0.9,-3.3,11.0,,0.0,0.0
1987-11-08,2.9,-3.9,14.0,,0.0,0.0
1987-11-09,5.1,1.0,14.6,,0.0,0.0025399986
1987-11-10,1.7,-0.2,7.3,,0.0,0.0
1987-11-11,2.3,-0.8,7.4,,0.0,0.0
1987-11-12,-0.3,-2.0,1.5,,0.0,0.0
1987-11-13,-0.2,-3.2,1.1,,0.0,0.0
1987-11-14,-5.8,-8.9,-1.0,,0.0,0.0
1987-11-15,-8.1,-9.3,-6.7,,0.0,0.0025399986
1987-11-16,-8.0,-12.8,-4.5,,0.0,0.017779991
1987-11-17,-10.4,-16.5,-2.9,,0.017779991,0.0101599945
1987-11-18,-3.0,-7.3,0.1,,0.022859987,0.007619996
1987-11-19,2.1,-1.1,8.0,,0.027939985,0.0
1987-11-20,4.9,1.7,10.9,,0.027939985,0.0
1987-11-21,-2.0,-6.2,2.3,,0.027939985,0.0025399986
1987-11-22,-5.1,-6.6,-0.8,,0.027939985,0.0
1987-11-23,-6.3,-8.0,-3.2,,0.027939985,0.0
1987-11-24,-5.2,-7.3,-1.8,,0.027939985,0.0050799972
1987-11-25,-5.4,-7.0,0.8,,0.033019982,0.0
1987-11-26,-7.5,-10.9,1.1,,0.033019982,0.0
1987-11-27,-4.3,-10.0,11.5,,0.033019982,0.0025399986
1987-11-28,-1.4,-4.6,11.0,,0.033019982,0.0
1987-11-29,-2.1,-5.3,10.5,,0.033019982,0.0
1987-11-30,-2.9,-5.6,3.5,,0.033019982,0.0025399986
1987-12-01,-2.3,-4.8,-0.7,,0.033019982,0.022859987
1987-12-02,-4.5,-5.5,-3.1,,0.05587997,0.007619996
1987-12-03,1.6,-3.1,7.7,,0.063499965,0.0025399986
1987-12-04,2.7,0.2,9.3,,0.066039965,0.0025399986
1987-12-05,1.7,0.4,3.3,,0.066039965,0.0025399986
1987-12-06,2.5,-2.5,9.9,,0.068579964,0.007619996
1987-12-07,-5.1,-7.1,-2.5,,0.076199956,0.0050799972
1987-12-08,-6.5,-9.6,0.8,,0.081279956,0.0050799972
1987-12-09,-5.1,-8.1,0.0,,0.083819956,0.048259974
1987-12-10,-4.8,-7.9,-0.1,,0.13207993,0.022859987
1987-12-11,-10.2,-13.2,-7.9,,0.15493992,0.0025399986
1987-12-12,-12.0,-15.6,-8.3,,0.15493992,0.0025399986
1987-12-13,-13.9,-16.2,-10.3,,0.15747991,0.0025399986
1987-12-14,-13.5,-17.6,-7.4,,0.16001992,0.0050799972
1987-12-15,-12.3,-14.9,-8.2,,0.16255991,0.0
1987-12-16,-10.3,-14.0,-7.6,,0.16255991,0.007619996
1987-12-17,-8.4,-10.5,-2.6,,0.16763991,0.0025399986
1987-12-18,-8.7,-11.8,-7.3,,0.1701799,0.0
1987-12-19,-12.6,-14.6,-8.0,,0.1701799,0.0
1987-12-20,-10.7,-13.8,-7.4,,0.1701799,0.012699993
1987-12-21,-9.0,-11.5,-6.6,,0.1803399,0.0050799972
1987-12-22,-10.7,-14.2,-0.5,,0.1854199,0.0
1987-12-23,-14.4,-19.0,-8.9,,0.1854199,0.0
1987-12-24,-15.4,-19.1,-9.3,,0.1854199,0.0
1987-12-25,-11.6,-15.4,-0.2,,0.1854199,0.0025399986
1987-12-26,-5.3,-12.0,7.0,,0.1854199,0.0
1987-12-27,-2.7,-7.6,9.2,,0.1854199,0.0
1987-12-28,-2.8,-6.3,9.1,,0.1854199,0.0
1987-12-29,-6.5,-15.6,2.0,,0.1854199,0.0
1987-12-30,-18.1,-21.1,-9.9,,0.1854199,0.0
1987-12-31,-15.1,-21.3,-6.4,,0.1854199,0.0025399986
1988-01-01,-12.4,-14.8,-6.4,,0.1879599,0.0
1988-01-02,-11.9,-15.5,-2.9,,0.1879599,0.0
1988-01-03,-16.1,-20.2,-4.4,,0.1879599,0.0
1988-01-04,-14.3,-19.7,0.1,,0.1879599,0.0
1988-01-05,-12.2,-17.4,1.3,,0.1879599,0.0
1988-01-06,-12.0,-16.7,1.9,,0.1879599,0.0050799972
1988-01-07,-10.7,-14.9,-3.9,,0.1930399,0.0025399986
1988-01-08,-11.8,-18.3,-2.2,,0.1955799,0.0050799972
1988-01-09,-7.5,-9.0,-4.4,,0.1981199,0.007619996
1988-01-10,-5.2,-6.8,-3.0,,0.20573989,0.033019982
1988-01-11,-8.2,-11.3,-2.9,,0.23875988,0.0
1988-01-12,-10.5,-11.8,-6.5,,0.23875988,0.0050799972
1988-01-13,-8.4,-11.3,-6.1,,0.24383987,0.012699993
1988-01-14,-2.5,-6.2,0.5,,0.25399986,0.020319989
1988-01-15,-5.1,-10.0,0.3,,0.27431986,0.0025399986
1988-01-16,-9.6,-11.1,-6.2,,0.27685985,0.0
1988-01-17,-11.0,-15.4,-4.9,,0.27685985,0.0
1988-01-18,-12.5,-17.8,0.9,,0.27685985,0.0
1988-01-19,-11.1,-14.6,-3.4,,0.27685985,0.0050799972
1988-01-20,-7.8,-9.6,-2.1,,0.27685985,0.012699993
1988-01-21,-9.0,-10.6,-4.1,,0.28701985,0.0050799972
1988-01-22,-5.8,-9.7,-1.4,,0.29209983,0.015239992
1988-01-23,-9.2,-11.5,-5.2,,0.30479982,0.0
1988-01-24,-9.5,-13.1,-2.2,,0.30479982,0.0025399986
1988-01-25,-5.4,-9.5,2.4,,0.30733985,0.0
1988-01-26,-2.9,-8.3,4.1,,0.30733985,0.007619996
1988-01-27,0.5,-4.5,6.6,,0.31241983,0.0025399986
1988-01-28,2.6,0.2,5.3,,0.31495982,0.0025399986
1988-01-29,-2.0,-3.6,0.6,,0.31749982,0.0050799972
1988-01-30,-10.2,-22.1,-3.6,,0.32257983,0.0
1988-01-31,-21.6,-27.5,-7.3,,0.32257983,0.0
1988-02-01,-19.5,-28.9,-6.9,,0.32257983,0.0050799972
1988-02-02,-14.6,-18.0,-11.5,,0.32765982,0.012699993
1988-02-03,-11.1,-12.6,-9.8,,0.3378198,0.012699993
1988-02-04,-8.2,-11.3,-4.1,,0.3505198,0.0050799972
1988-02-05,-7.1,-16.4,-1.9,,0.35559982,0.007619996
1988-02-06,-5.5,-7.4,-1.5,,0.3632198,0.0025399986
1988-02-07,-5.0,-6.9,-3.9,,0.3632198,0.033019982
1988-02-08,-4.7,-7.6,0.6,,0.3962398,0.025399987
1988-02-09,-4.3,-6.0,-2.7,,0.41909978,0.007619996
1988-02-10,-5.5,-8.9,-1.9,,0.42671975,0.0050799972
1988-02-11,-1.7,-3.1,0.2,,0.43179977,0.0025399986
1988-02-12,0.6,-3.3,9.2,,0.43433976,0.0101599945
1988-02-13,-4.3,-6.9,0.0,,0.44449976,0.0050799972
1988-02-14,-6.1,-8.3,-2.2,,0.44449976,0.020319989
1988-02-15,-5.3,-8.7,-1.7,,0.46481976,0.007619996
1988-02-16,-7.7,-9.5,-0.3,,0.47243974,0.0050799972
1988-02-17,-6.8,-9.6,-0.6,,0.47751975,0.0050799972
1988-02-18,-6.4,-11.2,-0.5,,0.47751975,0.007619996
1988-02-19,-4.2,-7.4,-0.8,,0.48513973,0.0050799972
1988-02-20,-0.7,-4.5,5.8,,0.48513973,0.0025399986
1988-02-21,-0.4,-9.0,6.1,,0.48513973,0.0
1988-02-22,-10.2,-16.2,-3.4,,0.48513973,0.0050799972
1988-02-23,-5.2,-16.2,9.5,,0.49021974,0.0050799972
1988-02-24,1.8,-7.0,13.6,,0.49021974,0.007619996
1988-02-25,3.4,0.3,7.3,,0.49783972,0.0
1988-02-26,5.2,-1.2,16.9,,0.49783972,0.0
1988-02-27,4.4,-5.6,15.7,,0.49783972,0.0
1988-02-28,2.9,-6.3,17.1,,0.49783972,0.0
1988-02-29,3.3,-4.9,13.8,,0.49783972,0.0
1988-03-01,-4.0,-8.4,3.2,,0.49783972,0.0
1988-03-02,-1.9,-8.3,3.8,,0.49783972,0.0050799972
1988-03-03,-3.7,-7.1,1.9,,0.49783972,0.0050799972
1988-03-04,-3.1,-8.0,4.8,,0.50291973,0.012699993
1988-03-05,-0.6,-3.5,5.7,,0.5105397,0.0101599945
1988-03-06,-5.0,-9.7,-1.6,,0.52069974,0.0
1988-03-07,-5.5,-10.1,3.5,,0.52069974,0.0050799972
1988-03-08,-0.2,-7.1,9.3,,0.52069974,0.0
1988-03-09,-3.1,-9.4,2.8,,0.52069974,0.0025399986
1988-03-10,-7.1,-10.0,-1.3,,0.52323973,0.0050799972
1988-03-11,-8.0,-12.0,-4.0,,0.5283197,0.0050799972
1988-03-12,-7.5,-13.0,-2.0,,0.5333997,0.0050799972
1988-03-13,-6.0,-11.0,1.3,,0.5359397,0.0
1988-03-14,-3.5,-8.9,6.1,,0.5359397,0.0101599945
1988-03-15,-8.7,-13.8,-0.4,,0.5460997,0.0
1988-03-16,-8.4,-16.3,3.8,,0.5460997,0.0
1988-03-17,-1.5,-11.2,11.8,,0.5460997,0.007619996
1988-03-18,2.3,-3.9,11.4,,0.5486397,0.0050799972
1988-03-19,4.2,0.3,11.2,,0.5537197,0.0
1988-03-20,2.7,-0.1,8.1,,0.5537197,0.0050799972
1988-03-21,0.0,-4.8,5.9,,0.5537197,0.0050799972
1988-03-22,-1.5,-5.0,3.0,,0.5587997,0.007619996
1988-03-23,-3.8,-5.6,-1.7,,0.5664197,0.030479984
1988-03-24,-2.0,-9.0,5.0,,0.5918197,0.020319989
1988-03-25,1.5,-6.0,9.0,,0.61213964,0.0050799972
1988-03-26,2.1,-5.1,10.6,,0.61213964,0.030479984
1988-03-27,-0.6,-12.0,11.0,,0.64261967,0.0
1988-03-28,-2.5,-11.2,6.0,,0.64261967,0.0
1988-03-29,-7.0,-11.8,1.8,,0.64261967,0.015239992
1988-03-30,-7.7,-13.1,0.8,,0.6578596,0.0050799972
1988-03-31,-4.6,-8.4,5.1,,0.66293967,0.0050799972
1988-04-01,1.4,-5.4,10.7,,0.66801965,0.0050799972
1988-04-02,3.5,0.6,6.5,,0.67309964,0.0050799972
1988-04-03,-2.4,-6.8,2.1,,0.6781796,0.0050799972
1988-04-04,-7.1,-9.2,-2.4,,0.6781796,0.007619996
1988-04-05,-2.7,-9.6,6.7,,0.6807196,0.015239992
1988-04-06,7.2,2.2,15.8,,0.6959596,0.0
1988-04-07,-2.1,-6.8,6.2,,0.68579966,0.0
1988-04-08,-5.4,-11.5,2.3,,0.6807196,0.0
1988-04-09,-3.9,-12.9,6.7,,0.6807196,0.012699993
1988-04-10,5.3,-4.0,15.9,,0.69341964,0.0050799972
1988-04-11,8.2,3.5,17.2,,0.68833965,0.0
1988-04-12,9.3,1.2,19.9,,0.68579966,0.0
1988-04-13,5.9,-0.2,15.1,,0.66801965,0.0
1988-04-14,8.2,0.5,21.2,,0.6603996,0.0
1988-04-15,11.6,3.0,24.9,,0.65277964,0.0050799972
1988-04-16,10.4,2.9,22.5,,0.64261967,0.0
1988-04-17,6.9,0.9,19.0,,0.62483966,0.0
1988-04-18,2.7,-1.0,7.5,,0.60451967,0.0
1988-04-19,3.9,-1.7,15.8,,0.5968997,0.0
1988-04-20,-1.3,-2.7,0.6,,0.5791197,0.012699993
1988-04-21,-1.5,-3.2,3.0,,0.5918197,0.0050799972
1988-04-22,-1.5,-5.7,2.9,,0.5968997,0.0
1988-04-23,0.7,-5.7,9.1,,0.5918197,0.0025399986
1988-04-24,-0.8,-5.5,4.8,,0.5918197,0.0025399986
1988-04-25,-5.3,-8.6,2.8,,0.5918197,0.012699993
1988-04-26,-2.5,-9.3,7.5,,0.60451967,0.0050799972
1988-04-27,3.5,-5.1,14.5,,0.60959965,0.007619996
1988-04-28,7.9,2.9,20.5,,0.60959965,0.0025399986
1988-04-29,2.2,-2.5,8.1,,0.60451967,0.0
1988-04-30,-1.7,-7.7,6.1,,0.5918197,0.0
1988-05-01,-3.4,-7.8,6.5,,0.58673966,0.0
1988-05-02,-1.8,-8.0,7.6,,0.58419967,0.007619996
1988-05-03,0.8,-5.1,11.5,,0.5918197,0.0050799972
1988-05-04,2.3,-3.3,9.6,,0.58673966,0.0101599945
1988-05-05,5.8,-0.5,17.1,,0.5918197,0.0
1988-05-06,2.1,0.0,6.3,,0.5740397,0.007619996
1988-05-07,0.4,-0.4,2.6,,0.5664197,0.015239992
1988-05-08,5.2,-2.4,15.9,,0.5714997,0.0025399986
1988-05-09,5.9,-0.1,15.7,,0.5664197,0.0025399986
1988-05-10,7.1,1.0,17.5,,0.5359397,0.0050799972
1988-05-11,11.2,6.2,21.3,,0.5105397,0.0
1988-05-12,13.2,6.4,26.0,,0.47751975,0.0
1988-05-13,6.1,0.1,13.9,,0.44703975,0.0
1988-05-14,0.7,-1.8,5.5,,0.41401976,0.0
1988-05-15,7.1,-1.3,18.4,,0.40893978,0.0025399986
1988-05-16,11.4,6.6,21.5,,0.3809998,0.0025399986
1988-05-17,2.7,-2.0,8.8,,0.3378198,0.0
1988-05-18,1.0,-3.5,9.7,,0.31495982,0.0050799972
1988-05-19,1.8,-2.7,10.1,,0.28955984,0.0
1988-05-20,5.4,-0.1,15.2,,0.27939984,0.0
1988-05-21,8.7,0.2,21.6,,0.24891986,0.0
1988-05-22,13.7,5.4,26.3,,0.22097988,0.0025399986
1988-05-23,14.3,6.6,22.5,,0.1854199,0.0
1988-05-24,10.4,5.8,18.2,,0.13207993,0.0
1988-05-25,10.8,1.5,21.6,,0.088899955,0.0
1988-05-26,11.2,3.5,20.2,,0.068579964,0.0050799972
1988-05-27,7.8,2.7,13.2,,0.033019982,0.0
1988-05-28,9.0,2.2,17.6,,0.012699993,0.0
1988-05-29,8.9,1.6,18.1,,0.012699993,0.0
1988-05-30,0.4,-1.7,3.4,,0.0101599945,0.022859987
1988-05-31,0.3,-2.3,4.0,,0.012699993,0.0
1988-06-01,2.4,-0.6,8.9,,0.007619996,0.0101599945
1988-06-02,5.7,-1.7,14.1,,0.007619996,0.0101599945
1988-06-03,14.9,6.9,26.0,,0.015239992,0.0
1988-06-04,16.9,7.9,26.4,,0.015239992,0.0
1988-06-05,14.0,6.5,20.9,,0.015239992,0.0
1988-06-06,13.8,6.8,23.6,,0.015239992,0.0
1988-06-07,15.5,4.5,25.0,,0.015239992,0.0
1988-06-08,5.6,1.8,12.5,,0.0101599945,0.0
1988-06-09,10.9,-1.2,22.3,,0.0,0.0
1988-06-10,12.4,4.4,21.0,,0.0,0.0
1988-06-11,8.3,1.6,16.8,,0.0,0.0
1988-06-12,4.4,1.4,7.2,,0.0,0.0
1988-06-13,4.0,0.4,10.3,,0.0,0.0101599945
1988-06-14,8.7,1.5,18.1,,0.0,0.0
1988-06-15,13.8,4.8,24.5,,0.0,0.007619996
1988-06-16,17.4,10.9,26.2,,0.0,0.0
1988-06-17,16.2,11.0,26.7,,0.0,0.0
1988-06-18,12.9,7.2,19.5,,0.0,0.0
1988-06-19,17.0,8.3,26.5,,0.0,0.0
1988-06-20,18.3,13.3,27.4,,0.0,0.0
1988-06-21,18.1,12.1,26.7,,0.0,0.0025399986
1988-06-22,18.4,13.3,28.2,,0.0,0.0
1988-06-23,18.0,11.8,25.7,,0.0,0.0
1988-06-24,16.4,10.3,26.7,,0.0,0.0
1988-06-25,19.6,12.9,31.1,,0.0,0.0050799972
1988-06-26,16.3,11.4,23.5,,0.0,0.0
1988-06-27,13.7,8.6,24.5,,0.0,0.007619996
1988-06-28,15.5,7.0,24.0,,0.0,0.0025399986
1988-06-29,4.6,-0.2,9.6,,0.0,0.0
1988-06-30,8.8,-0.6,19.2,,0.0,0.0
1988-07-01,13.8,8.3,21.3,,0.0,0.0
1988-07-02,16.7,10.2,24.3,,0.0,0.0
1988-07-03,14.5,8.1,22.6,,0.0,0.0
1988-07-04,11.6,6.7,22.0,,0.0,0.007619996
1988-07-05,9.8,5.7,17.2,,0.0,0.007619996
1988-07-06,4.9,1.6,10.3,,0.0,0.0
1988-07-07,9.4,1.7,19.2,,0.0,0.0050799972
1988-07-08,14.7,7.3,24.7,,0.0,0.0
1988-07-09,15.7,8.1,26.1,,0.0,0.0
1988-07-10,16.1,10.4,26.8,,0.0,0.0
1988-07-11,15.2,9.0,25.4,,0.0,0.0
1988-07-12,8.4,3.9,13.9,,0.0,0.0
1988-07-13,10.9,6.1,19.3,,0.0,0.0
1988-07-14,9.1,6.1,12.7,,0.0,0.0
1988-07-15,12.0,4.0,21.3,,0.0,0.0
1988-07-16,12.8,6.0,23.0,,0.0,0.0
1988-07-17,12.6,4.5,21.2,,0.0,0.0
1988-07-18,9.6,3.8,18.5,,0.0,0.0
1988-07-19,11.8,4.4,22.5,,0.0,0.0
1988-07-20,16.5,7.6,28.3,,0.0,0.0
1988-07-21,19.7,13.0,28.4,,0.0,0.0
1988-07-22,18.9,11.9,27.6,,0.0,0.0
1988-07-23,14.9,3.9,26.4,,0.0,0.0
1988-07-24,17.2,9.5,26.5,,0.0,0.0
1988-07-25,19.7,11.9,29.0,,0.0,0.0
1988-07-26,20.6,13.5,29.3,,0.0,0.0
1988-07-27,19.9,14.3,28.0,,0.0,0.0
1988-07-28,16.1,11.1,24.5,,0.0,0.0
1988-07-29,16.9,8.6,26.9,,0.0,0.0
1988-07-30,18.9,13.1,28.6,,0.0,0.0
1988-07-31,17.8,11.7,26.4,,0.0,0.0
1988-08-01,12.5,3.5,19.2,,0.0,0.0
1988-08-02,7.1,0.4,18.0,,0.0,0.0
1988-08-03,11.3,3.1,21.8,,0.0,0.0
1988-08-04,15.1,7.4,24.5,,0.0,0.0
1988-08-05,19.3,12.2,28.7,,0.0,0.0
1988-08-06,12.0,5.2,17.1,,0.0,0.0
1988-08-07,8.7,2.7,18.4,,0.0,0.0
1988-08-08,11.9,2.9,22.5,,0.0,0.0
1988-08-09,15.7,9.8,25.0,,0.0,0.0
1988-08-10,17.8,11.3,26.3,,0.0,0.0
1988-08-11,16.9,9.1,27.9,,0.0,0.0
1988-08-12,13.5,8.5,22.7,,0.0,0.0
1988-08-13,14.3,6.6,25.3,,0.0,0.0025399986
1988-08-14,13.7,7.1,22.2,,0.0,0.0
1988-08-15,15.5,8.8,26.5,,0.0,0.0
1988-08-16,13.7,7.4,23.5,,0.0,0.0
1988-08-17,16.5,8.9,27.2,,0.0,0.0
1988-08-18,14.2,7.1,21.5,,0.0,0.0
1988-08-19,14.3,3.9,25.2,,0.0,0.0
1988-08-20,10.6,2.7,16.8,,0.0,0.0
1988-08-21,8.6,1.5,18.6,,0.0,0.0
1988-08-22,11.6,3.3,22.8,,0.0,0.0
1988-08-23,16.0,7.2,27.6,,0.0,0.0
1988-08-24,18.7,10.5,30.5,,0.0,0.0
1988-08-25,18.8,11.9,29.2,,0.0,0.0
1988-08-26,10.6,4.2,15.7,,0.0,0.0
1988-08-27,11.3,3.2,24.9,,0.0,0.0
1988-08-28,15.1,6.4,28.3,,0.0,0.0
1988-08-29,18.1,11.1,26.2,,0.0,0.0
1988-08-30,14.3,7.8,23.4,,0.0,0.0
1988-08-31,13.2,5.6,22.0,,0.0,0.0
1988-09-01,15.3,7.5,27.1,,0.0,0.0
1988-09-02,17.7,10.8,30.5,,0.0,0.0
1988-09-03,17.4,9.9,28.8,,0.0,0.0
1988-09-04,18.1,9.8,29.4,,0.0,0.0
1988-09-05,18.4,13.1,27.1,,0.0,0.0
1988-09-06,17.6,11.2,24.0,,0.0,0.0
1988-09-07,8.7,3.5,15.1,,0.0,0.0
1988-09-08,9.3,1.4,19.0,,0.0,0.0
1988-09-09,12.6,4.7,21.2,,0.0,0.0
1988-09-10,3.3,-2.8,8.9,,0.0,0.007619996
1988-09-11,-1.6,-4.5,5.5,,0.0,0.0
1988-09-12,4.2,-5.1,17.6,,0.0,0.007619996
1988-09-13,9.6,3.8,20.4,,0.0,0.0
1988-09-14,11.6,2.9,23.2,,0.0,0.0
1988-09-15,14.4,9.6,23.7,,0.0,0.0
1988-09-16,9.3,1.4,14.4,,0.0,0.0
1988-09-17,0.1,-2.6,2.4,,0.0,0.0101599945
1988-09-18,-0.9,-4.0,7.8,,0.0,0.0025399986
1988-09-19,1.1,-1.7,5.8,,0.0,0.0025399986
1988-09-20,0.8,-1.8,5.0,,0.0,0.0
1988-09-21,3.8,0.5,11.6,,0.0,0.0
1988-09-22,3.9,-2.6,12.7,,0.0,0.0025399986
1988-09-23,6.1,1.3,12.4,,0.0,0.0
1988-09-24,6.5,2.6,15.4,,0.0,0.0
1988-09-25,7.2,4.1,12.5,,0.0,0.0025399986
1988-09-26,5.5,2.8,9.2,,0.0,0.0
1988-09-27,1.9,-1.8,4.8,,0.0,0.0025399986
1988-09-28,2.7,-2.3,10.8,,0.0,0.007619996
1988-09-29,10.7,3.9,20.4,,0.0,0.0025399986
1988-09-30,12.3,4.8,21.8,,0.0,0.0
1988-10-01,10.3,4.4,21.6,,0.0,0.0
1988-10-02,8.4,2.3,21.5,,0.0,0.0
1988-10-03,6.0,1.2,16.8,,0.0,0.0
1988-10-04,8.4,0.5,23.0,,0.0,0.0
1988-10-05,11.4,5.7,23.0,,0.0,0.0
1988-10-06,11.9,6.2,23.4,,0.0,0.0
1988-10-07,12.9,6.2,24.8,,0.0,0.0
1988-10-08,12.7,8.7,20.6,,0.0,0.0
1988-10-09,12.0,6.4,23.5,,0.0,0.0
1988-10-10,13.4,6.9,25.7,,0.0,0.0
1988-10-11,14.0,9.2,22.9,,0.0,0.0
1988-10-12,13.0,7.8,21.5,,0.0,0.0
1988-10-13,10.5,5.8,18.1,,0.0,0.0
1988-10-14,4.6,1.5,9.1,,0.0,0.007619996
1988-10-15,2.9,1.6,4.4,,0.0,0.068579964
1988-10-16,4.0,0.0,5.1,,0.0,0.09905995
1988-10-17,1.1,-2.2,7.5,,0.0,0.0
1988-10-18,1.3,-3.7,8.8,,0.0,0.007619996
1988-10-19,1.7,0.4,3.6,,0.0,0.0050799972
1988-10-20,3.4,1.7,7.3,,0.0,0.0
1988-10-21,8.6,2.9,16.2,,0.0,0.0025399986
1988-10-22,1.9,-0.8,7.3,,0.0,0.0
1988-10-23,2.8,-0.2,8.9,,0.0,0.0
1988-10-24,4.5,1.1,11.2,,0.0,0.0
1988-10-25,5.4,1.6,11.9,,0.0,0.0
1988-10-26,0.8,-7.9,5.4,,0.0,0.0
1988-10-27,-7.3,-12.1,4.0,,0.0,0.0
1988-10-28,-2.3,-8.9,6.1,,0.0,0.007619996
1988-10-29,3.4,-2.9,11.9,,0.007619996,0.0050799972
1988-10-30,3.7,1.6,9.4,,0.012699993,0.0025399986
1988-10-31,7.1,3.5,12.0,,0.0050799972,0.0
1988-11-01,6.1,1.0,10.8,,0.0050799972,0.0
1988-11-02,0.4,-0.1,1.3,,0.0025399986,0.007619996
1988-11-03,1.3,2.8,0.9,,0.0050799972,0.007619996
1988-11-04,-2.5,-3.9,0.2,,0.007619996,0.012699993
1988-11-05,0.0,-3.1,4.4,,0.020319989,0.0101599945
1988-11-06,-1.5,-6.0,5.4,,0.025399987,0.0050799972
1988-11-07,-6.2,-8.2,-4.5,,0.027939985,0.0
1988-11-08,-5.4,-6.9,-3.6,,0.027939985,0.0
1988-11-09,-6.0,-9.6,-2.5,,0.027939985,0.0
1988-11-10,-4.7,-7.9,-2.8,,0.027939985,0.017779991
1988-11-11,-6.1,-7.9,-4.1,,0.045719974,0.0
1988-11-12,-5.5,-8.0,-3.1,,0.045719974,0.020319989
1988-11-13,-5.5,-8.8,2.9,,0.066039965,0.0101599945
1988-11-14,-8.4,-10.9,-3.2,,0.076199956,0.0
1988-11-15,-8.0,-12.2,0.8,,0.076199956,0.0025399986
1988-11-16,-5.9,-7.3,-3.0,,0.078739956,0.0025399986
1988-11-17,-6.2,-8.5,-2.9,,0.078739956,0.0025399986
1988-11-18,-7.7,-9.3,-5.0,,0.081279956,0.0025399986
1988-11-19,-7.1,-8.9,-3.6,,0.081279956,0.0025399986
1988-11-20,-5.0,-5.9,-2.2,,0.083819956,0.012699993
1988-11-21,-3.9,-6.1,1.3,,0.09397995,0.0050799972
1988-11-22,-1.5,-3.4,0.8,,0.09905995,0.025399987
1988-11-23,-5.8,-9.3,0.4,,0.12445993,0.0
1988-11-24,-9.9,-12.1,-5.8,,0.12445993,0.0
1988-11-25,-8.7,-10.8,-6.3,,0.12445993,0.007619996
1988-11-26,-13.1,-20.0,-10.1,,0.13207993,0.0025399986
1988-11-27,-8.8,-13.8,-4.1,,0.13461992,0.027939985
1988-11-28,-6.3,-8.2,-4.1,,0.16001992,0.012699993
1988-11-29,-7.1,-8.3,-5.8,,0.17271991,0.0025399986
1988-11-30,-3.4,-7.5,2.5,,0.1752599,0.0050799972
1988-12-01,1.7,-3.4,10.7,,0.17779991,0.0025399986
1988-12-02,0.4,-2.1,6.1,,0.17779991,0.0
1988-12-03,2.0,-2.6,10.3,,0.17779991,0.0
1988-12-04,3.9,-2.8,11.0,,0.17779991,0.0
1988-12-05,-0.2,-3.4,4.7,,0.17779991,0.0
1988-12-06,-3.1,-7.3,-0.5,,0.17779991,0.0025399986
1988-12-07,-7.6,-12.4,-2.7,,0.1803399,0.0
1988-12-08,-6.9,-13.0,-3.4,,0.1803399,0.012699993
1988-12-09,-1.6,-4.2,6.5,,0.1879599,0.0
1988-12-10,-3.0,-5.9,2.0,,0.1879599,0.0
1988-12-11,-2.2,-5.9,1.1,,0.1879599,0.0
1988-12-12,0.0,-1.4,0.8,,0.1879599,0.017779991
1988-12-13,-4.6,-8.8,0.9,,0.20573989,0.0050799972
1988-12-14,-11.8,-16.0,-8.9,,0.21081989,0.0
1988-12-15,-12.1,-17.7,1.3,,0.21081989,0.0050799972
1988-12-16,-5.3,-11.8,5.8,,0.21335988,0.007619996
1988-12-17,3.7,-5.2,9.5,,0.21589988,0.0025399986
1988-12-18,1.0,-5.8,6.3,,0.21843988,0.0
1988-12-19,-8.0,-12.3,-5.8,,0.21843988,0.0
1988-12-20,-8.7,-12.8,-5.6,,0.21843988,0.0050799972
1988-12-21,-7.4,-10.5,-2.7,,0.22351988,0.0
1988-12-22,-9.3,-11.5,-7.5,,0.22351988,0.0050799972
1988-12-23,-9.9,-11.1,-8.5,,0.22859988,0.0
1988-12-24,-11.7,-17.7,2.1,,0.22859988,0.0025399986
1988-12-25,-20.1,-22.2,-16.7,,0.23113987,0.0
1988-12-26,-16.4,-21.0,-5.2,,0.23113987,0.0
1988-12-27,-13.7,-16.9,-9.3,,0.23113987,0.0050799972
1988-12-28,-12.5,-14.3,-7.4,,0.23367988,0.0025399986
1988-12-29,-9.6,-13.4,-6.4,,0.23621987,0.020319989
1988-12-30,-4.3,-6.4,-2.9,,0.24891986,0.030479984
1988-12-31,-7.4,-9.4,-1.8,,0.27939984,0.007619996
1989-01-01,-9.3,-9.9,-8.1,,0.28701985,0.007619996
1989-01-02,-7.2,-9.3,-5.3,,0.29463986,0.012699993
1989-01-03,-1.0,-4.7,2.2,,0.30479982,0.0050799972
1989-01-04,-1.0,-3.5,5.1,,0.30987984,0.0
1989-01-05,-4.3,-10.2,-1.7,,0.30987984,0.0101599945
1989-01-06,-17.2,-26.2,-10.2,,0.32003984,0.0
1989-01-07,-19.8,-25.9,-8.6,,0.32003984,0.0
1989-01-08,-14.0,-17.8,-9.5,,0.32003984,0.0101599945
1989-01-09,-7.2,-9.5,-5.7,,0.3301998,0.025399987
1989-01-10,-9.1,-13.3,-5.2,,0.3530598,0.0050799972
1989-01-11,-11.4,-13.1,-8.3,,0.35559982,0.0
1989-01-12,-8.1,-12.2,-4.9,,0.35559982,0.0101599945
1989-01-13,-5.6,-10.3,-2.1,,0.3657598,0.0050799972
1989-01-14,-12.1,-12.9,-10.3,,0.3708398,0.022859987
1989-01-15,-9.0,-12.4,-6.4,,0.3936998,0.030479984
1989-01-16,-4.4,-6.4,-2.7,,0.42163977,0.040639978
1989-01-17,-3.9,-4.3,-2.7,,0.45973974,0.012699993
1989-01-18,-2.5,-3.8,-1.4,,0.47243974,0.0050799972
1989-01-19,-3.3,-5.6,0.7,,0.47751975,0.007619996
1989-01-20,0.4,-4.0,7.0,,0.48513973,0.0025399986
1989-01-21,-2.7,-5.1,-0.6,,0.48513973,0.012699993
1989-01-22,-8.3,-11.9,-5.1,,0.49783972,0.0101599945
1989-01-23,-12.6,-17.8,-7.2,,0.5079997,0.0
1989-01-24,-12.7,-17.9,-3.5,,0.5079997,0.0
1989-01-25,-10.0,-13.0,-4.4,,0.5079997,0.007619996
1989-01-26,-2.8,-7.7,4.7,,0.5105397,0.0050799972
1989-01-27,-5.1,-8.8,-0.7,,0.5156197,0.0
1989-01-28,-3.8,-8.8,1.9,,0.5156197,0.0
1989-01-29,-2.3,-5.0,0.1,,0.5156197,0.012699993
1989-01-30,2.3,-1.8,7.1,,0.5283197,0.007619996
1989-01-31,-19.5,-32.9,-1.8,,0.5359397,0.007619996
1989-02-01,-36.3,-41.1,-30.8,,0.5410197,0.0050799972
1989-02-02,-36.0,-42.0,-26.1,,0.5460997,0.0
1989-02-03,-32.8,-40.4,-17.6,,0.5460997,0.0
1989-02-04,-23.4,-30.9,-14.7,,0.5460997,0.0
1989-02-05,-16.3,-22.5,-8.4,,0.5460997,0.0
1989-02-06,-11.6,-15.1,-3.5,,0.5460997,0.0
1989-02-07,-12.4,-19.2,-5.1,,0.5460997,0.0
1989-02-08,-8.2,-19.7,8.9,,0.5460997,0.0050799972
1989-02-09,2.0,-6.3,11.0,,0.5460997,0.0025399986
1989-02-10,4.3,-1.1,16.8,,0.5486397,0.0
1989-02-11,3.0,-1.5,15.5,,0.5486397,0.0
1989-02-12,-0.4,-5.0,8.0,,0.5486397,0.0
1989-02-13,-6.1,-10.7,1.1,,0.5486397,0.0
1989-02-14,-5.5,-9.9,3.6,,0.5486397,0.0050799972
1989-02-15,-5.2,-9.8,0.2,,0.5537197,0.0
1989-02-16,-12.9,-19.0,-6.7,,0.5537197,0.0050799972
1989-02-17,-6.8,-19.8,6.1,,0.5587997,0.022859987
1989-02-18,4.3,1.4,9.1,,0.5740397,0.007619996
1989-02-19,4.6,2.2,10.5,,0.5791197,0.0
1989-02-20,1.8,0.4,5.6,,0.5791197,0.0
1989-02-21,3.2,-1.6,11.4,,0.5791197,0.0
1989-02-22,5.6,-1.4,12.5,,0.5791197,0.007619996
1989-02-23,1.9,0.2,5.1,,0.58673966,0.0
1989-02-24,6.5,1.5,16.0,,0.58673966,0.0050799972
1989-02-25,1.6,-2.7,11.8,,0.5918197,0.0
1989-02-26,-0.2,-3.2,5.6,,0.5918197,0.0050799972
1989-02-27,-4.5,-11.4,2.8,,0.5968997,0.0025399986
1989-02-28,-13.7,-18.8,-7.0,,0.5968997,0.0025399986
1989-03-01,-15.1,-19.4,-6.8,,0.5994397,0.012699993
1989-03-02,-14.2,-18.8,-5.0,,0.61213964,0.0
1989-03-03,-15.7,-24.8,-3.6,,0.61213964,0.007619996
1989-03-04,-3.2,-17.9,15.1,,0.61213964,0.017779991
1989-03-05,-2.0,-7.7,3.1,,0.6222997,0.007619996
1989-03-06,0.3,-1.4,2.0,,0.62991965,0.020319989
1989-03-07,-2.2,-7.1,0.7,,0.65023965,0.0025399986
1989-03-08,-1.3,-7.6,2.2,,0.65277964,0.012699993
1989-03-09,5.0,-1.8,9.9,,0.6578596,0.012699993
1989-03-10,3.3,0.0,9.5,,0.67055964,0.0025399986
1989-03-11,3.6,-1.2,10.4,,0.67309964,0.0
1989-03-12,2.9,-1.5,9.2,,0.67309964,0.0
1989-03-13,-2.8,-7.5,3.6,,0.67309964,0.007619996
1989-03-14,-6.6,-7.9,-2.7,,0.6807196,0.017779991
1989-03-15,-5.1,-8.2,-1.2,,0.6984996,0.0101599945
1989-03-16,-12.6,-18.5,-5.9,,0.7086596,0.0050799972
1989-03-17,-10.9,-18.9,-2.6,,0.71373963,0.012699993
1989-03-18,-4.1,-12.2,2.1,,0.7264396,0.007619996
1989-03-19,-4.2,-7.4,0.6,,0.73405963,0.0
1989-03-20,-3.8,-7.9,2.2,,0.73405963,0.012699993
1989-03-21,-1.5,-6.8,4.7,,0.7467596,0.0101599945
1989-03-22,-5.0,-9.7,-0.5,,0.7543796,0.0
1989-03-23,-6.5,-12.4,-0.9,,0.7543796,0.0050799972
1989-03-24,-3.1,-13.3,5.7,,0.7594596,0.0
1989-03-25,-0.2,-4.8,6.2,,0.7594596,0.0
1989-03-26,-1.0,-4.7,4.4,,0.75691956,0.0
1989-03-27,-1.5,-4.1,4.9,,0.75691956,0.0050799972
1989-03-28,-2.7,-6.6,0.8,,0.7594596,0.0
1989-03-29,-4.1,-7.0,2.1,,0.7594596,0.0
1989-03-30,-2.8,-7.3,2.8,,0.7594596,0.0025399986
1989-03-31,-3.2,-8.2,0.5,,0.7619996,0.015239992
1989-04-01,-4.4,-11.3,2.3,,0.77723956,0.012699993
1989-04-02,-5.8,-8.1,-1.9,,0.7899396,0.0025399986
1989-04-03,-5.6,-10.0,-0.8,,0.7924796,0.012699993
1989-04-04,-4.3,-8.7,0.3,,0.80517954,0.0
1989-04-05,-0.8,-4.1,1.1,,0.80517954,0.048259974
1989-04-06,4.4,0.4,10.2,,0.8280395,0.0025399986
1989-04-07,3.0,-2.6,6.8,,0.8305796,0.0025399986
1989-04-08,-4.9,-11.5,6.0,,0.8331196,0.0
1989-04-09,-7.6,-16.0,-1.7,,0.8331196,0.0050799972
1989-04-10,-2.3,-12.8,5.4,,0.83819956,0.0101599945
1989-04-11,-0.9,-9.0,7.1,,0.8483595,0.0
1989-04-12,2.1,-5.3,10.6,,0.8483595,0.0
1989-04-13,3.4,-3.8,12.0,,0.84327954,0.0
1989-04-14,4.8,-1.3,12.1,,0.82041955,0.0
1989-04-15,2.9,-0.3,8.4,,0.82041955,0.0
1989-04-16,-3.3,-10.5,5.0,,0.80517954,0.0
1989-04-17,-3.7,-9.2,0.9,,0.7873996,0.012699993
1989-04-18,2.6,-6.3,11.5,,0.80009955,0.0025399986
1989-04-19,6.5,-0.4,16.5,,0.80263954,0.0
1989-04-20,7.0,-1.2,17.6,,0.80263954,0.0025399986
1989-04-21,6.1,-0.3,15.0,,0.7924796,0.0
1989-04-22,-0.2,-4.9,5.6,,0.77469957,0.0
1989-04-23,-2.3,-5.0,1.4,,0.7594596,0.0025399986
1989-04-24,-3.2,-5.5,0.0,,0.7619996,0.007619996
1989-04-25,-1.5,-4.3,4.9,,0.7670796,0.0025399986
1989-04-26,-0.6,-6.8,6.3,,0.7670796,0.0025399986
1989-04-27,-3.1,-5.8,-0.5,,0.7696196,0.0025399986
1989-04-28,-4.3,-6.6,-0.7,,0.7670796,0.0025399986
1989-04-29,-1.2,-9.9,6.2,,0.7696196,0.0
1989-04-30,2.7,-6.0,10.3,,0.7696196,0.0101599945
1989-05-01,4.1,-3.0,13.2,,0.77723956,0.0050799972
1989-05-02,6.7,3.7,13.5,,0.75691956,0.0
1989-05-03,6.2,3.3,14.8,,0.7442196,0.0050799972
1989-05-04,7.3,1.5,18.5,,0.73405963,0.0
1989-05-05,12.4,4.5,22.3,,0.7162796,0.0025399986
1989-05-06,15.3,9.7,24.1,,0.69341964,0.0025399986
1989-05-07,10.6,5.4,18.3,,0.6603996,0.0
1989-05-08,8.4,3.8,19.8,,0.63499963,0.0
1989-05-09,12.4,3.4,24.9,,0.62483966,0.0050799972
1989-05-10,11.4,3.9,23.2,,0.5968997,0.0050799972
1989-05-11,4.3,4.3,12.1,,0.5664197,0.0
1989-05-12,5.0,0.4,11.1,,0.5613397,0.0
1989-05-13,3.8,2.1,9.3,,0.5359397,0.0
1989-05-14,6.2,1.0,12.7,,0.5283197,0.0025399986
1989-05-15,7.4,2.5,14.2,,0.5156197,0.0025399986
1989-05-16,8.0,5.1,14.0,,0.50291973,0.0025399986
1989-05-17,8.1,4.0,17.1,,0.47243974,0.0025399986
1989-05-18,2.1,-2.0,10.3,,0.45719975,0.0025399986
1989-05-19,-0.3,-2.0,1.9,,0.45211977,0.025399987
1989-05-20,6.1,-0.8,15.3,,0.47751975,0.007619996
1989-05-21,7.8,3.7,14.6,,0.48259974,0.0
1989-05-22,10.1,3.7,20.3,,0.46989974,0.0
1989-05-23,5.6,-1.5,12.2,,0.44703975,0.0
1989-05-24,9.7,7.1,14.5,,0.42163977,0.007619996
1989-05-25,11.0,7.9,19.6,,0.42671975,0.0025399986
1989-05-26,13.4,7.7,21.4,,0.42671975,0.0050799972
1989-05-27,14.9,10.9,23.7,,0.43179977,0.0
1989-05-28,7.6,4.5,10.9,,0.41401976,0.0050799972
1989-05-29,11.0,4.9,24.0,,0.40893978,0.0050799972
1989-05-30,15.1,7.7,25.3,,0.41401976,0.0050799972
1989-05-31,18.0,12.6,27.0,,0.41401976,0.0050799972
1989-06-01,20.0,16.0,29.0,,0.39877978,0.0
1989-06-02,18.4,15.0,23.9,,0.3581398,0.0
1989-06-03,15.2,13.4,19.8,,0.33273983,0.0
1989-06-04,21.4,12.0,34.2,,0.30987984,0.0050799972
1989-06-05,25.3,18.3,33.8,,0.27177987,0.0
1989-06-06,25.4,18.3,33.7,,0.22097988,0.0
1989-06-07,23.6,16.6,35.7,,0.16763991,0.0
1989-06-08,25.2,16.8,38.1,,0.11683994,0.0
1989-06-09,23.1,14.7,32.7,,0.081279956,0.0
1989-06-10,16.9,13.5,23.5,,0.043179978,0.0101599945
1989-06-11,18.0,13.6,25.2,,0.020319989,0.0
1989-06-12,20.0,13.3,30.8,,0.0,0.007619996
1989-06-13,21.8,14.7,32.7,,0.0,0.0025399986
1989-06-14,22.9,17.5,29.1,,0.0,0.0025399986
1989-06-15,21.2,16.6,30.1,,0.0,0.007619996
1989-06-16,16.5,11.5,22.3,,0.0,0.0
1989-06-17,13.1,7.5,20.6,,0.0,0.0
1989-06-18,16.9,10.0,24.9,,0.0,0.0
1989-06-19,15.8,7.7,22.7,,0.0,0.0
1989-06-20,10.1,5.9,13.1,,0.0,0.0
1989-06-21,13.3,7.8,21.9,,0.0,0.0
1989-06-22,13.8,7.6,22.2,,0.0,0.0
1989-06-23,10.9,8.0,17.1,,0.0,0.0
1989-06-24,14.5,6.5,25.7,,0.0,0.0025399986
1989-06-25,12.8,7.5,23.4,,0.0,0.0025399986
1989-06-26,17.0,11.7,26.4,,0.0,0.0050799972
1989-06-27,18.0,12.7,25.6,,0.0,0.0
1989-06-28,17.5,12.1,26.5,,0.0,0.0025399986
1989-06-29,22.0,13.1,32.3,,0.0,0.0
1989-06-30,21.1,13.5,28.6,,0.0,0.0
1989-07-01,14.1,8.3,20.5,,0.0,0.0
1989-07-02,15.3,8.2,25.4,,0.0,0.0
1989-07-03,21.4,11.1,31.0,,0.0,0.0
1989-07-04,22.0,14.9,30.0,,0.0,0.0
1989-07-05,18.5,11.9,28.9,,0.0,0.0
1989-07-06,21.4,13.0,31.3,,0.0,0.0
1989-07-07,24.7,17.3,32.6,,0.0,0.0
1989-07-08,18.8,12.2,24.1,,0.0,0.0
1989-07-09,14.6,10.5,23.2,,0.0,0.0
1989-07-10,16.2,9.4,27.3,,0.0,0.0
1989-07-11,19.1,10.8,29.2,,0.0,0.0
1989-07-12,19.4,12.7,30.4,,0.0,0.025399987
1989-07-13,16.8,14.0,22.3,,0.0,0.015239992
1989-07-14,19.2,12.5,31.8,,0.0,0.0
1989-07-15,19.1,13.0,32.6,,0.0,0.007619996
1989-07-16,16.0,10.3,25.8,,0.0,0.0050799972
1989-07-17,12.9,9.4,19.7,,0.0,0.0
1989-07-18,18.1,9.4,27.0,,0.0,0.0025399986
1989-07-19,22.8,14.8,33.6,,0.0,0.0025399986
1989-07-20,22.1,16.4,34.1,,0.0,0.0
1989-07-21,20.3,15.3,30.3,,0.0,0.0
1989-07-22,20.2,14.1,29.6,,0.0,0.0
1989-07-23,21.3,15.0,31.7,,0.0,0.0
1989-07-24,22.6,16.6,31.7,,0.0,0.0
1989-07-25,19.9,13.0,30.9,,0.0,0.0
1989-07-26,20.3,13.4,33.0,,0.0,0.0025399986
1989-07-27,21.0,13.1,30.7,,0.0,0.0
1989-07-28,20.7,15.2,29.5,,0.0,0.0
1989-07-29,20.9,15.1,31.8,,0.0,0.0
1989-07-30,20.5,15.7,31.9,,0.0,0.0025399986
1989-07-31,22.0,15.2,32.7,,0.0,0.007619996
1989-08-01,17.4,12.7,28.3,,0.0,0.015239992
1989-08-02,12.9,9.7,16.9,,0.0,0.0025399986
1989-08-03,11.6,7.8,18.2,,0.0,0.0
1989-08-04,13.9,8.0,23.5,,0.0,0.0
1989-08-05,16.9,9.2,28.5,,0.0,0.0
1989-08-06,18.0,10.9,29.5,,0.0,0.0
1989-08-07,18.8,13.0,29.4,,0.0,0.0025399986
1989-08-08,21.8,15.2,32.2,,0.0,0.0
1989-08-09,18.6,14.6,25.6,,0.0,0.0
1989-08-10,18.2,13.1,28.9,,0.0,0.0
1989-08-11,21.3,13.8,31.3,,0.0,0.0025399986
1989-08-12,20.7,13.5,31.5,,0.0,0.007619996
1989-08-13,17.0,12.4,27.4,,0.0,0.017779991
1989-08-14,19.0,11.0,29.4,,0.0,0.0
1989-08-15,15.5,7.0,26.9,,0.0,0.0050799972
1989-08-16,12.2,6.3,22.2,,0.0,0.0
1989-08-17,14.8,8.8,24.4,,0.0,0.0
1989-08-18,14.4,8.0,25.4,,0.0,0.0
1989-08-19,15.9,8.7,26.3,,0.0,0.0
1989-08-20,14.2,10.0,22.1,,0.0,0.0025399986
1989-08-21,11.1,9.6,13.5,,0.0,0.0025399986
1989-08-22,13.6,8.4,23.9,,0.0,0.0050799972
1989-08-23,9.0,6.8,12.7,,0.0,0.025399987
1989-08-24,6.7,3.4,9.0,,0.0,0.020319989
1989-08-25,4.9,2.5,7.5,,0.0,0.007619996
1989-08-26,7.5,2.1,17.0,,0.0,0.007619996
1989-08-27,7.2,4.4,13.4,,0.0,0.0
1989-08-28,7.5,4.3,14.4,,0.0,0.0050799972
1989-08-29,11.8,4.6,22.2,,0.0050799972,0.0025399986
1989-08-30,10.1,6.2,16.3,,0.0050799972,0.012699993
1989-08-31,9.3,4.6,18.2,,0.0,0.0050799972
1989-09-01,12.8,6.0,22.9,,0.0050799972,0.0025399986
1989-09-02,7.2,3.3,12.5,,0.0050799972,0.0
1989-09-03,6.8,3.2,13.8,,0.0050799972,0.0
1989-09-04,10.9,5.0,19.1,,0.0050799972,0.0
1989-09-05,8.5,1.9,14.1,,0.0,0.0
1989-09-06,4.8,0.0,17.4,,0.0,0.0
1989-09-07,8.5,1.5,19.4,,0.0,0.0
1989-09-08,2.3,-0.2,4.7,,0.0,0.0
1989-09-09,2.4,-2.6,13.0,,0.0,0.0
1989-09-10,1.0,-3.8,12.1,,0.0,0.0
1989-09-11,2.5,-4.1,14.7,,0.0,0.0025399986
1989-09-12,7.4,-2.1,19.8,,0.0,0.0050799972
1989-09-13,12.1,3.9,22.3,,0.0,0.0050799972
1989-09-14,13.4,6.2,21.8,,0.0,0.0
1989-09-15,14.3,9.3,22.3,,0.0,0.0
1989-09-16,14.9,9.0,24.5,,0.0,0.0
1989-09-17,6.8,1.0,14.1,,0.0,0.0
1989-09-18,1.8,0.3,4.5,,0.0,0.0025399986
1989-09-19,5.5,0.4,13.2,,0.0,0.0
1989-09-20,5.9,1.7,17.2,,0.0,0.0
1989-09-21,10.0,3.0,22.2,,0.0,0.0050799972
1989-09-22,11.2,5.2,21.7,,0.0,0.0
1989-09-23,14.3,8.6,22.7,,0.0,0.0
1989-09-24,13.8,7.3,23.4,,0.0,0.0
1989-09-25,15.2,8.7,27.2,,0.0,0.0025399986
1989-09-26,16.4,8.4,25.7,,0.0,0.0
1989-09-27,13.3,7.1,23.1,,0.0,0.0
1989-09-28,15.4,9.9,24.3,,0.0,0.0
1989-09-29,16.9,12.7,26.6,,0.0,0.0
1989-09-30,9.2,3.0,15.5,,0.0,0.0
1989-10-01,-2.4,-5.6,3.0,,0.0,0.0
1989-10-02,-4.6,-6.1,-1.3,,0.0,0.0
1989-10-03,-1.6,-4.6,3.9,,0.0,0.0
1989-10-04,2.0,-1.6,10.2,,0.0,0.007619996
1989-10-05,4.8,-1.5,13.7,,0.0,0.0
1989-10-06,2.1,-0.2,4.5,,0.0,0.0
1989-10-07,5.6,0.1,12.9,,0.0,0.0025399986
1989-10-08,7.8,4.2,14.2,,0.0,0.0
1989-10-09,8.2,2.3,15.4,,0.0,0.0
1989-10-10,10.0,3.5,16.7,,0.0,0.0025399986
1989-10-11,1.9,-0.4,5.7,,0.0,0.0025399986
1989-10-12,4.5,2.3,11.0,,0.0,0.0101599945
1989-10-13,4.5,2.3,11.0,,0.0,0.0
1989-10-14,2.0,-4.3,9.3,,0.0,0.0
1989-10-15,-1.6,-5.8,10.1,,0.0,0.0
1989-10-16,-1.6,-6.4,9.2,,0.0,0.0
1989-10-17,0.6,-6.5,12.8,,0.0,0.0
1989-10-18,8.2,0.5,18.0,,0.0,0.0
1989-10-19,8.8,6.3,14.6,,0.0,0.0
1989-10-20,9.0,5.7,15.1,,0.0,0.0
1989-10-21,6.3,4.2,10.0,,0.0,0.0025399986
1989-10-22,4.4,0.9,8.7,,0.0,0.0050799972
1989-10-23,6.9,2.6,10.9,,0.0,0.0025399986
1989-10-24,1.8,-0.7,7.0,,0.0,0.0
1989-10-25,1.5,-1.4,6.5,,0.0,0.0
1989-10-26,-0.4,-4.2,5.1,,0.0,0.0
1989-10-27,-1.0,-3.6,1.0,,0.0,0.0
1989-10-28,-4.0,-7.9,2.0,,0.0,0.0
1989-10-29,-4.1,-7.7,3.4,,0.0,0.0025399986
1989-10-30,-2.5,-5.1,4.0,,0.0,0.0025399986
1989-10-31,-6.2,-10.4,5.1,,0.0,0.0050799972
1989-11-01,-3.7,-7.3,0.3,,0.0050799972,0.0025399986
1989-11-02,-1.0,-3.8,4.1,,0.007619996,0.0050799972
1989-11-03,-0.4,-2.7,2.7,,0.012699993,0.038099978
1989-11-04,-0.8,-4.3,1.6,,0.043179978,0.0
1989-11-05,-3.8,-5.4,-2.0,,0.043179978,0.012699993
1989-11-06,-3.6,-4.6,-2.1,,0.050799973,0.015239992
1989-11-07,-5.2,-6.7,-2.9,,0.063499965,0.007619996
1989-11-08,-3.1,-5.3,0.8,,0.066039965,0.012699993
1989-11-09,3.6,0.8,5.6,,0.073659964,0.0050799972
1989-11-10,5.2,3.6,7.5,,0.066039965,0.0025399986
1989-11-11,4.4,2.7,5.8,,0.05841997,0.0
1989-11-12,1.1,-3.0,4.7,,0.05333997,0.0
1989-11-13,-4.4,-6.2,-2.8,,0.05333997,0.0101599945
1989-11-14,-7.0,-12.3,-2.0,,0.063499965,0.007619996
1989-11-15,-7.6,-13.7,-1.5,,0.068579964,0.0101599945
1989-11-16,-2.6,-4.7,0.0,,0.076199956,0.0
1989-11-17,-1.5,-3.3,3.4,,0.076199956,0.0025399986
1989-11-18,1.8,-2.3,6.3,,0.076199956,0.0050799972
1989-11-19,5.0,1.9,10.2,,0.081279956,0.0
1989-11-20,5.6,2.6,11.5,,0.081279956,0.0
1989-11-21,-0.4,-7.0,4.0,,0.081279956,0.0
1989-11-22,0.0,-3.8,8.2,,0.076199956,0.0
1989-11-23,0.4,-2.3,6.8,,0.071119964,0.007619996
1989-11-24,-4.1,-5.5,-0.9,,0.078739956,0.0
1989-11-25,-5.5,-6.7,-4.2,,0.078739956,0.0050799972
1989-11-26,-5.6,-6.6,-3.1,,0.083819956,0.0101599945
1989-11-27,-6.9,-8.7,-3.1,,0.088899955,0.0050799972
1989-11-28,-3.8,-7.8,0.5,,0.09397995,0.0025399986
1989-11-29,0.1,-3.9,7.5,,0.09651995,0.0050799972
1989-11-30,0.8,-2.1,8.0,,0.09651995,0.0
1989-12-01,-1.3,-6.7,7.3,,0.09651995,0.0
1989-12-02,4.1,-1.9,9.2,,0.09651995,0.007619996
1989-12-03,3.3,1.3,6.2,,0.10413995,0.0025399986
1989-12-04,2.4,1.3,3.8,,0.10667994,0.035559982
1989-12-05,-0.3,-3.3,2.0,,0.10921994,0.0025399986
1989-12-06,-3.8,-8.8,-0.5,,0.10921994,0.007619996
1989-12-07,-4.5,-7.2,-0.6,,0.11683994,0.007619996
1989-12-08,-1.5,-3.5,0.2,,0.12191994,0.020319989
1989-12-09,-6.2,-9.2,-3.5,,0.13715993,0.0025399986
1989-12-10,-14.8,-23.0,-7.4,,0.13715993,0.0
1989-12-11,-13.0,-22.3,-9.6,,0.13715993,0.012699993
1989-12-12,-8.4,-10.4,-5.9,,0.14985992,0.0
1989-12-13,-6.2,-8.9,-4.0,,0.14985992,0.0
1989-12-14,-2.9,-5.0,-1.2,,0.14985992,0.0
1989-12-15,-4.2,-10.5,3.9,,0.14985992,0.0
1989-12-16,-8.7,-12.0,-3.1,,0.14985992,0.0
1989-12-17,-13.6,-21.0,-8.2,,0.14985992,0.0
1989-12-18,-14.8,-22.4,-5.0,,0.14985992,0.0101599945
1989-12-19,-8.4,-13.0,-5.6,,0.15747991,0.015239992
1989-12-20,-18.4,-25.5,-5.2,,0.16763991,0.0
1989-12-21,-14.5,-21.2,-2.7,,0.16763991,0.015239992
1989-12-22,-1.1,-8.0,3.0,,0.1803399,0.012699993
1989-12-23,-0.4,-2.4,1.9,,0.1904999,0.0
1989-12-24,0.1,-3.0,5.6,,0.1904999,0.0
1989-12-25,1.4,-0.6,5.3,,0.1904999,0.0025399986
1989-12-26,1.3,-1.7,6.9,,0.1930399,0.0
1989-12-27,1.7,-2.6,10.3,,0.1930399,0.0
1989-12-28,-4.6,-7.4,-0.9,,0.1930399,0.0
1989-12-29,-7.5,-8.1,-6.4,,0.1930399,0.0
1989-12-30,-5.8,-8.5,0.1,,0.1930399,0.0025399986
1989-12-31,-2.6,-5.8,3.4,,0.1955799,0.0050799972
1990-01-01,-5.4,-6.3,-4.3,,0.20065989,0.0
1990-01-02,-9.7,-13.5,-6.3,,0.20065989,0.0
1990-01-03,-11.1,-13.7,-9.0,,0.20065989,0.012699993
1990-01-04,-6.8,-9.2,-5.3,,0.21335988,0.015239992
1990-01-05,-4.6,-7.2,-1.3,,0.22351988,0.0050799972
1990-01-06,-2.1,-2.6,-1.2,,0.22859988,0.022859987
1990-01-07,-2.3,-3.4,-0.9,,0.24891986,0.038099978
1990-01-08,-3.2,-5.1,-1.2,,0.27939984,0.043179978
1990-01-09,-0.4,-4.8,2.2,,0.32257983,0.040639978
1990-01-10,-5.4,-9.6,0.0,,0.3378198,0.0025399986
1990-01-11,-6.9,-13.4,3.8,,0.3403598,0.007619996
1990-01-12,1.2,-5.1,9.5,,0.3479798,0.0050799972
1990-01-13,0.1,-1.7,1.4,,0.3530598,0.007619996
1990-01-14,-1.4,-4.4,3.1,,0.3606798,0.0
1990-01-15,-5.2,-7.6,3.6,,0.3581398,0.0
1990-01-16,-7.5,-11.9,-1.9,,0.35559982,0.0
1990-01-17,-9.7,-13.0,0.8,,0.35559982,0.0
1990-01-18,-6.9,-12.1,4.3,,0.35559982,0.0025399986
1990-01-19,-2.9,-11.4,9.6,,0.3581398,0.007619996
1990-01-20,-3.9,-7.3,1.8,,0.3657598,0.0101599945
1990-01-21,-3.1,-4.9,-1.7,,0.3759198,0.0050799972
1990-01-22,-4.5,-7.2,-2.4,,0.3809998,0.020319989
1990-01-23,-8.4,-10.4,-6.6,,0.39877978,0.012699993
1990-01-24,-9.3,-10.8,-7.6,,0.41147977,0.0101599945
1990-01-25,-5.2,-8.0,-3.4,,0.42163977,0.033019982
1990-01-26,-10.3,-14.2,-5.2,,0.44957975,0.0025399986
1990-01-27,-10.9,-13.3,-8.9,,0.45211977,0.025399987
1990-01-28,-7.3,-8.9,-6.1,,0.47751975,0.043179978
1990-01-29,-9.0,-11.6,-6.9,,0.5130797,0.027939985
1990-01-30,-8.6,-11.5,-4.8,,0.5410197,0.012699993
1990-01-31,-10.0,-12.2,-8.2,,0.5486397,0.0050799972
1990-02-01,-8.4,-11.9,-5.8,,0.5537197,0.012699993
1990-02-02,-7.1,-8.9,-4.9,,0.5664197,0.0101599945
1990-02-03,-4.0,-8.2,3.3,,0.5765797,0.0025399986
1990-02-04,-7.0,-10.8,-3.3,,0.5791197,0.0025399986
1990-02-05,-7.5,-12.0,-0.3,,0.5816597,0.0101599945
1990-02-06,-8.8,-12.8,-6.3,,0.5918197,0.015239992
1990-02-07,-12.7,-14.1,-10.9,,0.5994397,0.007619996
1990-02-08,-10.3,-12.2,-8.1,,0.60705966,0.012699993
1990-02-09,-4.4,-7.9,-2.3,,0.6197597,0.025399987
1990-02-10,-1.2,-3.0,0.1,,0.64515966,0.020319989
1990-02-11,-0.8,-8.0,5.4,,0.66547966,0.007619996
1990-02-12,-14.8,-26.7,-7.7,,0.67309964,0.0
1990-02-13,-24.5,-29.2,-18.4,,0.67309964,0.0
1990-02-14,-18.0,-26.7,-9.4,,0.67309964,0.0
1990-02-15,-12.9,-20.0,-1.1,,0.67309964,0.0050799972
1990-02-16,-12.5,-14.3,-7.5,,0.6781796,0.007619996
1990-02-17,-11.1,-14.8,-3.4,,0.68579966,0.0025399986
1990-02-18,-10.0,-14.1,-1.2,,0.68833965,0.007619996
1990-02-19,-4.8,-14.3,8.6,,0.6959596,0.017779991
1990-02-20,-2.9,-4.9,2.6,,0.7035796,0.020319989
1990-02-21,-2.7,-3.8,-1.1,,0.7213596,0.0050799972
1990-02-22,0.7,-2.8,8.4,,0.7264396,0.0025399986
1990-02-23,2.4,-1.7,11.2,,0.7264396,0.0025399986
1990-02-24,1.1,-1.2,8.8,,0.7289796,0.007619996
1990-02-25,0.3,-2.1,4.8,,0.7365996,0.0
1990-02-26,-5.5,-11.8,3.3,,0.7365996,0.0
1990-02-27,-3.5,-12.1,11.5,,0.7365996,0.0
1990-02-28,0.8,-6.3,13.2,,0.7365996,0.0
1990-03-01,1.3,-5.5,15.6,,0.7365996,0.0
1990-03-02,0.8,-5.7,11.4,,0.7365996,0.0050799972
1990-03-03,1.7,-2.6,11.3,,0.7416796,0.0025399986
1990-03-04,-2.1,-5.8,3.0,,0.7442196,0.0
1990-03-05,-2.7,-6.1,1.5,,0.7442196,0.0025399986
1990-03-06,-1.5,-6.7,7.4,,0.7442196,0.0
1990-03-07,2.9,-4.6,14.8,,0.7442196,0.0050799972
1990-03-08,-3.5,-10.7,2.7,,0.7492996,0.0025399986
1990-03-09,-4.0,-10.2,5.3,,0.7518396,0.007619996
1990-03-10,0.7,-3.6,7.4,,0.7594596,0.0
1990-03-11,-3.4,-8.9,1.1,,0.7594596,0.012699993
1990-03-12,-6.8,-10.4,1.4,,0.7721596,0.007619996
1990-03-13,-5.0,-8.2,2.2,,0.77977955,0.0101599945
1990-03-14,-5.6,-8.4,0.7,,0.7899396,0.0050799972
1990-03-15,-3.3,-6.9,6.6,,0.79501957,0.0025399986
1990-03-16,-0.2,-7.6,8.9,,0.79501957,0.0101599945
1990-03-17,-1.4,-5.6,6.5,,0.80517954,0.0
1990-03-18,1.8,-7.3,14.4,,0.80009955,0.0050799972
1990-03-19,5.5,0.2,13.9,,0.80517954,0.007619996
1990-03-20,0.0,-1.9,3.2,,0.8127996,0.0
1990-03-21,0.2,-3.3,4.2,,0.8127996,0.0
1990-03-22,-14.4,-16.9,-3.3,,0.8127996,0.0
1990-03-23,-16.9,-21.3,-7.0,,0.8127996,0.0025399986
1990-03-24,-9.9,-21.1,4.5,,0.81533957,0.007619996
1990-03-25,-3.0,-13.6,13.5,,0.82041955,0.0050799972
1990-03-26,1.2,-5.8,14.6,,0.82549953,0.0025399986
1990-03-27,-0.9,-4.8,8.0,,0.8280395,0.0
1990-03-28,-0.4,-5.2,12.8,,0.8280395,0.0
1990-03-29,2.7,-6.1,13.9,,0.8280395,0.007619996
1990-03-30,5.5,-0.7,15.7,,0.8331196,0.0
1990-03-31,4.6,0.1,18.0,,0.8331196,0.0
1990-04-01,7.0,-1.1,18.2,,0.8331196,0.0025399986
1990-04-02,9.8,4.4,18.7,,0.8280395,0.0
1990-04-03,6.0,0.1,16.1,,0.82041955,0.0
1990-04-04,-1.2,-6.3,3.1,,0.81787956,0.0
1990-04-05,-0.4,-9.1,12.6,,0.81533957,0.0025399986
1990-04-06,2.9,-3.6,14.7,,0.81787956,0.0
1990-04-07,4.3,-1.9,14.2,,0.81787956,0.0025399986
1990-04-08,3.6,-2.8,11.8,,0.82041955,0.0
1990-04-09,-5.4,-12.4,5.3,,0.82041955,0.0
1990-04-10,-3.6,-13.5,4.0,,0.8102596,0.007619996
1990-04-11,1.3,-4.6,8.5,,0.81787956,0.0
1990-04-12,0.6,-2.3,4.4,,0.81787956,0.0
1990-04-13,2.2,-3.2,9.4,,0.81787956,0.012699993
1990-04-14,2.7,1.1,6.1,,0.81787956,0.0101599945
1990-04-15,6.2,-0.1,14.5,,0.8102596,0.0
1990-04-16,6.9,1.2,12.6,,0.7848596,0.0050799972
1990-04-17,10.6,-1.2,22.5,,0.7645396,0.0
1990-04-18,5.9,-5.4,17.2,,0.7518396,0.0
1990-04-19,8.9,2.8,19.4,,0.7391396,0.0
1990-04-20,11.7,5.3,21.7,,0.73405963,0.0
1990-04-21,8.1,2.9,19.5,,0.7162796,0.0
1990-04-22,4.5,1.8,10.4,,0.68579966,0.0
1990-04-23,3.6,0.0,10.1,,0.68579966,0.0025399986
1990-04-24,1.0,-1.7,5.9,,0.6781796,0.0025399986
1990-04-25,0.1,-4.0,6.5,,0.67055964,0.0025399986
1990-04-26,-2.1,-5.4,1.1,,0.66293967,0.0025399986
1990-04-27,-1.6,-6.2,2.3,,0.65531963,0.0101599945
1990-04-28,-5.2,-10.5,-1.9,,0.65531963,0.0025399986
1990-04-29,-5.5,-11.0,2.9,,0.64515966,0.0050799972
1990-04-30,-1.7,-7.7,7.9,,0.65023965,0.0050799972
1990-05-01,2.7,-4.3,11.7,,0.65531963,0.0050799972
1990-05-02,1.5,-1.3,6.4,,0.6578596,0.0101599945
1990-05-03,5.9,-1.4,14.9,,0.66801965,0.0025399986
1990-05-04,8.7,1.8,19.7,,0.67055964,0.0
1990-05-05,12.0,4.0,22.0,,0.6578596,0.0
1990-05-06,7.2,-3.6,14.4,,0.63499963,0.0
1990-05-07,-2.3,-6.3,5.8,,0.5918197,0.0
1990-05-08,-3.8,-7.9,3.2,,0.5816597,0.007619996
1990-05-09,2.0,-7.6,13.2,,0.58419967,0.012699993
1990-05-10,2.6,-2.5,9.8,,0.5968997,0.0050799972
1990-05-11,3.3,-1.1,13.1,,0.5943597,0.0025399986
1990-05-12,2.9,-1.2,12.2,,0.5892797,0.0050799972
1990-05-13,1.6,-2.0,10.6,,0.5765797,0.007619996
1990-05-14,0.6,-3.6,9.5,,0.5714997,0.027939985
1990-05-15,0.2,-3.9,14.2,,0.5943597,0.012699993
1990-05-16,2.2,-2.7,11.4,,0.60705966,0.0050799972
1990-05-17,5.3,-0.1,15.7,,0.60959965,0.007619996
1990-05-18,3.1,-1.4,10.4,,0.6172197,0.0
1990-05-19,3.5,-3.5,13.8,,0.5994397,0.0
1990-05-20,2.3,-1.0,14.6,,0.58419967,0.007619996
1990-05-21,3.6,-1.5,9.9,,0.5791197,0.0050799972
1990-05-22,7.6,2.6,16.3,,0.5740397,0.0025399986
1990-05-23,7.8,1.9,20.7,,0.5587997,0.015239992
1990-05-24,4.0,-1.4,15.5,,0.5283197,0.0050799972
1990-05-25,-0.8,-1.9,1.2,,0.50037974,0.015239992
1990-05-26,4.8,-0.2,16.0,,0.5054597,0.0050799972
1990-05-27,8.0,0.5,18.4,,0.5105397,0.0050799972
1990-05-28,7.0,4.6,9.7,,0.49275973,0.0025399986
1990-05-29,8.3,3.6,16.0,,0.46735975,0.0050799972
1990-05-30,6.1,1.5,15.9,,0.43941978,0.0
1990-05-31,2.8,-2.1,8.7,,0.3936998,0.0025399986
1990-06-01,-0.5,-3.1,4.6,,0.37845978,0.020319989
1990-06-02,2.0,-1.4,6.5,,0.3962398,0.012699993
1990-06-03,5.8,0.8,11.9,,0.40893978,0.007619996
1990-06-04,3.1,-0.2,8.2,,0.4165598,0.0025399986
1990-06-05,4.2,-1.7,12.3,,0.3936998,0.0
1990-06-06,6.9,2.0,15.4,,0.3759198,0.007619996
1990-06-07,4.2,1.3,8.8,,0.3479798,0.0
1990-06-08,4.9,0.8,9.3,,0.30733985,0.0050799972
1990-06-09,13.3,3.8,24.1,,0.28955984,0.0050799972
1990-06-10,8.2,-0.3,15.7,,0.24891986,0.0
1990-06-11,1.1,-1.3,5.3,,0.2031999,0.0
1990-06-12,0.1,-1.4,3.0,,0.1955799,0.0025399986
1990-06-13,2.0,-1.1,11.0,,0.1981199,0.0050799972
1990-06-14,1.0,-0.6,3.7,,0.1981199,0.007619996
1990-06-15,4.0,0.0,13.0,,0.1981199,0.0025399986
1990-06-16,7.7,3.5,14.9,,0.1904999,0.0
1990-06-17,8.6,3.6,16.7,,0.16001992,0.0025399986
1990-06-18,10.7,3.6,19.0,,0.12191994,0.0
1990-06-19,8.0,4.7,14.6,,0.078739956,0.0050799972
1990-06-20,9.3,4.2,16.5,,0.045719974,0.0
1990-06-21,10.9,1.6,21.6,,0.015239992,0.0
1990-06-22,16.3,7.1,27.0,,0.0,0.0025399986
1990-06-23,17.1,11.5,24.3,,0.0,0.0
1990-06-24,17.9,9.7,27.0,,0.0,0.0
1990-06-25,18.7,11.3,27.1,,0.0,0.0
1990-06-26,19.7,12.0,27.8,,0.0,0.0
1990-06-27,16.0,9.5,24.5,,0.0,0.0
1990-06-28,13.2,7.5,21.3,,0.0,0.0
1990-06-29,16.3,7.2,28.1,,0.0,0.0
1990-06-30,20.4,12.0,29.2,,0.0,0.0
1990-07-01,20.1,12.4,29.0,,0.0,0.0
1990-07-02,11.4,3.9,21.5,,0.0,0.0101599945
1990-07-03,6.2,1.4,15.4,,0.0,0.0025399986
1990-07-04,8.9,0.4,22.4,,0.0,0.0025399986
1990-07-05,14.5,6.4,27.0,,0.0,0.0050799972
1990-07-06,11.5,5.3,18.1,,0.0,0.0
1990-07-07,9.4,3.0,18.8,,0.0,0.0
1990-07-08,13.8,4.1,26.4,,0.0,0.0
1990-07-09,9.9,25.9,0.0,,0.0,0.0
1990-07-10,17.7,13.1,23.9,,0.0,0.0
1990-07-11,17.5,10.9,25.5,,0.0,0.0
1990-07-12,18.7,11.5,27.7,,0.0,0.0
1990-07-13,19.3,14.4,26.0,,0.0,0.0
1990-07-14,14.9,8.5,19.7,,0.0,0.0
1990-07-15,16.2,8.7,24.2,,0.0,0.0
1990-07-16,16.3,11.2,22.4,,0.0,0.0
1990-07-17,15.2,9.5,22.6,,0.0,0.0
1990-07-18,14.8,6.1,22.3,,0.0,0.0
1990-07-19,11.6,5.0,18.5,,0.0,0.0
1990-07-20,6.4,4.9,9.4,,0.0,0.0
1990-07-21,9.1,2.6,16.6,,0.0,0.0
1990-07-22,13.5,5.4,22.2,,0.0,0.0
1990-07-23,14.6,9.5,21.4,,0.0,0.0
1990-07-24,11.6,7.4,18.7,,0.0,0.0
1990-07-25,10.1,5.8,16.3,,0.0,0.0
1990-07-26,6.6,3.6,11.1,,0.0,0.0025399986
1990-07-27,10.1,6.4,17.4,,0.0,0.0025399986
1990-07-28,12.3,7.1,20.0,,0.0,0.0
1990-07-29,13.2,7.0,21.0,,0.0,0.0
1990-07-30,17.3,8.7,25.6,,0.0,0.0
1990-07-31,15.3,10.2,20.4,,0.0,0.0
1990-08-01,14.9,8.5,22.0,,0.0,0.0
1990-08-02,13.9,7.5,20.7,,0.0,0.0
1990-08-03,13.9,5.4,22.7,,0.0,0.0
1990-08-04,16.6,9.3,25.3,,0.0,0.0
1990-08-05,19.0,10.5,27.3,,0.0,0.0
1990-08-06,22.4,15.6,29.6,,0.0,0.0
1990-08-07,20.7,13.7,28.1,,0.0,0.0
1990-08-08,20.1,14.6,28.6,,0.0,0.0
1990-08-09,17.7,13.2,25.7,,0.0,0.0
1990-08-10,14.7,10.4,20.5,,0.0,0.0
1990-08-11,13.0,10.0,19.4,,0.0,0.0
1990-08-12,16.8,9.3,24.4,,0.0,0.0025399986
1990-08-13,17.9,13.8,24.9,,0.0,0.0
1990-08-14,20.0,12.3,28.1,,0.0,0.0
1990-08-15,21.2,13.9,30.4,,0.0,0.0025399986
1990-08-16,17.0,11.8,24.5,,0.0,0.0
1990-08-17,12.0,6.9,20.4,,0.0,0.0
1990-08-18,11.4,5.8,19.7,,0.0,0.0
1990-08-19,9.2,6.2,12.8,,0.0,0.017779991
1990-08-20,10.0,5.3,16.3,,0.0,0.012699993
1990-08-21,9.8,4.2,17.4,,0.0,0.0025399986
1990-08-22,7.3,6.0,9.4,,0.0,0.007619996
1990-08-23,9.5,6.0,16.2,,0.0,0.0
1990-08-24,6.5,4.0,10.8,,0.0,0.007619996
1990-08-25,5.8,3.8,11.5,,0.0,0.0
1990-08-26,7.0,2.8,14.0,,0.0,0.0050799972
1990-08-27,10.1,3.5,16.7,,0.0,0.0
1990-08-28,12.8,6.6,20.2,,0.0,0.0
1990-08-29,17.1,9.9,25.2,,0.0,0.0
1990-08-30,9.8,5.6,17.1,,0.0,0.0
1990-08-31,9.4,3.6,15.8,,0.0,0.0
1990-09-01,13.0,6.2,20.6,,0.0,0.0
1990-09-02,17.4,10.9,25.4,,0.0,0.0
1990-09-03,14.7,8.3,22.7,,0.0,0.0050799972
1990-09-04,15.0,8.1,22.8,,0.0,0.0
1990-09-05,17.3,12.4,24.3,,0.0,0.0
1990-09-06,16.9,12.1,23.8,,0.0,0.0
1990-09-07,16.9,12.7,23.1,,0.0,0.0
1990-09-08,14.4,9.9,21.9,,0.0,0.0
1990-09-09,14.4,8.9,20.5,,0.0,0.0
1990-09-10,15.0,9.7,21.6,,0.0,0.0
1990-09-11,17.9,11.2,25.3,,0.0,0.0
1990-09-12,15.2,8.5,21.4,,0.0,0.0
1990-09-13,9.4,0.1,18.2,,0.0,0.0
1990-09-14,14.8,7.5,26.5,,0.0,0.0
1990-09-15,14.4,8.1,21.4,,0.0,0.0
1990-09-16,10.0,5.6,15.0,,0.0,0.0
1990-09-17,7.5,1.5,14.7,,0.0,0.0
1990-09-18,10.8,3.6,19.2,,0.0,0.0
1990-09-19,10.0,3.6,16.1,,0.0,0.0
1990-09-20,7.2,1.6,15.6,,0.0,0.0
1990-09-21,9.0,3.5,17.2,,0.0,0.0
1990-09-22,10.6,2.7,20.0,,0.0,0.0
1990-09-23,15.3,10.1,21.8,,0.0,0.0
1990-09-24,15.4,11.0,21.4,,0.0,0.0
1990-09-25,15.3,11.2,21.2,,0.0,0.0
1990-09-26,10.1,3.6,16.7,,0.0,0.0
1990-09-27,9.8,2.8,19.2,,0.0,0.0
1990-09-28,7.3,0.2,16.0,,0.0,0.0
1990-09-29,11.7,5.9,18.2,,0.0,0.0
1990-09-30,10.6,5.7,16.7,,0.0,0.0
1990-10-01,10.4,1.3,18.4,,0.0,0.0101599945
1990-10-02,-2.1,-3.5,1.3,,0.0,0.0
1990-10-03,-1.2,-3.6,3.4,,0.0,0.033019982
1990-10-04,7.9,3.3,13.4,,0.0,0.0050799972
1990-10-05,0.3,-5.0,9.1,,0.0,0.0025399986
1990-10-06,-4.6,-7.4,1.3,,0.0,0.0025399986
1990-10-07,-5.1,-7.5,-1.6,,0.0,0.0
1990-10-08,-2.1,-5.8,3.4,,0.0,0.007619996
1990-10-09,2.8,-1.5,7.0,,0.0,0.0050799972
1990-10-10,-0.8,-5.4,4.9,,0.0,0.0050799972
1990-10-11,-2.7,-6.5,1.3,,0.0025399986,0.007619996
1990-10-12,-1.3,-3.1,1.4,,0.0050799972,0.0101599945
1990-10-13,-3.8,-5.8,0.0,,0.015239992,0.020319989
1990-10-14,-4.4,-6.4,-2.5,,0.035559982,0.007619996
1990-10-15,-1.0,-3.6,2.1,,0.040639978,0.030479984
1990-10-16,-3.1,-7.1,0.0,,0.071119964,0.0025399986
1990-10-17,-3.3,-7.3,2.1,,0.071119964,0.0025399986
1990-10-18,1.0,-2.0,6.5,,0.071119964,0.007619996
1990-10-19,-3.9,-7.2,0.8,,0.073659964,0.0
1990-10-20,-5.6,-7.1,-0.7,,0.073659964,0.0
1990-10-21,-1.3,-5.9,2.0,,0.073659964,0.025399987
1990-10-22,-3.3,-6.1,-0.7,,0.09905995,0.0025399986
1990-10-23,-2.3,-5.8,3.1,,0.09905995,0.007619996
1990-10-24,4.9,0.0,10.7,,0.10159995,0.0
1990-10-25,9.1,6.0,14.7,,0.10159995,0.0
1990-10-26,2.4,-1.6,7.0,,0.10159995,0.0
1990-10-27,7.7,2.4,12.4,,0.09905995,0.0
1990-10-28,5.6,1.0,10.1,,0.09905995,0.0
1990-10-29,1.7,-1.8,6.7,,0.09397995,0.0
1990-10-30,6.2,2.8,9.2,,0.09397995,0.0
1990-10-31,2.3,-3.3,7.5,,0.09397995,0.0
1990-11-01,-5.6,-9.8,-1.5,,0.09143995,0.0
1990-11-02,-8.2,-11.0,-2.5,,0.088899955,0.0
1990-11-03,-5.6,-11.7,1.0,,0.081279956,0.007619996
1990-11-04,-2.2,-4.5,-0.5,,0.088899955,0.012699993
1990-11-05,-8.7,-14.1,-4.3,,0.10159995,0.0050799972
1990-11-06,-9.3,-14.5,-2.3,,0.10413995,0.0025399986
1990-11-07,-5.2,-8.0,-3.5,,0.10667994,0.007619996
1990-11-08,-4.1,-4.8,-2.8,,0.10921994,0.0101599945
1990-11-09,-0.2,-3.1,1.3,,0.11937994,0.015239992
1990-11-10,3.4,1.0,6.5,,0.13461992,0.0050799972
1990-11-11,6.1,4.5,9.4,,0.13969992,0.0
1990-11-12,8.3,3.8,14.0,,0.13969992,0.0
1990-11-13,6.6,3.8,9.8,,0.13969992,0.0
1990-11-14,-2.8,-7.7,3.8,,0.13461992,0.0
1990-11-15,-6.3,-7.7,-3.7,,0.12953994,0.0050799972
1990-11-16,0.2,-4.3,6.0,,0.12953994,0.0
1990-11-17,-0.3,-2.2,3.2,,0.12953994,0.0025399986
1990-11-18,-2.4,-3.6,-1.0,,0.12953994,0.0025399986
1990-11-19,-2.0,-3.7,1.2,,0.12953994,0.0
1990-11-20,-6.9,-10.3,-1.5,,0.12953994,0.0025399986
1990-11-21,-8.4,-10.5,-6.9,,0.13207993,0.022859987
1990-11-22,-3.0,-6.6,-2.0,,0.15493992,0.05841997
1990-11-23,-0.5,-2.5,1.9,,0.20573989,0.0050799972
1990-11-24,-0.3,-1.4,2.3,,0.20573989,0.05587997
1990-11-25,-2.6,-7.2,-0.3,,0.26161987,0.030479984
1990-11-26,-9.7,-12.6,-6.4,,0.29209983,0.0
1990-11-27,-10.4,-11.7,-6.9,,0.29209983,0.0101599945
1990-11-28,-9.2,-11.4,-5.9,,0.30225983,0.015239992
1990-11-29,-2.5,-5.8,1.3,,0.30733985,0.025399987
1990-11-30,-10.5,-13.5,-5.2,,0.31749982,0.0025399986
1990-12-01,-10.9,-14.4,-8.0,,0.32003984,0.015239992
1990-12-02,-12.0,-13.0,-10.4,,0.33273983,0.0025399986
1990-12-03,-4.9,-10.3,0.3,,0.33273983,0.0101599945
1990-12-04,-2.7,-7.5,2.6,,0.3378198,0.0050799972
1990-12-05,-8.1,-9.1,-4.1,,0.3403598,0.0050799972
1990-12-06,-4.8,-8.6,0.0,,0.34543982,0.0050799972
1990-12-07,-0.2,-2.0,4.1,,0.34543982,0.0
1990-12-08,1.8,-2.0,5.6,,0.34543982,0.0025399986
1990-12-09,3.9,1.5,6.8,,0.34543982,0.0
1990-12-10,1.5,-0.7,5.0,,0.34543982,0.007619996
1990-12-11,-6.3,-9.7,-0.8,,0.3530598,0.0050799972
1990-12-12,-10.4,-13.5,-7.0,,0.3581398,0.0
1990-12-13,-10.4,-11.9,-7.4,,0.3581398,0.0
1990-12-14,-11.6,-12.9,-9.0,,0.3581398,0.0
1990-12-15,-8.2,-12.1,-2.6,,0.3581398,0.0050799972
1990-12-16,-9.7,-11.1,-7.5,,0.3581398,0.0025399986
1990-12-17,-7.7,-11.2,-5.2,,0.3581398,0.022859987
1990-12-18,-22.8,-34.6,-5.3,,0.3809998,0.0
1990-12-19,-34.1,-35.7,-29.3,,0.3809998,0.0
1990-12-20,-34.2,-36.3,-31.2,,0.3809998,0.0
1990-12-21,-31.7,-34.6,-22.9,,0.3809998,0.0025399986
1990-12-22,-28.7,-34.9,-24.5,,0.3809998,0.027939985
1990-12-23,-18.6,-27.8,-14.1,,0.3962398,0.015239992
1990-12-24,-15.8,-21.6,-12.9,,0.4063998,0.0025399986
1990-12-25,-15.4,-17.6,-12.8,,0.40893978,0.0025399986
1990-12-26,-13.5,-19.2,-9.6,,0.40893978,0.020319989
1990-12-27,-14.8,-29.6,-7.8,,0.42925978,0.027939985
1990-12-28,-33.0,-36.4,-29.6,,0.45719975,0.0
1990-12-29,-30.2,-36.7,-23.5,,0.45719975,0.0025399986
1990-12-30,-17.6,-22.4,-13.0,,0.45973974,0.020319989
1990-12-31,-8.8,-13.0,-6.8,,0.47497976,0.048259974
1991-01-01,-7.2,-10.2,-6.5,,0.52323973,0.022859987
1991-01-02,-11.2,-15.7,-5.3,,0.5384797,0.0
1991-01-03,-14.4,-17.9,-9.5,,0.5384797,0.0025399986
1991-01-04,-9.3,-16.4,-3.9,,0.5410197,0.0
1991-01-05,-13.6,-21.4,-6.3,,0.5410197,0.0050799972
1991-01-06,-7.0,-11.6,-4.1,,0.5410197,0.0050799972
1991-01-07,-5.4,-6.4,-3.6,,0.5460997,0.025399987
1991-01-08,-6.6,-7.3,-5.6,,0.5714997,0.0101599945
1991-01-09,-4.9,-6.6,0.8,,0.5816597,0.0025399986
1991-01-10,-5.1,-6.7,-2.8,,0.58419967,0.0025399986
1991-01-11,-1.4,-4.4,1.8,,0.58673966,0.007619996
1991-01-12,-0.9,-2.1,0.4,,0.5943597,0.030479984
1991-01-13,-2.6,-3.3,-1.3,,0.62483966,0.020319989
1991-01-14,-3.3,-4.1,-1.9,,0.64515966,0.017779991
1991-01-15,-2.9,-5.8,0.6,,0.66293967,0.0025399986
1991-01-16,-5.1,-6.0,-3.6,,0.66293967,0.0050799972
1991-01-17,-1.7,-3.9,1.5,,0.66801965,0.0050799972
1991-01-18,-1.7,-11.8,3.1,,0.67309964,0.0050799972
1991-01-19,-12.3,-16.9,-7.1,,0.6781796,0.0025399986
1991-01-20,-10.2,-14.1,-3.7,,0.6781796,0.0050799972
1991-01-21,-7.7,-12.4,-1.8,,0.6832596,0.0050799972
1991-01-22,-8.2,-12.0,-1.8,,0.68833965,0.0
1991-01-23,-10.8,-17.2,-4.3,,0.68833965,0.0025399986
1991-01-24,-12.9,-19.1,-7.6,,0.69087964,0.0
1991-01-25,-15.4,-19.6,-9.4,,0.69087964,0.0025399986
1991-01-26,-13.4,-15.4,-8.4,,0.69341964,0.0
1991-01-27,-11.9,-14.4,-9.3,,0.69341964,0.0050799972
1991-01-28,-22.1,-27.6,-14.5,,0.6984996,0.0
1991-01-29,-15.4,-20.9,-11.3,,0.6984996,0.0050799972
1991-01-30,-6.7,-11.9,-1.9,,0.7035796,0.007619996
1991-01-31,-1.8,-5.0,1.2,,0.7086596,0.0050799972
1991-02-01,1.1,-1.9,6.0,,0.7086596,0.017779991
1991-02-02,2.3,-0.7,6.5,,0.71119964,0.0025399986
1991-02-03,-1.0,-1.8,0.4,,0.71119964,0.0050799972
1991-02-04,1.3,-0.8,4.7,,0.7162796,0.0025399986
1991-02-05,-0.5,-6.1,2.2,,0.7188196,0.0025399986
1991-02-06,-0.5,-8.5,9.1,,0.7188196,0.0
1991-02-07,2.9,1.0,6.1,,0.7188196,0.0
1991-02-08,2.4,-0.3,8.2,,0.7188196,0.0
1991-02-09,3.3,-0.7,10.4,,0.7188196,0.0025399986
1991-02-10,1.8,-1.7,7.6,,0.7213596,0.0
1991-02-11,-2.8,-9.2,7.4,,0.7213596,0.0
1991-02-12,-2.8,4.3,0.2,,0.7213596,0.012699993
1991-02-13,-3.1,-4.8,2.6,,0.73405963,0.0025399986
1991-02-14,-0.7,-4.9,4.3,,0.7365996,0.0050799972
1991-02-15,2.3,0.0,6.4,,0.7416796,0.0025399986
1991-02-16,-1.3,-5.6,3.6,,0.7442196,0.0
1991-02-17,-5.4,-8.1,-1.8,,0.7442196,0.0
1991-02-18,-6.4,-8.9,-1.9,,0.7442196,0.0050799972
1991-02-19,-2.2,-7.4,0.2,,0.7492996,0.035559982
1991-02-20,-2.0,-3.6,-0.8,,0.7848596,0.030479984
1991-02-21,-2.2,-5.1,2.7,,0.81533957,0.012699993
1991-02-22,-1.9,-9.3,3.8,,0.82041955,0.0
1991-02-23,-6.4,-11.3,-0.5,,0.82041955,0.0
1991-02-24,-7.2,-16.2,-0.6,,0.82041955,0.0025399986
1991-02-25,-2.8,-7.8,3.1,,0.82295954,0.0050799972
1991-02-26,-2.7,-8.0,4.4,,0.8280395,0.0050799972
1991-02-27,-3.0,-5.8,2.5,,0.8331196,0.0
1991-02-28,-13.4,-22.6,-3.9,,0.8331196,0.0
1991-03-01,-21.6,-24.4,-16.1,,0.8331196,0.0025399986
1991-03-02,-2.9,-11.6,-0.6,,0.83565956,0.020319989
1991-03-03,-2.7,-5.1,-0.3,,0.8508995,0.030479984
1991-03-04,-1.1,-3.3,2.1,,0.88137954,0.027939985
1991-03-05,-9.1,-12.9,-3.4,,0.9093195,0.0
1991-03-06,-9.9,-12.4,-4.7,,0.9093195,0.0025399986
1991-03-07,-8.6,-10.9,-5.6,,0.9118595,0.0050799972
1991-03-08,-7.0,-9.7,-3.1,,0.9169395,0.007619996
1991-03-09,-2.2,-8.4,5.4,,0.9245595,0.0025399986
1991-03-10,-3.0,-7.0,2.6,,0.9270995,0.0
1991-03-11,-6.4,-10.9,2.0,,0.9270995,0.0
1991-03-12,-4.6,-9.8,2.4,,0.9270995,0.007619996
1991-03-13,-4.3,-9.7,2.9,,0.9321795,0.0050799972
1991-03-14,-4.2,-11.3,2.1,,0.9372595,0.0050799972
1991-03-15,-3.6,-9.5,5.2,,0.9397995,0.0
1991-03-16,-5.2,-10.5,1.7,,0.9397995,0.0
1991-03-17,-4.3,-10.8,2.7,,0.9397995,0.0050799972
1991-03-18,0.4,-5.6,7.5,,0.9423395,0.0050799972
1991-03-19,4.0,-3.1,11.9,,0.94741946,0.0
1991-03-20,1.0,-2.7,7.4,,0.94741946,0.0
1991-03-21,-1.6,-4.9,3.2,,0.94741946,0.0050799972
1991-03-22,-4.0,-8.0,2.4,,0.9524995,0.0
1991-03-23,-4.0,-8.3,3.5,,0.9524995,0.0050799972
1991-03-24,-4.0,-7.7,0.6,,0.9575795,0.015239992
1991-03-25,-11.4,-16.6,-6.4,,0.97281945,0.0050799972
1991-03-26,-9.0,-16.8,0.1,,0.9778995,0.0050799972
1991-03-27,-7.6,-12.4,-2.3,,0.9829795,0.0025399986
1991-03-28,-6.0,-7.6,-2.2,,0.98551947,0.0050799972
1991-03-29,-5.0,-8.5,-0.7,,0.99059945,0.0050799972
1991-03-30,0.0,-5.6,7.2,,0.99567944,0.0025399986
1991-03-31,5.6,-2.8,13.7,,0.9982195,0.0
1991-04-01,6.9,1.4,14.0,,0.9982195,0.0
1991-04-02,1.7,-4.0,7.7,,0.99313945,0.0
1991-04-03,-0.4,-6.6,5.4,,0.99313945,0.0050799972
1991-04-04,3.8,1.1,7.8,,0.99313945,0.0
1991-04-05,2.8,-3.0,9.7,,0.99059945,0.0025399986
1991-04-06,0.0,-6.0,6.0,,0.9550395,0.0
1991-04-07,-5.1,-10.1,2.0,,0.9550395,0.017779991
1991-04-08,-5.2,-8.2,1.0,,0.97281945,0.007619996
1991-04-09,-3.7,-8.2,1.8,,0.9804395,0.007619996
1991-04-10,-6.2,-11.4,1.0,,0.98805946,0.0025399986
1991-04-11,-4.9,-6.9,-3.9,,0.98805946,0.05587997
1991-04-12,-3.4,-6.6,1.9,,1.0439395,0.007619996
1991-04-13,-1.5,-6.6,3.8,,1.0515594,0.0025399986
1991-04-14,-0.1,-4.1,6.1,,1.0540994,0.0025399986
1991-04-15,-2.7,-6.0,1.6,,1.0540994,0.0050799972
1991-04-16,-4.2,-5.4,-1.4,,1.0591794,0.007619996
1991-04-17,-3.2,-6.8,1.4,,1.0667994,0.0025399986
1991-04-18,-1.5,-4.0,5.5,,1.0693394,0.0025399986
1991-04-19,0.6,-3.3,5.4,,1.0718794,0.0
1991-04-20,5.3,-1.8,14.8,,1.0718794,0.0025399986
1991-04-21,5.3,0.0,12.4,,1.0693394,0.0
1991-04-22,7.3,2.1,15.4,,1.0566394,0.0
1991-04-23,6.6,1.7,14.2,,0.9651995,0.0
1991-04-24,1.0,-5.8,9.4,,0.9423395,0.0
1991-04-25,-2.8,-7.8,3.3,,0.9423395,0.0
1991-04-26,-2.8,-6.4,3.4,,0.9423395,0.0
1991-04-27,-3.6,-6.1,-0.9,,0.9423395,0.007619996
1991-04-28,-1.7,-4.0,4.1,,0.9423395,0.007619996
1991-04-29,-2.8,-6.7,5.8,,0.9499595,0.0050799972
1991-04-30,-1.8,-7.4,7.5,,0.9550395,0.007619996
1991-05-01,-3.0,-7.2,2.8,,0.9626595,0.0
1991-05-02,-5.1,-7.0,-2.7,,0.9626595,0.0
1991-05-03,-3.9,-7.2,1.3,,0.9626595,0.0025399986
1991-05-04,-1.6,-6.6,3.3,,0.9626595,0.0
1991-05-05,2.6,-3.6,9.6,,0.9626595,0.007619996
1991-05-06,3.9,0.1,10.6,,0.9651995,0.0
1991-05-07,3.6,-0.1,8.1,,0.9423395,0.0025399986
1991-05-08,2.8,-1.0,5.4,,0.9397995,0.0101599945
1991-05-09,-0.5,-3.5,5.7,,0.9499595,0.0
1991-05-10,0.3,-4.1,4.7,,0.9448795,0.012699993
1991-05-11,2.3,-0.2,10.4,,0.9423395,0.0050799972
1991-05-12,0.7,-0.5,2.2,,0.94741946,0.015239992
1991-05-13,3.6,-1.1,10.1,,0.9499595,0.0025399986
1991-05-14,4.7,0.9,12.1,,0.9397995,0.0
1991-05-15,5.9,-1.3,13.4,,0.9220195,0.0
1991-05-16,8.6,1.0,17.3,,0.9118595,0.0025399986
1991-05-17,8.5,3.8,15.7,,0.8889995,0.012699993
1991-05-18,4.5,0.7,10.1,,0.87883955,0.0050799972
1991-05-19,6.4,-1.5,14.8,,0.87883955,0.0025399986
1991-05-20,7.0,1.9,16.7,,0.82549953,0.0025399986
1991-05-21,7.5,2.8,13.6,,0.7823196,0.0
1991-05-22,9.3,1.4,16.5,,0.73405963,0.0
1991-05-23,8.9,2.4,15.2,,0.6984996,0.0
1991-05-24,9.9,2.1,17.1,,0.66293967,0.0
1991-05-25,2.9,-2.8,8.5,,0.62483966,0.0
1991-05-26,2.0,-4.5,8.8,,0.5943597,0.0
1991-05-27,0.6,-2.0,6.4,,0.5613397,0.0
1991-05-28,2.2,-2.1,9.7,,0.5537197,0.0101599945
1991-05-29,6.1,1.1,14.5,,0.5587997,0.0025399986
1991-05-30,3.6,0.6,10.7,,0.5384797,0.007619996
1991-05-31,6.6,1.0,15.3,,0.51815975,0.0025399986
1991-06-01,10.6,3.5,17.7,,0.49021974,0.0
1991-06-02,13.1,5.6,20.4,,0.45465976,0.0025399986
1991-06-03,11.1,5.1,17.3,,0.41909978,0.0
1991-06-04,4.1,1.3,13.8,,0.3835398,0.0101599945
1991-06-05,3.6,1.8,6.8,,0.3403598,0.0101599945
1991-06-06,6.5,2.5,13.9,,0.30225983,0.0101599945
1991-06-07,5.3,2.8,9.2,,0.26415986,0.0025399986
1991-06-08,4.9,2.8,9.6,,0.22605988,0.0
1991-06-09,8.9,1.3,15.5,,0.1854199,0.0
1991-06-10,13.0,8.2,19.2,,0.15239991,0.0
1991-06-11,10.1,2.9,18.6,,0.09397995,0.0
1991-06-12,5.4,-0.3,11.9,,0.050799973,0.0
1991-06-13,4.0,-0.7,10.6,,0.020319989,0.0
1991-06-14,1.3,-1.5,5.4,,0.0025399986,0.0
1991-06-15,6.3,-1.3,14.4,,0.0,0.0
1991-06-16,5.4,1.0,9.9,,0.0,0.0
1991-06-17,2.8,-1.6,8.5,,0.0,0.0
1991-06-18,7.9,-1.1,16.4,,0.0,0.0
1991-06-19,6.6,4.3,10.8,,0.0,0.017779991
1991-06-20,5.3,2.1,8.3,,0.0,0.025399987
1991-06-21,8.9,-0.1,17.1,,0.0,0.0025399986
1991-06-22,8.5,4.4,16.3,,0.0,0.0
1991-06-23,8.4,3.0,16.1,,0.0,0.0050799972
1991-06-24,6.6,3.8,11.0,,0.0,0.0050799972
1991-06-25,6.8,2.8,12.2,,0.0,0.0025399986
1991-06-26,8.3,3.9,14.3,,0.0,0.0
1991-06-27,9.1,3.6,14.5,,0.0,0.0
1991-06-28,8.2,5.1,14.9,,0.0,0.0025399986
1991-06-29,10.2,5.4,17.6,,0.0,0.0101599945
1991-06-30,5.4,4.3,7.0,,0.0,0.012699993
1991-07-01,9.2,4.4,16.3,,0.0,0.0
1991-07-02,13.7,5.7,21.2,,0.0,0.0
1991-07-03,17.7,10.6,24.4,,0.0,0.0
1991-07-04,17.5,11.1,24.2,,0.0,0.0
1991-07-05,14.5,6.8,21.1,,0.0,0.0
1991-07-06,11.3,3.7,17.7,,0.0,0.0
1991-07-07,8.7,2.6,18.7,,0.0,0.0
1991-07-08,13.0,6.4,20.3,,0.0,0.0
1991-07-09,15.3,7.9,22.6,,0.0,0.0
1991-07-10,11.9,6.4,18.5,,0.0,0.0
1991-07-11,13.2,6.6,20.5,,0.0,0.0
1991-07-12,17.3,10.4,24.9,,0.0,0.0
1991-07-13,18.9,13.1,28.6,,0.0,0.0
1991-07-14,14.2,10.6,18.3,,0.0,0.0
1991-07-15,16.1,8.8,23.4,,0.0,0.0
1991-07-16,18.2,10.4,26.0,,0.0,0.0
1991-07-17,12.1,5.5,18.1,,0.0,0.0
1991-07-18,9.3,2.6,16.2,,0.0,0.0
1991-07-19,12.3,6.1,19.2,,0.0,0.0
1991-07-20,15.3,8.1,22.4,,0.0,0.0
1991-07-21,14.4,10.4,20.7,,0.0,0.0
1991-07-22,13.9,7.4,20.7,,0.0,0.0
1991-07-23,13.9,8.0,20.7,,0.0,0.0
1991-07-24,15.4,9.2,23.0,,0.0,0.0
1991-07-25,14.4,9.4,21.3,,0.0,0.0
1991-07-26,13.4,9.5,19.3,,0.0,0.0
1991-07-27,14.3,8.1,21.1,,0.0,0.0
1991-07-28,16.5,11.0,23.7,,0.0,0.0
1991-07-29,17.2,10.9,24.2,,0.0,0.0
1991-07-30,15.4,9.1,22.8,,0.0,0.0
1991-07-31,16.9,10.2,24.7,,0.0,0.0
1991-08-01,9.0,4.1,13.7,,0.0,0.0050799972
1991-08-02,10.0,3.3,19.5,,0.0,0.0025399986
1991-08-03,14.6,6.5,23.9,,0.0,0.0025399986
1991-08-04,17.1,10.6,25.5,,0.0,0.0
1991-08-05,17.1,11.1,24.1,,0.0,0.0
1991-08-06,15.7,9.2,23.9,,0.0,0.0
1991-08-07,18.9,11.6,27.9,,0.0,0.0
1991-08-08,20.5,13.3,28.1,,0.0,0.0
1991-08-09,20.7,15.2,28.6,,0.0,0.0
1991-08-10,19.2,12.8,28.2,,0.0,0.0
1991-08-11,14.4,8.9,23.4,,0.0,0.0
1991-08-12,14.3,9.9,21.2,,0.0,0.0
1991-08-13,15.8,8.9,23.2,,0.0,0.0
1991-08-14,12.9,6.9,20.8,,0.0,0.0
1991-08-15,12.1,5.8,21.1,,0.0,0.0
1991-08-16,14.1,7.4,22.6,,0.0,0.0
1991-08-17,15.6,10.3,23.0,,0.0,0.0
1991-08-18,17.5,10.6,24.4,,0.0,0.0
1991-08-19,17.4,12.7,24.5,,0.0,0.0
1991-08-20,17.9,12.3,24.9,,0.0,0.0
1991-08-21,18.8,12.2,25.9,,0.0,0.0
1991-08-22,19.0,14.5,25.4,,0.0,0.0
1991-08-23,17.6,12.3,24.6,,0.0,0.0
1991-08-24,15.8,10.2,23.7,,0.0,0.0
1991-08-25,14.5,9.0,21.1,,0.0,0.0
1991-08-26,14.7,9.1,21.8,,0.0,0.0
1991-08-27,13.2,7.4,21.2,,0.0,0.022859987
1991-08-28,10.1,5.1,17.1,,0.0,0.0
1991-08-29,14.9,8.5,22.2,,0.0,0.0
1991-08-30,18.7,11.2,26.3,,0.0,0.0
1991-08-31,20.3,14.8,28.3,,0.0,0.0
1991-09-01,14.8,7.3,20.4,,0.0,0.0
1991-09-02,9.2,4.9,15.5,,0.0,0.0
1991-09-03,10.6,2.8,19.2,,0.0,0.0025399986
1991-09-04,13.0,6.1,23.2,,0.0,0.0
1991-09-05,13.5,5.1,21.4,,0.0,0.0050799972
1991-09-06,17.1,11.7,23.4,,0.0,0.0025399986
1991-09-07,13.9,9.8,18.3,,0.0,0.0
1991-09-08,4.7,0.0,11.2,,0.0,0.0
1991-09-09,2.4,0.0,4.9,,0.0,0.0050799972
1991-09-10,8.9,3.2,16.5,,0.0,0.0
1991-09-11,9.1,4.9,15.7,,0.0,0.0
1991-09-12,10.7,4.3,17.4,,0.0,0.0
1991-09-13,8.1,-0.6,15.1,,0.0,0.0
1991-09-14,1.1,-0.8,4.3,,0.0,0.0050799972
1991-09-15,5.3,0.4,12.4,,0.0,0.0050799972
1991-09-16,5.7,0.1,12.9,,0.0,0.0
1991-09-17,0.7,-2.8,5.3,,0.0,0.0
1991-09-18,4.9,-3.7,13.0,,0.0,0.0025399986
1991-09-19,11.8,5.2,17.2,,0.0,0.0
1991-09-20,12.5,5.6,17.6,,0.0,0.0
1991-09-21,1.4,-2.8,6.7,,0.0,0.0
1991-09-22,1.4,-5.9,7.2,,0.0,0.0
1991-09-23,6.2,1.8,12.5,,0.0,0.0025399986
1991-09-24,10.9,4.5,19.0,,0.0,0.0
1991-09-25,13.0,6.0,23.3,,0.0,0.0
1991-09-26,14.6,8.7,22.8,,0.0,0.0
1991-09-27,14.2,8.2,22.0,,0.0,0.0025399986
1991-09-28,13.5,10.2,18.8,,0.0,0.0
1991-09-29,8.7,2.2,17.4,,0.0,0.0
1991-09-30,10.9,7.6,16.2,,0.0,0.0025399986
1991-10-01,10.9,5.6,15.7,,0.0,0.0
1991-10-02,5.9,-0.8,11.5,,0.0,0.0
1991-10-03,-0.7,-4.6,3.8,,0.0,0.0
1991-10-04,-1.2,-6.3,5.0,,0.0,0.0
1991-10-05,5.4,-2.8,13.0,,0.0,0.0101599945
1991-10-06,12.2,9.0,17.6,,0.0,0.0
1991-10-07,10.2,5.6,15.7,,0.0,0.0
1991-10-08,7.4,3.4,12.2,,0.0,0.0
1991-10-09,10.6,6.5,14.7,,0.0,0.0
1991-10-10,14.0,11.1,20.0,,0.0,0.0
1991-10-11,15.8,9.2,22.3,,0.0,0.0
1991-10-12,9.9,3.2,15.3,,0.0,0.0
1991-10-13,5.4,-0.2,10.9,,0.0,0.0
1991-10-14,9.6,4.8,15.7,,0.0,0.0
1991-10-15,12.1,7.5,17.2,,0.0,0.0
1991-10-16,7.8,-1.9,14.6,,0.0,0.0
1991-10-17,-3.3,-6.0,0.7,,0.0,0.0
1991-10-18,-3.2,-6.9,1.1,,0.0,0.0
1991-10-19,1.1,-2.5,6.4,,0.0,0.0025399986
1991-10-20,4.1,0.4,8.3,,0.0,0.0
1991-10-21,3.9,-2.7,10.4,,0.0,0.0
1991-10-22,-8.5,-12.6,-2.8,,0.0,0.0
1991-10-23,-5.9,-11.6,-0.1,,0.0,0.0
1991-10-24,-4.7,-6.9,-1.9,,0.0,0.0050799972
1991-10-25,-4.8,-6.6,-1.9,,0.0,0.0025399986
1991-10-26,-9.8,-14.0,-7.0,,0.0,0.0050799972
1991-10-27,-14.7,-18.2,-9.6,,0.0050799972,0.0
1991-10-28,-13.6,-19.9,-5.9,,0.0050799972,0.0
1991-10-29,-16.3,-21.9,-10.0,,0.0050799972,0.0
1991-10-30,-12.9,-20.9,-7.3,,0.0050799972,0.0025399986
1991-10-31,-13.0,-19.1,-8.9,,0.007619996,0.0
1991-11-01,-19.5,-22.9,-13.0,,0.007619996,0.0
1991-11-02,-15.3,-22.4,-7.6,,0.007619996,0.012699993
1991-11-03,-6.1,-9.7,-3.3,,0.007619996,0.0101599945
1991-11-04,-1.6,-4.7,0.3,,0.012699993,0.0101599945
1991-11-05,-0.4,-2.0,0.6,,0.022859987,0.012699993
1991-11-06,-1.9,-4.2,2.5,,0.033019982,0.0
1991-11-07,-0.3,-4.8,2.6,,0.033019982,0.0101599945
1991-11-08,3.9,1.0,7.5,,0.033019982,0.0
1991-11-09,0.5,-1.5,4.9,,0.033019982,0.0
1991-11-10,-1.2,-3.0,2.0,,0.033019982,0.0
1991-11-11,1.2,-2.5,6.3,,0.033019982,0.0050799972
1991-11-12,0.2,-0.4,1.8,,0.035559982,0.038099978
1991-11-13,-3.3,-7.2,-0.3,,0.066039965,0.0
1991-11-14,-5.9,-9.6,0.7,,0.066039965,0.0
1991-11-15,-4.8,-10.3,1.0,,0.066039965,0.0101599945
1991-11-16,0.3,-4.4,5.5,,0.066039965,0.0025399986
1991-11-17,-1.9,-4.7,0.5,,0.068579964,0.0025399986
1991-11-18,-4.7,-5.8,-2.3,,0.071119964,0.0
1991-11-19,-3.6,-6.1,0.1,,0.071119964,0.012699993
1991-11-20,-3.0,-5.2,-1.1,,0.076199956,0.017779991
1991-11-21,-7.7,-10.9,-4.1,,0.09397995,0.0
1991-11-22,-10.1,-13.0,-6.2,,0.09397995,0.0
1991-11-23,-7.3,-11.1,-4.6,,0.09397995,0.0101599945
1991-11-24,-3.0,-5.4,-0.2,,0.09905995,0.0050799972
1991-11-25,-2.2,-5.1,-0.6,,0.10159995,0.025399987
1991-11-26,-5.0,-7.3,-0.3,,0.12699993,0.0101599945
1991-11-27,-7.5,-10.9,-5.7,,0.13207993,0.0050799972
1991-11-28,-8.5,-10.6,-7.1,,0.13715993,0.0101599945
1991-11-29,-14.7,-18.6,-9.3,,0.14731993,0.0
1991-11-30,-14.1,-17.9,-11.0,,0.14731993,0.007619996
1991-12-01,-8.9,-13.2,-5.7,,0.14731993,0.017779991
1991-12-02,-7.3,-8.9,-3.7,,0.1650999,0.012699993
1991-12-03,-5.2,-8.1,-2.5,,0.1752599,0.0101599945
1991-12-04,-2.8,-3.6,-1.7,,0.1828799,0.007619996
1991-12-05,-1.4,-3.5,0.7,,0.1904999,0.015239992
1991-12-06,-1.6,-2.7,-0.8,,0.20573989,0.043179978
1991-12-07,-5.9,-7.9,-1.8,,0.24891986,0.0050799972
1991-12-08,-6.2,-8.4,-3.3,,0.25399986,0.022859987
1991-12-09,-4.4,-7.8,-3.0,,0.27685985,0.012699993
1991-12-10,-8.8,-10.3,-6.4,,0.28701985,0.0
1991-12-11,-7.1,-8.6,-6.1,,0.28701985,0.015239992
1991-12-12,-5.7,-7.3,-3.8,,0.30225983,0.05841997
1991-12-13,-10.8,-13.0,-7.0,,0.35559982,0.0025399986
1991-12-14,-7.7,-11.9,-3.7,,0.3581398,0.0050799972
1991-12-15,-3.3,-5.7,-0.4,,0.3606798,0.0
1991-12-16,-3.3,-6.8,1.4,,0.3606798,0.0
1991-12-17,-0.5,-4.5,5.7,,0.3606798,0.0025399986
1991-12-18,-1.3,-4.8,2.4,,0.3606798,0.0025399986
1991-12-19,-7.6,-11.0,-4.9,,0.3632198,0.0
1991-12-20,-6.5,-12.1,-0.2,,0.3632198,0.0025399986
1991-12-21,-1.1,-3.0,1.4,,0.3632198,0.0
1991-12-22,-3.7,-6.5,-0.7,,0.3632198,0.0
1991-12-23,-1.6,-4.3,3.3,,0.3632198,0.0
1991-12-24,-2.3,-4.8,1.3,,0.3632198,0.0
1991-12-25,-2.1,-6.6,3.8,,0.3632198,0.0
1991-12-26,0.3,-4.4,6.0,,0.3632198,0.0
1991-12-27,2.2,-2.0,8.1,,0.3632198,0.0
1991-12-28,-0.4,-4.1,5.4,,0.3632198,0.0
1991-12-29,-3.8,-7.7,-0.3,,0.3632198,0.0
1991-12-30,-5.4,-9.3,1.1,,0.3606798,0.0
1991-12-31,-5.3,-7.9,-1.3,,0.3606798,0.0
1992-01-01,-2.3,-5.3,2.2,,0.3606798,0.0
1992-01-02,-3.9,-7.7,-1.0,,0.3606798,0.0
1992-01-03,-4.6,-9.9,2.0,,0.3606798,0.0
1992-01-04,-5.1,-8.2,-2.5,,0.3606798,0.0
1992-01-05,-4.3,-8.8,0.5,,0.3606798,0.0
1992-01-06,-3.6,-6.9,1.6,,0.3606798,0.0
1992-01-07,-8.5,-11.5,-2.2,,0.3606798,0.0
1992-01-08,-9.4,-13.3,-5.9,,0.3606798,0.0
1992-01-09,-2.3,-6.9,0.9,,0.3606798,0.007619996
1992-01-10,-0.1,-5.0,4.5,,0.3632198,0.0
1992-01-11,-6.4,-8.2,-4.1,,0.3632198,0.007619996
1992-01-12,-9.5,-10.8,-7.4,,0.3708398,0.0
1992-01-13,-9.2,-10.3,-8.2,,0.3708398,0.0025399986
1992-01-14,-12.2,-18.7,-7.7,,0.3733798,0.0025399986
1992-01-15,-4.9,-10.1,-0.8,,0.3759198,0.012699993
1992-01-16,-8.2,-14.5,-2.1,,0.3835398,0.007619996
1992-01-17,-9.0,-12.4,-3.8,,0.3911598,0.0
1992-01-18,-3.4,-12.4,0.4,,0.3911598,0.012699993
1992-01-19,0.8,-1.7,4.3,,0.3962398,0.0
1992-01-20,1.3,-1.7,5.5,,0.3962398,0.0
1992-01-21,-6.1,-9.3,-0.5,,0.3962398,0.007619996
1992-01-22,-9.1,-11.0,-6.3,,0.4038598,0.007619996
1992-01-23,-3.8,-8.0,-1.3,,0.40893978,0.033019982
1992-01-24,-2.9,-4.0,-0.9,,0.44195977,0.027939985
1992-01-25,-2.3,-4.9,1.6,,0.46735975,0.0025399986
1992-01-26,-4.1,-5.9,-0.1,,0.46989974,0.0
1992-01-27,-1.1,-3.9,2.5,,0.46989974,0.0050799972
1992-01-28,-1.1,-3.8,0.6,,0.47497976,0.007619996
1992-01-29,-1.9,-3.9,0.2,,0.48259974,0.0025399986
1992-01-30,1.9,-0.4,5.4,,0.48513973,0.0
1992-01-31,5.3,2.1,9.2,,0.48513973,0.0
1992-02-01,2.4,-1.6,10.3,,0.48513973,0.0
1992-02-02,-3.0,-7.6,1.6,,0.48513973,0.0
1992-02-03,-1.5,-8.4,5.7,,0.48513973,0.0050799972
1992-02-04,3.4,-2.2,10.2,,0.49021974,0.0
1992-02-05,-0.1,-4.3,6.0,,0.49021974,0.0
1992-02-06,-2.5,-6.9,4.6,,0.49021974,0.0
1992-02-07,-4.0,-8.1,5.0,,0.49021974,0.0025399986
1992-02-08,-3.1,-7.4,1.3,,0.49021974,0.012699993
1992-02-09,-3.6,-5.8,0.0,,0.50037974,0.0
1992-02-10,-7.6,-12.1,-2.0,,0.50037974,0.0
1992-02-11,-1.8,-9.8,4.4,,0.50037974,0.0
1992-02-12,-1.2,-4.6,4.9,,0.50037974,0.0
1992-02-13,-2.3,-4.9,2.4,,0.50037974,0.0
1992-02-14,-2.7,-5.3,0.9,,0.50037974,0.0
1992-02-15,-2.0,-5.7,4.3,,0.50037974,0.0
1992-02-16,-3.9,-8.4,0.7,,0.50037974,0.0
1992-02-17,-6.7,-9.7,-0.6,,0.50037974,0.0
1992-02-18,-4.7,-8.9,-0.8,,0.50037974,0.012699993
1992-02-19,-2.2,-3.8,-0.8,,0.5105397,0.022859987
1992-02-20,-0.8,-4.5,2.5,,0.5333997,0.017779991
1992-02-21,-1.8,-3.4,-0.2,,0.5511797,0.0101599945
1992-02-22,-2.4,-5.1,0.0,,0.5613397,0.012699993
1992-02-23,-4.3,-6.6,-0.5,,0.5740397,0.0050799972
1992-02-24,-2.4,-4.9,1.7,,0.5791197,0.0025399986
1992-02-25,-0.6,-4.3,7.8,,0.5791197,0.0025399986
1992-02-26,2.6,-3.5,9.9,,0.5816597,0.0
1992-02-27,5.4,-2.4,14.1,,0.5816597,0.0025399986
1992-02-28,5.5,1.1,11.2,,0.58419967,0.0025399986
1992-02-29,5.0,2.1,9.6,,0.58673966,0.0
1992-03-01,4.4,1.2,10.3,,0.58673966,0.0
1992-03-02,2.5,-0.1,6.5,,0.58673966,0.0050799972
1992-03-03,3.8,-0.7,11.7,,0.5918197,0.0
1992-03-04,1.8,-1.8,8.6,,0.5918197,0.0
1992-03-05,1.9,-2.5,7.9,,0.5918197,0.0
1992-03-06,1.6,-2.4,8.1,,0.5918197,0.0
1992-03-07,0.0,-6.8,7.9,,0.5918197,0.0
1992-03-08,-6.4,-9.4,0.8,,0.5918197,0.0050799972
1992-03-09,-2.3,-10.2,5.4,,0.5968997,0.0025399986
1992-03-10,0.2,-5.5,6.0,,0.5994397,0.0
1992-03-11,3.1,-2.1,10.1,,0.5994397,0.0025399986
1992-03-12,5.2,0.7,12.1,,0.6019797,0.0
1992-03-13,4.7,0.0,13.0,,0.6019797,0.0
1992-03-14,6.1,0.1,14.0,,0.6019797,0.0025399986
1992-03-15,4.4,-0.6,12.4,,0.6019797,0.0050799972
1992-03-16,-0.7,-2.3,2.4,,0.5994397,0.007619996
1992-03-17,-1.3,-3.3,2.7,,0.60705966,0.0101599945
1992-03-18,-2.1,-6.2,3.6,,0.6146797,0.012699993
1992-03-19,-2.8,-6.0,1.0,,0.62737966,0.0025399986
1992-03-20,-5.1,-11.9,2.8,,0.62737966,0.0
1992-03-21,-4.0,-12.6,5.2,,0.62737966,0.0025399986
1992-03-22,1.2,-6.6,11.1,,0.62991965,0.0025399986
1992-03-23,1.8,-3.9,9.9,,0.63245964,0.0025399986
1992-03-24,-0.7,-7.1,7.8,,0.62737966,0.0
1992-03-25,2.3,-1.8,9.5,,0.62483966,0.0
1992-03-26,3.6,-1.9,10.0,,0.62483966,0.0
1992-03-27,-0.3,-3.6,2.6,,0.6197597,0.0
1992-03-28,-1.8,-7.1,5.9,,0.6172197,0.0
1992-03-29,0.6,-6.2,8.5,,0.6172197,0.0
1992-03-30,3.8,-2.7,12.8,,0.6172197,0.0
1992-03-31,4.6,-2.5,11.9,,0.6146797,0.0025399986
1992-04-01,6.2,0.2,13.5,,0.60451967,0.0
1992-04-02,8.5,1.1,15.4,,0.5968997,0.0025399986
1992-04-03,7.2,2.6,12.2,,0.5816597,0.0
1992-04-04,-0.6,-5.3,3.4,,0.56387967,0.0
1992-04-05,-5.4,-8.1,-0.6,,0.5613397,0.0025399986
1992-04-06,-6.5,-8.9,-0.8,,0.56387967,0.0025399986
1992-04-07,-5.9,-10.1,-0.5,,0.5664197,0.0050799972
1992-04-08,-3.9,-10.1,2.7,,0.5714997,0.0101599945
1992-04-09,-1.4,-4.4,2.0,,0.5740397,0.020319989
1992-04-10,-1.9,-6.6,2.7,,0.5943597,0.0101599945
1992-04-11,-2.4,-7.1,5.6,,0.60451967,0.0
1992-04-12,2.6,-5.6,7.3,,0.60451967,0.007619996
1992-04-13,3.8,0.3,10.9,,0.60959965,0.0
1992-04-14,4.6,-2.3,12.5,,0.5968997,0.0
1992-04-15,5.5,-0.2,13.8,,0.5918197,0.0025399986
1992-04-16,6.4,1.0,14.0,,0.58419967,0.0101599945
1992-04-17,-0.2,-2.3,3.9,,0.5714997,0.012699993
1992-04-18,0.0,-2.5,5.1,,0.5714997,0.0025399986
1992-04-19,0.2,-2.6,5.2,,0.5714997,0.0
1992-04-20,4.4,-3.6,12.7,,0.5664197,0.007619996
1992-04-21,1.3,-2.0,4.1,,0.56387967,0.0
1992-04-22,-0.7,-4.9,6.4,,0.56387967,0.0
1992-04-23,-2.7,-6.4,3.6,,0.5587997,0.0
1992-04-24,0.4,-8.0,8.4,,0.5486397,0.0050799972
1992-04-25,6.5,-2.3,14.7,,0.5486397,0.007619996
1992-04-26,12.0,3.0,20.0,,0.5333997,0.0
1992-04-27,8.9,4.3,14.7,,0.5105397,0.0
1992-04-28,6.9,3.6,13.5,,0.48513973,0.0
1992-04-29,11.4,3.2,19.3,,0.46481976,0.0050799972
1992-04-30,1.8,-2.3,5.3,,0.43433976,0.0025399986
1992-05-01,0.8,-5.1,7.5,,0.42163977,0.007619996
1992-05-02,6.0,0.6,12.6,,0.41401976,0.0
1992-05-03,7.9,1.6,15.1,,0.38861978,0.0
1992-05-04,11.6,4.0,19.0,,0.3632198,0.0025399986
1992-05-05,14.4,5.5,22.1,,0.33527982,0.0
1992-05-06,15.3,9.8,21.7,,0.30987984,0.0
1992-05-07,13.6,8.7,19.8,,0.27431986,0.0
1992-05-08,8.7,0.7,14.5,,0.24383987,0.0
1992-05-09,1.4,-1.1,7.6,,0.2082799,0.0
1992-05-10,-0.2,-1.6,2.0,,0.20065989,0.022859987
1992-05-11,-1.6,-6.9,3.0,,0.21843988,0.0
1992-05-12,-1.0,-8.3,7.2,,0.21589988,0.0
1992-05-13,4.3,-3.3,10.1,,0.21589988,0.0050799972
1992-05-14,7.4,1.8,13.2,,0.21081989,0.0025399986
1992-05-15,5.8,-4.7,12.4,,0.1879599,0.0
1992-05-16,2.9,-7.2,11.5,,0.15493992,0.0
1992-05-17,11.6,5.2,18.8,,0.13461992,0.0025399986
1992-05-18,12.5,7.0,18.8,,0.10921994,0.0
1992-05-19,12.7,4.9,21.6,,0.081279956,0.0
1992-05-20,6.8,2.4,12.7,,0.050799973,0.0
1992-05-21,1.6,-1.7,6.9,,0.022859987,0.0
1992-05-22,6.0,-3.3,15.9,,0.0101599945,0.0
1992-05-23,9.8,2.9,18.2,,0.0,0.0
1992-05-24,6.6,0.8,14.4,,0.0,0.0
1992-05-25,9.4,0.3,18.9,,0.0,0.0
1992-05-26,8.4,4.7,13.7,,0.0,0.0050799972
1992-05-27,6.5,3.4,13.9,,0.0,0.0
1992-05-28,8.6,2.6,15.9,,0.0,0.0
1992-05-29,6.2,2.6,11.0,,0.0,0.0101599945
1992-05-30,4.9,0.4,11.4,,0.0,0.0050799972
1992-05-31,7.4,0.1,15.9,,0.0,0.0050799972
1992-06-01,13.7,4.9,21.8,,0.0,0.0
1992-06-02,11.8,4.6,17.6,,0.0,0.0
1992-06-03,7.3,2.0,13.0,,0.0,0.0
1992-06-04,6.9,1.3,14.0,,0.0,0.0
1992-06-05,2.3,-0.3,7.4,,0.0,0.0025399986
1992-06-06,6.4,-0.6,14.0,,0.0,0.0025399986
1992-06-07,11.2,3.8,17.9,,0.0,0.0025399986
1992-06-08,13.8,7.2,20.9,,0.0,0.0
1992-06-09,15.4,9.5,23.4,,0.0,0.0025399986
1992-06-10,16.3,8.1,25.1,,0.0,0.0050799972
1992-06-11,11.6,6.0,18.2,,0.0,0.025399987
1992-06-12,12.4,5.4,19.3,,0.0,0.017779991
1992-06-13,5.7,-0.3,9.3,,0.0,0.0050799972
1992-06-14,3.5,-0.6,7.2,,0.0,0.007619996
1992-06-15,3.5,1.5,5.9,,0.0,0.0025399986
1992-06-16,6.8,4.2,10.9,,0.0,0.0050799972
1992-06-17,8.7,6.2,12.8,,0.0,0.0
1992-06-18,11.0,5.7,18.2,,0.0,0.0
1992-06-19,14.0,6.1,23.2,,0.0,0.0025399986
1992-06-20,16.9,10.6,23.7,,0.0,0.0
1992-06-21,16.7,10.6,23.1,,0.0,0.0
1992-06-22,17.7,12.3,25.2,,0.0,0.0
1992-06-23,18.8,11.9,26.1,,0.0,0.0
1992-06-24,14.4,8.2,21.9,,0.0,0.0
1992-06-25,14.1,8.3,22.6,,0.0,0.0
1992-06-26,14.8,10.0,23.4,,0.0,0.0025399986
1992-06-27,13.3,9.9,20.9,,0.0,0.0050799972
1992-06-28,12.0,7.0,19.2,,0.0,0.0
1992-06-29,7.5,4.6,10.0,,0.0,0.0101599945
1992-06-30,4.5,2.8,6.7,,0.0,0.015239992
1992-07-01,2.7,0.7,5.5,,0.0,0.0025399986
1992-07-02,6.0,0.5,12.9,,0.0,0.0
1992-07-03,8.9,4.5,15.9,,0.0,0.0025399986
1992-07-04,10.4,5.1,18.2,,0.0,0.0101599945
1992-07-05,10.6,4.1,17.9,,0.0,0.0
1992-07-06,6.8,3.9,11.7,,0.0,0.0
1992-07-07,5.6,3.7,8.4,,0.0,0.0
1992-07-08,6.9,3.1,12.1,,0.0,0.0
1992-07-09,6.5,3.3,13.5,,0.0,0.0025399986
1992-07-10,7.3,2.8,14.1,,0.0,0.0025399986
1992-07-11,5.2,2.2,9.1,,0.0,0.0025399986
1992-07-12,9.8,2.1,17.4,,0.0,0.0050799972
1992-07-13,11.6,7.6,16.9,,0.0,0.0
1992-07-14,10.1,4.9,14.7,,0.0,0.0
1992-07-15,9.9,3.8,17.2,,0.0,0.0
1992-07-16,9.5,2.6,18.1,,0.0,0.0
1992-07-17,14.7,5.8,23.2,,0.0,0.0
1992-07-18,15.6,7.8,24.3,,0.0,0.0
1992-07-19,6.7,4.9,9.3,,0.0,0.0
1992-07-20,6.8,4.8,9.0,,0.0,0.0025399986
1992-07-21,8.6,6.6,13.8,,0.0,0.0101599945
1992-07-22,12.6,6.1,22.1,,0.0,0.012699993
1992-07-23,9.9,5.4,15.7,,0.0,0.0
1992-07-24,7.2,4.2,10.8,,0.0,0.0
1992-07-25,12.0,3.7,21.1,,0.0,0.0025399986
1992-07-26,14.3,9.3,21.7,,0.0,0.0
1992-07-27,16.0,11.3,23.3,,0.0,0.0
1992-07-28,15.3,10.2,22.6,,0.0,0.0
1992-07-29,12.5,5.5,20.1,,0.0,0.0
1992-07-30,15.5,7.2,23.7,,0.0,0.0
1992-07-31,18.4,12.0,25.9,,0.0,0.0
1992-08-01,17.7,11.5,25.9,,0.0,0.0
1992-08-02,16.2,7.0,25.5,,0.0,0.0
1992-08-03,16.2,9.6,23.5,,0.0,0.0
1992-08-04,15.9,8.0,24.9,,0.0,0.0
1992-08-05,15.6,11.2,21.0,,0.0,0.0
1992-08-06,14.2,9.2,20.4,,0.0,0.0
1992-08-07,13.6,8.6,19.5,,0.0,0.0
1992-08-08,10.8,6.6,15.7,,0.0,0.0
1992-08-09,11.3,6.2,17.7,,0.0,0.0
1992-08-10,14.4,7.1,23.1,,0.0,0.0
1992-08-11,13.1,5.9,22.1,,0.0,0.0
1992-08-12,15.8,8.1,25.4,,0.0,0.0
1992-08-13,17.7,11.4,25.7,,0.0,0.0
1992-08-14,20.5,14.2,27.9,,0.0,0.0
1992-08-15,16.6,10.2,21.0,,0.0,0.0
1992-08-16,16.1,9.4,24.4,,0.0,0.0
1992-08-17,16.8,11.3,22.8,,0.0,0.0
1992-08-18,18.2,13.2,25.9,,0.0,0.0025399986
1992-08-19,18.2,9.6,26.4,,0.0,0.0
1992-08-20,7.5,4.1,13.7,,0.0,0.0
1992-08-21,10.1,1.1,22.4,,0.0,0.0
1992-08-22,-3.4,-5.0,0.8,,0.0,0.0
1992-08-23,-3.5,-5.9,-0.2,,0.0,0.0050799972
1992-08-24,-1.4,-5.8,5.1,,0.0,0.0
1992-08-25,2.7,-4.3,9.6,,0.0,0.007619996
1992-08-26,8.7,2.5,15.2,,0.0,0.0
1992-08-27,11.2,6.7,17.3,,0.0,0.0
1992-08-28,8.8,-1.0,14.2,,0.0,0.0
1992-08-29,4.7,-2.4,14.3,,0.0,0.0
1992-08-30,9.6,2.8,17.4,,0.0,0.0
1992-08-31,11.9,5.0,19.9,,0.0,0.0025399986
1992-09-01,10.6,6.5,15.9,,0.0,0.0
1992-09-02,11.1,6.4,17.9,,0.0,0.0
1992-09-03,13.5,7.6,20.0,,0.0,0.0
1992-09-04,5.9,1.4,11.2,,0.0,0.007619996
1992-09-05,1.2,-1.6,5.7,,0.0,0.0
1992-09-06,-0.3,-3.3,5.9,,0.0,0.0
1992-09-07,2.2,-2.8,8.2,,0.0,0.007619996
1992-09-08,1.8,-0.1,4.4,,0.0,0.017779991
1992-09-09,4.9,-0.9,10.9,,0.0,0.0025399986
1992-09-10,10.4,3.0,16.6,,0.0,0.0025399986
1992-09-11,12.6,6.2,19.5,,0.0,0.0025399986
1992-09-12,3.3,-0.5,6.6,,0.0,0.007619996
1992-09-13,-2.2,-3.6,-0.3,,0.0,0.0050799972
1992-09-14,2.8,-3.0,7.6,,0.0,0.007619996
1992-09-15,4.9,1.5,9.6,,0.0,0.0050799972
1992-09-16,4.7,0.4,9.9,,0.0,0.007619996
1992-09-17,1.6,-3.1,5.4,,0.0,0.0
1992-09-18,6.6,1.0,12.2,,0.0,0.0025399986
1992-09-19,8.8,5.6,14.5,,0.0,0.0
1992-09-20,5.9,4.8,8.6,,0.0,0.0
1992-09-21,9.9,5.5,16.2,,0.0,0.0025399986
1992-09-22,14.7,9.9,20.1,,0.0,0.0
1992-09-23,14.5,9.6,20.0,,0.0,0.0
1992-09-24,3.0,-0.4,11.3,,0.0,0.007619996
1992-09-25,0.0,-1.0,2.8,,0.0,0.0101599945
1992-09-26,2.9,-0.8,6.9,,0.0,0.0050799972
1992-09-27,4.1,-0.5,9.3,,0.0,0.0025399986
1992-09-28,10.5,3.7,16.0,,0.0,0.0025399986
1992-09-29,14.4,9.7,20.9,,0.0,0.0
1992-09-30,16.6,11.4,24.7,,0.0,0.0
1992-10-01,17.7,12.1,25.2,,0.0,0.0
1992-10-02,15.9,11.8,22.9,,0.0,0.0
1992-10-03,11.9,5.7,18.4,,0.0,0.0
1992-10-04,3.4,0.1,6.8,,0.0,0.0050799972
1992-10-05,1.4,-2.7,7.7,,0.0,0.0
1992-10-06,-2.3,-5.3,1.2,,0.0,0.0
1992-10-07,0.6,-4.5,5.7,,0.0,0.0101599945
1992-10-08,2.7,0.8,5.1,,0.0,0.0
1992-10-09,2.3,-0.5,7.1,,0.0,0.0
1992-10-10,4.6,0.3,10.1,,0.0,0.0050799972
1992-10-11,7.4,3.6,12.4,,0.0,0.0
1992-10-12,7.6,4.8,10.9,,0.0,0.0
1992-10-13,-2.3,-5.9,6.1,,0.0,0.0101599945
1992-10-14,-5.1,-9.8,-1.1,,0.0101599945,0.0
1992-10-15,-8.3,-13.7,-2.9,,0.0050799972,0.0
1992-10-16,-2.5,-7.3,2.6,,0.0050799972,0.0101599945
1992-10-17,0.0,-2.7,3.4,,0.0101599945,0.0050799972
1992-10-18,4.7,0.3,9.2,,0.0101599945,0.0025399986
1992-10-19,5.2,1.8,8.8,,0.007619996,0.0
1992-10-20,9.8,6.9,13.9,,0.0025399986,0.0
1992-10-21,9.9,3.6,17.0,,0.0,0.0
1992-10-22,4.0,1.3,7.0,,0.0,0.0
1992-10-23,9.1,4.1,14.7,,0.0,0.0
1992-10-24,9.1,4.9,15.0,,0.0,0.0
1992-10-25,4.5,-0.8,10.3,,0.0,0.0
1992-10-26,4.1,-1.7,7.8,,0.0,0.0
1992-10-27,-0.5,-4.3,7.4,,0.0,0.0
1992-10-28,-2.1,-6.4,4.2,,0.0,0.0
1992-10-29,0.2,-2.7,1.8,,0.0,0.0050799972
1992-10-30,-0.1,-3.1,4.0,,0.0,0.0050799972
1992-10-31,-2.3,-2.9,-1.2,,0.0,0.0101599945
1992-11-01,-2.7,-5.4,-0.4,,0.0101599945,0.0101599945
1992-11-02,-4.1,-7.2,1.1,,0.017779991,0.0
1992-11-03,-7.7,-10.5,-5.0,,0.017779991,0.0
1992-11-04,-5.9,-10.9,-2.5,,0.017779991,0.0050799972
1992-11-05,-5.2,-6.6,-3.3,,0.020319989,0.0
1992-11-06,-2.6,-6.3,-0.6,,0.020319989,0.007619996
1992-11-07,-1.0,-3.2,1.3,,0.025399987,0.007619996
1992-11-08,-4.6,-9.0,-2.6,,0.033019982,0.0
1992-11-09,-6.3,-8.1,-2.5,,0.033019982,0.007619996
1992-11-10,-8.5,-10.0,-6.6,,0.038099978,0.0
1992-11-11,-6.9,-8.6,-5.2,,0.038099978,0.007619996
1992-11-12,-3.6,-5.6,0.6,,0.043179978,0.0050799972
1992-11-13,0.0,-2.6,2.4,,0.045719974,0.0025399986
1992-11-14,4.2,1.6,8.0,,0.048259974,0.0
1992-11-15,3.4,1.0,8.5,,0.048259974,0.0
1992-11-16,1.0,-1.6,6.3,,0.045719974,0.0
1992-11-17,-1.1,-2.6,1.7,,0.043179978,0.0
1992-11-18,-3.1,-5.4,0.6,,0.043179978,0.0
1992-11-19,-4.4,-6.8,0.9,,0.043179978,0.0
1992-11-20,-6.7,-8.8,-3.2,,0.040639978,0.0
1992-11-21,-6.1,-11.6,-3.2,,0.040639978,0.0050799972
1992-11-22,-6.7,-12.7,-0.8,,0.045719974,0.0
1992-11-23,-12.6,-16.6,-7.8,,0.045719974,0.0
1992-11-24,-13.7,-16.7,-6.4,,0.045719974,0.0
1992-11-25,-9.0,-15.7,-4.4,,0.045719974,0.0050799972
1992-11-26,-3.3,-9.0,1.3,,0.048259974,0.0101599945
1992-11-27,-1.8,-5.9,3.0,,0.05333997,0.0
1992-11-28,-6.5,-9.5,-3.3,,0.05333997,0.0
1992-11-29,-7.4,-14.0,-1.5,,0.05333997,0.0025399986
1992-11-30,-6.3,-9.0,-4.2,,0.05587997,0.015239992
1992-12-01,-9.9,-12.8,-5.5,,0.071119964,0.0
1992-12-02,-11.7,-16.8,-8.6,,0.071119964,0.0
1992-12-03,-15.7,-19.1,-9.0,,0.071119964,0.0
1992-12-04,-11.8,-18.3,-5.4,,0.071119964,0.0
1992-12-05,-4.8,-10.7,4.6,,0.071119964,0.0
1992-12-06,-8.1,-12.4,-2.7,,0.071119964,0.0025399986
1992-12-07,-5.9,-9.8,-2.8,,0.073659964,0.007619996
1992-12-08,-5.9,-7.1,-2.8,,0.078739956,0.012699993
1992-12-09,-8.3,-9.9,-5.3,,0.09143995,0.0025399986
1992-12-10,-5.1,-9.9,-0.2,,0.09397995,0.0101599945
1992-12-11,-8.3,-12.2,-1.7,,0.10413995,0.0
1992-12-12,-10.1,-14.6,-3.0,,0.10413995,0.0
1992-12-13,-9.9,-16.2,-5.9,,0.10413995,0.015239992
1992-12-14,-5.1,-8.9,-2.2,,0.10921994,0.007619996
1992-12-15,-10.9,-14.4,-8.0,,0.11683994,0.0025399986
1992-12-16,-14.5,-17.3,-12.0,,0.11937994,0.0
1992-12-17,-12.9,-17.2,-8.7,,0.11937994,0.007619996
1992-12-18,-14.1,-18.0,-11.4,,0.12191994,0.0025399986
1992-12-19,-13.5,-18.1,-8.6,,0.12445993,0.015239992
1992-12-20,-8.2,-8.9,-7.4,,0.13461992,0.027939985
1992-12-21,-8.1,-8.7,-7.4,,0.16255991,0.038099978
1992-12-22,-9.0,-16.9,-6.0,,0.20065989,0.025399987
1992-12-23,-4.9,-8.3,-3.6,,0.22605988,0.015239992
1992-12-24,-6.1,-9.2,-3.4,,0.23621987,0.0050799972
1992-12-25,-7.7,-10.4,-2.8,,0.24129987,0.007619996
1992-12-26,-7.1,-8.6,-5.7,,0.24383987,0.017779991
1992-12-27,-20.7,-27.4,-7.6,,0.26161987,0.007619996
1992-12-28,-20.6,-25.7,-7.6,,0.26923984,0.007619996
1992-12-29,-12.5,-20.6,-4.7,,0.27685985,0.0
1992-12-30,-13.4,-25.0,-5.9,,0.27685985,0.015239992
1992-12-31,-10.6,-12.3,-8.6,,0.28193983,0.007619996
1993-01-01,-6.5,-8.9,-4.6,,0.28955984,0.012699993
1993-01-02,-14.5,-17.9,-8.5,,0.30225983,0.0
1993-01-03,-14.4,-18.5,-11.2,,0.30225983,0.007619996
1993-01-04,-19.7,-27.0,-13.5,,0.30479982,0.0
1993-01-05,-17.5,-26.1,-8.5,,0.30479982,0.0050799972
1993-01-06,-13.9,-16.0,-9.8,,0.30987984,0.0
1993-01-07,-12.4,-18.7,-4.3,,0.30987984,0.0
1993-01-08,-18.2,-22.9,-10.3,,0.30987984,0.0
1993-01-09,-22.8,-26.0,-16.4,,0.30987984,0.0
1993-01-10,-13.6,-19.2,-7.2,,0.30987984,0.0
1993-01-11,-14.9,-17.5,-11.9,,0.30987984,0.0025399986
1993-01-12,-16.1,-19.5,-8.8,,0.30987984,0.0
1993-01-13,-13.1,-17.7,-6.6,,0.30987984,0.012699993
1993-01-14,-3.3,-9.4,2.3,,0.31495982,0.0025399986
1993-01-15,-6.3,-8.8,-1.3,,0.31749982,0.0
1993-01-16,-6.5,-12.4,-0.2,,0.31749982,0.0
1993-01-17,-6.7,-11.1,-3.5,,0.31749982,0.0
1993-01-18,-6.7,-11.0,-0.5,,0.31749982,0.007619996
1993-01-19,-5.1,-5.9,-3.6,,0.31749982,0.0025399986
1993-01-20,-3.1,-7.2,-0.5,,0.32003984,0.015239992
1993-01-21,-7.6,-8.5,-6.4,,0.33527982,0.007619996
1993-01-22,-8.1,-12.3,-5.3,,0.3403598,0.015239992
1993-01-23,-13.0,-14.4,-11.0,,0.35559982,0.0025399986
1993-01-24,-7.7,-11.8,-2.8,,0.35559982,0.017779991
1993-01-25,-1.2,-2.7,0.6,,0.3733798,0.0101599945
1993-01-26,-2.0,-3.8,-0.4,,0.3809998,0.0050799972
1993-01-27,-2.0,-6.8,2.5,,0.3860798,0.0025399986
1993-01-28,-5.8,-9.0,-3.2,,0.3860798,0.0
1993-01-29,-5.0,-8.6,1.6,,0.3860798,0.0
1993-01-30,-4.8,-10.0,4.1,,0.3860798,0.0
1993-01-31,1.6,-4.9,10.0,,0.3860798,0.0025399986
1993-02-01,-0.2,-4.8,5.6,,0.38861978,0.0
1993-02-02,-2.5,-6.3,4.7,,0.38861978,0.0
1993-02-03,-0.3,-5.7,7.3,,0.38861978,0.0
1993-02-04,1.7,-1.7,9.2,,0.38861978,0.0
1993-02-05,3.0,-2.9,11.7,,0.38861978,0.0
1993-02-06,0.2,-2.3,3.9,,0.38861978,0.0
1993-02-07,-1.0,-4.4,6.2,,0.38861978,0.0
1993-02-08,-1.9,-7.3,6.6,,0.38861978,0.0
1993-02-09,-9.3,-13.6,-6.1,,0.38861978,0.0
1993-02-10,-8.7,-13.6,-3.0,,0.38861978,0.0
1993-02-11,-6.7,-11.4,-0.5,,0.38861978,0.0025399986
1993-02-12,-6.2,-10.5,0.0,,0.38861978,0.0
1993-02-13,-7.4,-8.3,-5.2,,0.38861978,0.0025399986
1993-02-14,-15.7,-23.6,-8.3,,0.38861978,0.0
1993-02-15,-24.7,-28.5,-18.2,,0.38861978,0.0
1993-02-16,-25.1,-28.3,-18.4,,0.38861978,0.0
1993-02-17,-17.2,-26.6,-9.7,,0.38861978,0.0025399986
1993-02-18,-12.2,-17.4,-7.7,,0.3911598,0.0101599945
1993-02-19,-14.9,-17.9,-11.8,,0.40131977,0.012699993
1993-02-20,-15.8,-21.5,-9.0,,0.41401976,0.0025399986
1993-02-21,-13.9,-21.4,-7.4,,0.4165598,0.0101599945
1993-02-22,-12.7,-16.0,-8.9,,0.42163977,0.0025399986
1993-02-23,-16.4,-21.7,-10.2,,0.42417976,0.0
1993-02-24,-12.7,-18.3,-3.6,,0.42417976,0.0
1993-02-25,-11.5,-16.9,-2.8,,0.42417976,0.0
1993-02-26,-10.6,-17.1,-1.8,,0.42417976,0.007619996
1993-02-27,-6.4,-10.3,-2.0,,0.42925978,0.0025399986
1993-02-28,-1.7,-8.6,6.6,,0.42925978,0.0050799972
1993-03-01,-0.6,-5.0,6.7,,0.43179977,0.0025399986
1993-03-02,-5.3,-10.6,-0.3,,0.43433976,0.0
1993-03-03,-3.0,-10.8,5.0,,0.43433976,0.0025399986
1993-03-04,-2.0,-5.7,2.8,,0.43433976,0.0050799972
1993-03-05,-0.3,-2.1,2.8,,0.43433976,0.0
1993-03-06,1.6,-1.2,6.7,,0.43433976,0.0050799972
1993-03-07,3.2,-1.4,9.1,,0.43179977,0.0
1993-03-08,0.0,-5.3,5.4,,0.42925978,0.0
1993-03-09,-4.4,-11.6,1.2,,0.42925978,0.0
1993-03-10,-8.9,-12.4,-1.6,,0.42925978,0.0
1993-03-11,-12.9,-18.6,-5.7,,0.42925978,0.0
1993-03-12,-8.1,-18.8,-1.4,,0.42925978,0.0
1993-03-13,-2.5,-7.8,3.3,,0.42925978,0.0050799972
1993-03-14,-2.3,-3.9,-0.4,,0.43179977,0.020319989
1993-03-15,-4.8,-18.9,-0.9,,0.45211977,0.020319989
1993-03-16,-12.3,-21.6,-1.6,,0.47243974,0.012699993
1993-03-17,-1.8,-9.6,4.4,,0.48005974,0.012699993
1993-03-18,-1.2,-3.4,1.0,,0.48767975,0.015239992
1993-03-19,-2.5,-4.7,1.6,,0.50291973,0.0025399986
1993-03-20,-1.7,-4.6,1.3,,0.5054597,0.0025399986
1993-03-21,-1.1,-5.2,3.3,,0.5079997,0.0050799972
1993-03-22,4.6,0.0,9.3,,0.5105397,0.0025399986
1993-03-23,6.4,2.6,13.9,,0.5105397,0.0
1993-03-24,3.8,-1.2,11.9,,0.49529973,0.0050799972
1993-03-25,1.3,-2.5,8.1,,0.50037974,0.007619996
1993-03-26,1.5,-1.7,9.3,,0.50291973,0.0101599945
1993-03-27,-2.5,-5.3,0.0,,0.5054597,0.0025399986
1993-03-28,-1.3,-5.6,4.2,,0.5079997,0.0
1993-03-29,-0.6,-4.4,7.2,,0.5079997,0.0
1993-03-30,-1.7,-7.4,4.6,,0.5054597,0.0
1993-03-31,0.7,-3.7,8.1,,0.5054597,0.0
1993-04-01,4.1,-2.9,12.3,,0.50291973,0.0025399986
1993-04-02,4.1,-2.9,12.3,,0.5054597,0.0
1993-04-03,1.7,-2.3,8.0,,0.5054597,0.0050799972
1993-04-04,1.3,-2.6,6.5,,0.5105397,0.0025399986
1993-04-05,-4.0,-6.5,1.1,,0.5130797,0.0050799972
1993-04-06,-3.3,-6.9,4.1,,0.5156197,0.0025399986
1993-04-07,-0.7,-4.5,6.1,,0.5156197,0.0
1993-04-08,3.2,-2.8,11.2,,0.5156197,0.007619996
1993-04-09,-1.2,-3.6,4.4,,0.52323973,0.0025399986
1993-04-10,-1.6,-4.9,4.4,,0.5257797,0.0025399986
1993-04-11,-3.2,-5.1,1.8,,0.5257797,0.0101599945
1993-04-12,-3.0,-6.7,2.8,,0.5333997,0.0050799972
1993-04-13,-2.0,-8.0,5.4,,0.5384797,0.0050799972
1993-04-14,-0.4,-4.7,8.3,,0.5384797,0.0
1993-04-15,-0.5,-4.7,4.7,,0.5384797,0.0025399986
1993-04-16,1.0,-2.0,7.3,,0.5384797,0.0
1993-04-17,1.6,-1.7,8.6,,0.5384797,0.0025399986
1993-04-18,-1.4,-3.3,0.1,,0.5384797,0.015239992
1993-04-19,-2.0,-6.4,2.2,,0.5537197,0.007619996
1993-04-20,0.0,-7.2,8.1,,0.5613397,0.0050799972
1993-04-21,4.2,-0.3,10.7,,0.5613397,0.0
1993-04-22,2.8,-2.8,9.4,,0.5613397,0.0
1993-04-23,-0.3,-4.1,5.8,,0.5562597,0.0
1993-04-24,0.1,-5.1,6.3,,0.5562597,0.0025399986
1993-04-25,1.0,-2.0,6.3,,0.5511797,0.0050799972
1993-04-26,-0.7,-3.3,3.9,,0.5511797,0.0
1993-04-27,-0.9,-3.9,4.6,,0.5486397,0.0
1993-04-28,0.8,-3.8,6.9,,0.5460997,0.0025399986
1993-04-29,1.9,-1.5,8.0,,0.54355973,0.0025399986
1993-04-30,0.3,-3.3,7.6,,0.5410197,0.0
1993-05-01,2.5,-3.5,9.6,,0.5384797,0.007619996
1993-05-02,2.1,0.0,6.5,,0.5359397,0.0
1993-05-03,4.7,-2.8,13.5,,0.5257797,0.007619996
1993-05-04,0.7,-0.2,3.0,,0.51815975,0.007619996
1993-05-05,5.0,1.3,13.2,,0.5130797,0.0025399986
1993-05-06,3.8,0.0,9.0,,0.50291973,0.0050799972
1993-05-07,-2.0,-3.9,2.4,,0.48513973,0.0
1993-05-08,-0.6,-4.8,5.9,,0.47497976,0.0025399986
1993-05-09,3.1,-2.8,9.6,,0.46735975,0.0
1993-05-10,12.0,0.8,22.3,,0.45973974,0.0050799972
1993-05-11,15.3,7.9,24.2,,0.43941978,0.0
1993-05-12,15.3,8.9,24.2,,0.40893978,0.0
1993-05-13,14.1,8.6,23.9,,0.3657598,0.0
1993-05-14,11.7,4.7,22.6,,0.32765982,0.0
1993-05-15,8.1,2.7,15.7,,0.29463986,0.0
1993-05-16,9.1,1.5,17.9,,0.26669985,0.0025399986
1993-05-17,8.8,1.7,18.8,,0.24129987,0.0
1993-05-18,10.9,4.3,20.0,,0.21335988,0.0
1993-05-19,11.2,4.5,20.2,,0.17779991,0.0
1993-05-20,10.6,5.6,19.4,,0.13969992,0.0050799972
1993-05-21,6.3,3.3,12.2,,0.10921994,0.0025399986
1993-05-22,3.3,-0.3,8.2,,0.05841997,0.0
1993-05-23,1.3,-2.0,7.0,,0.05333997,0.0
1993-05-24,6.0,-2.1,14.6,,0.040639978,0.0
1993-05-25,10.1,2.4,17.9,,0.022859987,0.0101599945
1993-05-26,6.9,3.4,12.6,,0.015239992,0.0
1993-05-27,7.1,1.7,16.6,,0.007619996,0.0
1993-05-28,8.3,2.6,16.7,,0.0025399986,0.012699993
1993-05-29,7.1,3.1,12.5,,0.0,0.0
1993-05-30,9.8,2.0,16.9,,0.0,0.0025399986
1993-05-31,11.4,6.3,17.7,,0.0,0.015239992
1993-06-01,4.9,1.8,9.2,,0.0,0.022859987
1993-06-02,3.6,0.7,9.1,,0.0,0.0
1993-06-03,2.8,-1.7,9.7,,0.0,0.0
1993-06-04,4.9,-1.6,11.6,,0.0,0.0050799972
1993-06-05,5.2,1.0,10.4,,0.0,0.0025399986
1993-06-06,4.8,2.6,7.5,,0.0,0.0101599945
1993-06-07,4.9,2.9,8.9,,0.0,0.007619996
1993-06-08,3.7,2.3,6.2,,0.0,0.0
1993-06-09,6.1,0.9,12.4,,0.0,0.0
1993-06-10,7.1,4.3,11.2,,0.0,0.0
1993-06-11,3.9,-0.2,8.7,,0.0,0.0101599945
1993-06-12,-0.4,-2.3,0.6,,0.007619996,0.012699993
1993-06-13,5.2,0.0,12.3,,0.0,0.0
1993-06-14,11.7,2.7,21.2,,0.0,0.0025399986
1993-06-15,9.3,4.1,16.4,,0.0,0.0050799972
1993-06-16,2.8,-0.5,4.8,,0.0,0.0050799972
1993-06-17,7.2,-1.0,17.4,,0.0,0.0025399986
1993-06-18,12.4,4.4,19.3,,0.0,0.0025399986
1993-06-19,15.0,8.4,22.6,,0.0,0.0025399986
1993-06-20,16.8,9.4,26.0,,0.0,0.0050799972
1993-06-21,13.2,3.9,23.0,,0.0,0.015239992
1993-06-22,1.0,-2.1,3.9,,0.0,0.0
1993-06-23,-1.2,-3.1,1.6,,0.0,0.015239992
1993-06-24,1.5,-0.3,3.8,,0.0,0.0050799972
1993-06-25,9.2,2.8,16.9,,0.0,0.0025399986
1993-06-26,13.9,6.2,22.5,,0.0,0.007619996
1993-06-27,12.4,6.4,19.0,,0.0,0.0
1993-06-28,7.9,0.9,15.9,,0.0,0.0
1993-06-29,2.8,0.0,6.4,,0.0,0.0
1993-06-30,5.6,0.2,12.1,,0.0,0.0
1993-07-01,7.9,3.0,13.3,,0.0,0.0
1993-07-02,5.1,3.8,8.1,,0.0,0.0101599945
1993-07-03,4.6,2.0,9.8,,0.0,0.0101599945
1993-07-04,5.6,3.8,9.3,,0.0,0.0101599945
1993-07-05,5.5,3.7,9.3,,0.0,0.0025399986
1993-07-06,6.6,1.8,12.3,,0.0,0.0
1993-07-07,6.7,2.8,11.0,,0.0,0.0
1993-07-08,7.8,2.5,15.0,,0.0,0.0025399986
1993-07-09,6.0,1.7,14.6,,0.0,0.007619996
1993-07-10,3.6,1.1,8.4,,0.0,0.0050799972
1993-07-11,8.4,1.4,17.1,,0.0,0.007619996
1993-07-12,4.2,0.6,12.3,,0.0,0.0025399986
1993-07-13,4.0,-1.3,11.1,,0.0,0.0025399986
1993-07-14,4.9,1.0,11.6,,0.0,0.0050799972
1993-07-15,6.1,1.3,13.7,,0.0,0.0050799972
1993-07-16,5.8,1.9,12.6,,0.0,0.0050799972
1993-07-17,6.0,2.2,13.7,,0.0,0.0
1993-07-18,6.0,2.1,12.1,,0.0,0.0025399986
1993-07-19,10.7,3.4,18.6,,0.0,0.007619996
1993-07-20,8.8,4.1,14.8,,0.0025399986,0.0025399986
1993-07-21,8.6,2.2,15.0,,0.0,0.0
1993-07-22,8.2,4.2,14.6,,0.0,0.0
1993-07-23,8.4,5.5,15.4,,0.0,0.0025399986
1993-07-24,9.4,4.7,14.2,,0.0,0.0
1993-07-25,6.3,3.9,13.1,,0.0,0.0050799972
1993-07-26,6.3,4.5,9.7,,0.0,0.0050799972
1993-07-27,10.5,5.5,17.7,,0.0,0.0025399986
1993-07-28,15.9,7.8,25.0,,0.0,0.0
1993-07-29,18.2,10.1,26.9,,0.0,0.0
1993-07-30,10.2,6.0,16.3,,0.0,0.0
1993-07-31,10.0,3.7,15.7,,0.0,0.0
1993-08-01,12.4,5.5,19.8,,0.0,0.0
1993-08-02,10.3,5.8,16.7,,0.0,0.0
1993-08-03,11.1,5.2,17.0,,0.0,0.0
1993-08-04,10.7,4.5,17.2,,0.0,0.0
1993-08-05,10.7,6.6,18.4,,0.0,0.0
1993-08-06,12.9,8.0,19.4,,0.0,0.0
1993-08-07,13.3,8.3,21.1,,0.0,0.0
1993-08-08,12.9,8.9,19.4,,0.0,0.0025399986
1993-08-09,16.7,8.7,24.7,,0.0,0.0
1993-08-10,16.6,6.8,23.9,,0.0,0.0
1993-08-11,9.8,5.5,17.5,,0.0,0.0
1993-08-12,10.7,5.1,19.4,,0.0,0.0
1993-08-13,10.8,6.8,17.7,,0.0,0.0
1993-08-14,10.6,6.3,19.7,,0.0,0.0
1993-08-15,9.6,5.1,18.1,,0.0,0.022859987
1993-08-16,9.3,4.8,13.8,,0.0,0.007619996
1993-08-17,5.9,4.4,9.6,,0.0,0.007619996
1993-08-18,10.2,5.8,14.6,,0.0,0.0025399986
1993-08-19,13.0,7.2,19.6,,0.0,0.0050799972
1993-08-20,15.5,8.7,24.0,,0.0,0.0025399986
1993-08-21,8.9,7.2,11.4,,0.0,0.017779991
1993-08-22,9.9,7.3,15.4,,0.0,0.0
1993-08-23,11.2,6.3,16.4,,0.0,0.0
1993-08-24,5.0,0.0,9.3,,0.0,0.0
1993-08-25,4.3,-2.4,12.5,,0.0,0.0
1993-08-26,5.8,1.3,12.0,,0.0,0.0
1993-08-27,8.4,3.3,14.0,,0.0,0.0
1993-08-28,3.7,0.0,8.1,,0.0,0.0050799972
1993-08-29,0.8,-0.8,5.2,,0.0,0.0101599945
1993-08-30,5.6,-1.3,13.8,,0.0,0.015239992
1993-08-31,8.1,4.4,13.5,,0.0,0.0
1993-09-01,6.1,3.1,10.3,,0.0,0.0
1993-09-02,8.6,1.0,15.1,,0.0,0.007619996
1993-09-03,12.4,8.2,18.6,,0.0,0.0
1993-09-04,10.3,4.2,19.1,,0.0,0.0025399986
1993-09-05,5.2,2.2,7.9,,0.0,0.0050799972
1993-09-06,6.9,1.1,15.5,,0.0,0.0
1993-09-07,10.5,2.4,17.0,,0.0,0.0
1993-09-08,13.5,8.1,20.5,,0.0,0.0
1993-09-09,8.8,3.6,15.9,,0.0,0.0
1993-09-10,14.1,6.8,19.8,,0.0,0.0
1993-09-11,11.9,3.3,17.5,,0.0,0.0
1993-09-12,-1.1,-4.0,3.5,,0.0,0.015239992
1993-09-13,1.4,-1.9,7.6,,0.007619996,0.0025399986
1993-09-14,3.8,0.2,11.6,,0.0,0.0025399986
1993-09-15,1.6,-2.0,7.6,,0.0,0.007619996
1993-09-16,0.1,-2.2,5.7,,0.0,0.0025399986
1993-09-17,2.8,-3.0,12.2,,0.0,0.0
1993-09-18,6.0,0.0,12.8,,0.0,0.0025399986
1993-09-19,5.9,2.1,12.0,,0.0,0.0
1993-09-20,2.4,-4.0,8.6,,0.0,0.0
1993-09-21,-1.3,-4.2,2.9,,0.0,0.0
1993-09-22,1.9,-4.3,9.7,,0.0,0.0025399986
1993-09-23,5.1,-1.6,13.1,,0.0,0.0025399986
1993-09-24,6.8,1.1,12.9,,0.0,0.0050799972
1993-09-25,4.8,-1.4,11.7,,0.0,0.0
1993-09-26,7.8,-1.8,14.6,,0.0,0.0025399986
1993-09-27,12.3,7.6,17.7,,0.0,0.0
1993-09-28,8.9,2.8,17.3,,0.0,0.0
1993-09-29,11.2,4.6,16.8,,0.0,0.0
1993-09-30,6.8,-1.2,12.3,,0.0,0.0
1993-10-01,7.7,4.1,14.1,,0.0,0.0
1993-10-02,8.9,3.0,15.5,,0.0,0.0
1993-10-03,12.6,5.6,20.4,,0.0,0.0
1993-10-04,12.7,9.0,17.3,,0.0,0.0
1993-10-05,14.0,9.6,19.9,,0.0,0.0
1993-10-06,6.9,-0.1,12.6,,0.0,0.0
1993-10-07,-3.1,-5.9,0.4,,0.0,0.0
1993-10-08,-4.4,-6.1,-0.7,,0.0,0.0025399986
1993-10-09,0.5,-4.9,8.8,,0.0,0.0025399986
1993-10-10,3.6,-2.6,11.0,,0.0,0.007619996
1993-10-11,5.7,2.6,11.5,,0.0,0.0
1993-10-12,6.5,2.3,10.7,,0.0,0.0
1993-10-13,4.2,2.0,9.9,,0.0,0.0
1993-10-14,2.4,0.5,5.6,,0.0,0.0
1993-10-15,1.3,-0.8,6.6,,0.0,0.0
1993-10-16,-1.3,-1.2,5.5,,0.0,0.0
1993-10-17,0.1,-1.8,3.7,,0.0,0.0
1993-10-18,-0.7,-2.1,2.3,,0.0,0.0025399986
1993-10-19,-1.3,-4.2,4.3,,0.0,0.0
1993-10-20,0.2,-4.7,4.7,,0.0,0.0025399986
1993-10-21,4.8,2.6,8.7,,0.0,0.0
1993-10-22,5.8,2.4,9.5,,0.0,0.0
1993-10-23,6.8,3.6,10.3,,0.0,0.0
1993-10-24,3.6,-5.6,8.8,,0.0,0.0
1993-10-25,-0.9,-4.9,4.9,,0.0,0.0
1993-10-26,0.5,-4.4,5.8,,0.0,0.0025399986
1993-10-27,3.1,-0.8,7.2,,0.0,0.0
1993-10-28,-6.3,-15.7,-0.2,,0.0,0.0050799972
1993-10-29,-7.6,-15.0,0.3,,0.0,0.0025399986
1993-10-30,1.0,-6.5,6.0,,0.0025399986,0.0101599945
1993-10-31,-0.5,-4.8,3.7,,0.0101599945,0.0025399986
1993-11-01,-4.8,-6.7,0.2,,0.012699993,0.0
1993-11-02,-2.6,-6.5,1.8,,0.012699993,0.007619996
1993-11-03,-1.9,-7.8,2.3,,0.017779991,0.015239992
1993-11-04,-11.6,-15.3,-7.1,,0.033019982,0.0
1993-11-05,-9.2,-14.3,-1.0,,0.033019982,0.0101599945
1993-11-06,-6.2,-9.0,-1.5,,0.038099978,0.0025399986
1993-11-07,-7.0,-8.0,-4.8,,0.038099978,0.0
1993-11-08,-5.8,-7.2,-2.3,,0.038099978,0.0
1993-11-09,-2.5,-7.3,1.3,,0.038099978,0.0
1993-11-10,-0.5,-2.9,4.6,,0.038099978,0.0
1993-11-11,-1.3,-5.4,5.3,,0.038099978,0.0
1993-11-12,-4.4,-7.3,2.0,,0.038099978,0.0
1993-11-13,-8.2,-13.6,-4.7,,0.038099978,0.0
1993-11-14,-8.0,-14.0,-4.3,,0.038099978,0.007619996
1993-11-15,-3.5,-6.2,-0.3,,0.043179978,0.0050799972
1993-11-16,-5.3,-7.5,-1.8,,0.045719974,0.0
1993-11-17,-4.0,-5.6,-2.2,,0.045719974,0.0101599945
1993-11-18,-8.6,-10.6,-5.5,,0.05587997,0.0050799972
1993-11-19,-7.5,-9.9,-4.8,,0.06095997,0.0
1993-11-20,-3.7,-5.7,-1.3,,0.06095997,0.0
1993-11-21,-8.8,-19.8,-1.3,,0.06095997,0.0
1993-11-22,-24.6,-29.1,-19.2,,0.06095997,0.0
1993-11-23,-27.1,-32.4,-22.2,,0.06095997,0.0
1993-11-24,-22.3,-26.5,-17.5,,0.06095997,0.0
1993-11-25,-16.3,-22.5,-8.8,,0.06095997,0.012699993
1993-11-26,-5.0,-13.4,0.9,,0.066039965,0.015239992
1993-11-27,-0.8,-3.1,2.4,,0.073659964,0.0050799972
1993-11-28,0.9,-1.8,4.6,,0.078739956,0.0025399986
1993-11-29,-0.3,-2.0,1.0,,0.078739956,0.0
1993-11-30,-4.6,-7.6,-0.1,,0.078739956,0.0025399986
1993-12-01,-3.8,-7.2,0.0,,0.081279956,0.0025399986
1993-12-02,-5.1,-7.0,-1.6,,0.083819956,0.0101599945
1993-12-03,-3.6,-7.0,-1.0,,0.09397995,0.0050799972
1993-12-04,-4.5,-8.5,-0.5,,0.09651995,0.007619996
1993-12-05,-10.6,-13.5,-7.5,,0.10413995,0.0
1993-12-06,-8.8,-13.0,-4.2,,0.10413995,0.0025399986
1993-12-07,-6.1,-9.7,-3.0,,0.10413995,0.0101599945
1993-12-08,-3.1,-4.5,-1.3,,0.10921994,0.027939985
1993-12-09,-4.9,-6.3,-2.1,,0.13461992,0.012699993
1993-12-10,1.0,-1.6,3.5,,0.14731993,0.0050799972
1993-12-11,1.9,-0.3,5.3,,0.14985992,0.0
1993-12-12,-7.3,-10.9,0.2,,0.14985992,0.0
1993-12-13,-4.1,-11.3,0.3,,0.14985992,0.0
1993-12-14,-2.5,-6.8,3.4,,0.14985992,0.0
1993-12-15,-5.7,-8.1,-2.8,,0.14985992,0.0
1993-12-16,-7.7,-10.4,-3.2,,0.14985992,0.0
1993-12-17,-9.2,-11.7,-3.2,,0.14985992,0.0
1993-12-18,-9.4,-13.5,-4.3,,0.14985992,0.0
1993-12-19,-11.2,-14.3,-6.7,,0.14985992,0.0
1993-12-20,-9.6,-13.7,-5.3,,0.14985992,0.0
1993-12-21,-11.0,-13.9,-8.3,,0.14985992,0.0
1993-12-22,-9.8,-11.4,-7.3,,0.14985992,0.0
1993-12-23,-9.6,-13.5,-5.0,,0.14985992,0.0050799972
1993-12-24,-2.8,-5.7,1.8,,0.15239991,0.0050799972
1993-12-25,-1.1,-3.5,3.1,,0.15493992,0.0
1993-12-26,-4.3,-9.3,2.4,,0.15493992,0.0
1993-12-27,-6.6,-10.6,0.0,,0.15493992,0.0
1993-12-28,-3.9,-6.9,0.4,,0.15493992,0.0
1993-12-29,-3.4,-4.6,0.0,,0.15493992,0.0
1993-12-30,-1.3,-4.6,3.1,,0.15493992,0.0025399986
1993-12-31,-4.9,-6.1,-3.2,,0.15747991,0.0
1994-01-01,-4.4,-5.6,-2.9,,0.15747991,0.012699993
1994-01-02,-4.7,-6.0,-3.2,,0.1701799,0.022859987
1994-01-03,-4.4,-6.5,-2.8,,0.1930399,0.007619996
1994-01-04,-1.6,-5.0,0.6,,0.1981199,0.020319989
1994-01-05,-6.4,-8.4,-5.2,,0.21843988,0.0101599945
1994-01-06,-12.1,-17.6,-8.5,,0.22859988,0.0025399986
1994-01-07,-8.6,-11.2,-6.4,,0.23113987,0.0101599945
1994-01-08,-4.4,-5.6,-2.9,,0.24129987,0.007619996
1994-01-09,-4.7,-5.3,-3.9,,0.24637987,0.0050799972
1994-01-10,-5.3,-5.9,-4.5,,0.25145987,0.0025399986
1994-01-11,-4.6,-5.6,-3.3,,0.25145987,0.007619996
1994-01-12,-3.1,-4.1,-2.0,,0.25653985,0.0050799972
1994-01-13,-1.6,-3.3,0.0,,0.26161987,0.007619996
1994-01-14,-0.3,-1.5,2.7,,0.26669985,0.0025399986
1994-01-15,-3.1,-5.9,0.0,,0.26923984,0.0101599945
1994-01-16,-5.5,-6.3,-2.9,,0.27939984,0.0050799972
1994-01-17,-3.3,-6.0,-0.6,,0.28447986,0.0050799972
1994-01-18,-1.5,-4.3,1.8,,0.28701985,0.0025399986
1994-01-19,-2.2,-3.8,2.6,,0.28955984,0.0
1994-01-20,1.0,-3.1,4.9,,0.28955984,0.0
1994-01-21,3.0,0.7,7.3,,0.28955984,0.0
1994-01-22,2.5,0.3,6.7,,0.28955984,0.0
1994-01-23,1.8,-2.4,9.4,,0.28955984,0.0
1994-01-24,-1.3,-3.1,1.1,,0.28955984,0.0
1994-01-25,-2.6,-5.8,4.8,,0.28955984,0.0
1994-01-26,-4.1,-7.3,1.3,,0.28955984,0.0
1994-01-27,-6.8,-10.2,-1.0,,0.28955984,0.0
1994-01-28,-7.4,-11.3,-1.5,,0.28955984,0.0
1994-01-29,-9.2,-13.6,-5.4,,0.28955984,0.0
1994-01-30,-12.6,-14.3,-7.6,,0.28955984,0.0
1994-01-31,-10.4,-12.7,-4.9,,0.28955984,0.0
1994-02-01,-9.7,-14.2,-6.1,,0.28955984,0.0
1994-02-02,-7.8,-10.8,-2.3,,0.28955984,0.0
1994-02-03,-9.6,-14.7,-4.0,,0.28955984,0.0025399986
1994-02-04,-8.6,-13.8,-2.6,,0.29209983,0.0025399986
1994-02-05,-7.3,-10.1,-3.3,,0.29209983,0.0025399986
1994-02-06,-19.7,-27.9,-7.6,,0.29463986,0.0
1994-02-07,-28.1,-31.0,-22.9,,0.29463986,0.0
1994-02-08,-19.3,-29.4,-10.4,,0.29463986,0.0
1994-02-09,-11.1,-14.9,-9.2,,0.29463986,0.020319989
1994-02-10,-11.1,-15.2,-7.3,,0.31495982,0.0
1994-02-11,-11.4,-15.6,-5.2,,0.31495982,0.0025399986
1994-02-12,-8.1,-11.1,-3.9,,0.31749982,0.007619996
1994-02-13,-5.5,-7.8,-2.3,,0.32257983,0.0101599945
1994-02-14,-7.6,-9.6,-5.8,,0.33273983,0.0025399986
1994-02-15,-2.5,-6.4,3.5,,0.33527982,0.0050799972
1994-02-16,0.1,-4.3,5.6,,0.3378198,0.0025399986
1994-02-17,0.2,-3.0,5.4,,0.3378198,0.0
1994-02-18,-6.3,-10.4,-3.1,,0.3378198,0.0050799972
1994-02-19,-8.3,-10.0,-4.9,,0.34289983,0.0050799972
1994-02-20,-8.5,-15.2,-0.6,,0.3479798,0.0
1994-02-21,-8.4,-14.4,-0.8,,0.3479798,0.0
1994-02-22,-9.3,-12.0,-5.0,,0.3479798,0.0050799972
1994-02-23,-8.4,-15.3,-6.1,,0.3505198,0.043179978
1994-02-24,-22.9,-28.4,-12.3,,0.3936998,0.0
1994-02-25,-8.2,-20.3,-1.6,,0.3936998,0.0101599945
1994-02-26,-1.7,-3.9,2.8,,0.39877978,0.0050799972
1994-02-27,-1.9,-4.9,5.1,,0.40131977,0.0
1994-02-28,-2.3,-5.5,0.8,,0.40131977,0.007619996
1994-03-01,1.2,-0.3,2.8,,0.4063998,0.007619996
1994-03-02,4.0,-0.4,9.4,,0.41401976,0.0
1994-03-03,2.4,1.0,6.7,,0.41401976,0.0
1994-03-04,-1.3,-5.8,4.7,,0.41401976,0.0025399986
1994-03-05,-4.8,-8.3,1.0,,0.4165598,0.0
1994-03-06,-6.3,-10.2,0.5,,0.4165598,0.0
1994-03-07,-6.7,-14.3,0.7,,0.4165598,0.0025399986
1994-03-08,-4.2,-10.3,3.0,,0.4165598,0.0025399986
1994-03-09,-1.3,-9.1,5.8,,0.4165598,0.0025399986
1994-03-10,0.4,-4.0,7.4,,0.4165598,0.0025399986
1994-03-11,-2.2,-6.3,4.6,,0.4165598,0.0
1994-03-12,0.8,-5.7,6.2,,0.4165598,0.0
1994-03-13,4.4,1.5,9.9,,0.4165598,0.0
1994-03-14,3.1,0.3,8.4,,0.4165598,0.0
1994-03-15,7.1,0.8,14.2,,0.4165598,0.0025399986
1994-03-16,2.9,-6.5,9.3,,0.41909978,0.0
1994-03-17,-5.2,-7.2,-3.3,,0.41909978,0.017779991
1994-03-18,0.3,-7.0,8.2,,0.43687975,0.007619996
1994-03-19,-9.1,-12.0,-6.5,,0.44195977,0.0025399986
1994-03-20,-6.0,-10.6,-0.3,,0.44449976,0.012699993
1994-03-21,-5.8,-9.6,-2.7,,0.45211977,0.015239992
1994-03-22,-6.8,-12.7,1.3,,0.46735975,0.0025399986
1994-03-23,-8.6,-11.7,-3.8,,0.46735975,0.0
1994-03-24,-7.9,-11.9,-0.5,,0.46735975,0.0
1994-03-25,-4.2,-12.3,3.0,,0.46735975,0.0101599945
1994-03-26,-4.9,-9.6,0.7,,0.47243974,0.0
1994-03-27,-1.5,-10.6,4.4,,0.47243974,0.0025399986
1994-03-28,-2.6,-8.6,4.5,,0.47497976,0.0
1994-03-29,0.4,-10.1,9.9,,0.47497976,0.007619996
1994-03-30,5.6,-2.0,14.6,,0.47497976,0.0
1994-03-31,7.6,0.8,16.3,,0.46989974,0.0
1994-04-01,1.3,-3.3,8.2,,0.46735975,0.0
1994-04-02,2.8,-5.4,9.8,,0.46735975,0.0050799972
1994-04-03,-0.2,-5.3,7.4,,0.47243974,0.0101599945
1994-04-04,-4.9,-7.1,0.2,,0.48259974,0.0025399986
1994-04-05,-4.1,-8.3,1.8,,0.48513973,0.007619996
1994-04-06,-3.5,-9.6,1.1,,0.49021974,0.012699993
1994-04-07,-3.8,-6.0,2.6,,0.50037974,0.0
1994-04-08,-1.9,-6.8,6.1,,0.50037974,0.0025399986
1994-04-09,1.6,-4.9,9.1,,0.50037974,0.0
1994-04-10,3.1,-3.1,12.2,,0.50037974,0.0025399986
1994-04-11,3.7,-3.2,10.4,,0.50037974,0.0050799972
1994-04-12,2.3,-3.8,10.5,,0.5054597,0.0
1994-04-13,-3.4,-5.4,-0.1,,0.5054597,0.0025399986
1994-04-14,-4.1,-5.7,0.8,,0.5054597,0.015239992
1994-04-15,3.3,-5.6,11.4,,0.5105397,0.0025399986
1994-04-16,10.5,4.0,18.6,,0.5130797,0.0
1994-04-17,10.1,5.3,17.3,,0.5079997,0.0
1994-04-18,7.2,2.1,13.4,,0.49275973,0.0
1994-04-19,9.2,3.8,17.3,,0.47243974,0.0
1994-04-20,9.6,4.9,17.9,,0.44957975,0.0
1994-04-21,8.1,3.2,16.9,,0.42671975,0.0101599945
1994-04-22,3.0,0.4,7.1,,0.41147977,0.0050799972
1994-04-23,4.4,-0.6,10.1,,0.40131977,0.0050799972
1994-04-24,-0.4,-3.8,2.0,,0.3835398,0.0025399986
1994-04-25,-5.8,-8.5,-1.9,,0.3860798,0.0
1994-04-26,-6.9,-13.5,0.9,,0.3860798,0.0
1994-04-27,-7.1,-14.4,0.6,,0.3860798,0.0025399986
1994-04-28,-7.2,-11.2,-1.3,,0.38861978,0.0
1994-04-29,0.4,-11.2,8.9,,0.38861978,0.012699993
1994-04-30,4.6,-1.0,11.4,,0.38861978,0.0025399986
1994-05-01,1.9,-2.1,6.8,,0.3860798,0.0
1994-05-02,2.4,-1.6,8.3,,0.3733798,0.0
1994-05-03,3.6,-0.9,10.6,,0.3632198,0.0
1994-05-04,5.0,-0.4,10.9,,0.3479798,0.0025399986
1994-05-05,6.7,-0.2,13.8,,0.33527982,0.0
1994-05-06,8.3,-0.5,17.1,,0.30479982,0.0
1994-05-07,13.1,5.3,21.7,,0.28193983,0.0
1994-05-08,10.1,0.5,19.1,,0.25145987,0.0
1994-05-09,13.1,5.3,19.7,,0.21843988,0.0025399986
1994-05-10,9.5,5.8,15.4,,0.1828799,0.0
1994-05-11,12.6,4.6,20.9,,0.15747991,0.0025399986
1994-05-12,8.3,3.8,14.1,,0.12191994,0.0
1994-05-13,3.6,0.0,8.3,,0.078739956,0.0
1994-05-14,5.7,-1.2,11.8,,0.05841997,0.0025399986
1994-05-15,5.1,-0.4,12.8,,0.038099978,0.0050799972
1994-05-16,3.9,-0.5,8.8,,0.030479984,0.0
1994-05-17,0.9,-0.9,4.4,,0.020319989,0.012699993
1994-05-18,0.6,-1.6,4.7,,0.020319989,0.0050799972
1994-05-19,2.0,-0.7,6.8,,0.020319989,0.0101599945
1994-05-20,2.3,0.0,8.3,,0.020319989,0.0050799972
1994-05-21,2.9,-0.1,7.8,,0.015239992,0.0050799972
1994-05-22,5.7,1.1,11.9,,0.012699993,0.0025399986
1994-05-23,8.6,1.0,15.6,,0.007619996,0.0
1994-05-24,11.2,5.2,17.9,,0.0025399986,0.0
1994-05-25,13.2,6.1,21.2,,0.0025399986,0.0
1994-05-26,13.7,7.1,22.4,,0.0,0.0050799972
1994-05-27,6.4,0.1,13.0,,0.0,0.0050799972
1994-05-28,4.6,-1.5,11.7,,0.0,0.007619996
1994-05-29,0.9,-0.3,4.9,,0.0025399986,0.007619996
1994-05-30,3.7,-1.7,10.6,,0.0,0.0
1994-05-31,8.3,1.9,14.9,,0.0,0.0050799972
1994-06-01,4.8,1.3,8.6,,0.0,0.0
1994-06-02,7.8,0.5,15.7,,0.0,0.0
1994-06-03,10.8,5.3,19.7,,0.0,0.0050799972
1994-06-04,7.8,2.9,13.7,,0.0,0.0025399986
1994-06-05,10.4,2.0,18.0,,0.0,0.0050799972
1994-06-06,7.4,0.1,19.1,,0.0,0.007619996
1994-06-07,2.3,-0.8,9.7,,0.0,0.0
1994-06-08,1.3,-1.4,6.2,,0.0,0.0
1994-06-09,4.7,-1.0,10.8,,0.0,0.0050799972
1994-06-10,8.3,1.3,15.5,,0.0,0.0
1994-06-11,11.2,6.7,17.6,,0.0,0.0025399986
1994-06-12,9.9,5.0,15.8,,0.0,0.0025399986
1994-06-13,3.5,-1.1,7.4,,0.0,0.015239992
1994-06-14,0.7,-3.2,2.5,,0.0,0.015239992
1994-06-15,3.1,-2.6,11.1,,0.0025399986,0.0
1994-06-16,0.8,-1.7,4.8,,0.0025399986,0.007619996
1994-06-17,6.5,-1.6,15.3,,0.0,0.0025399986
1994-06-18,11.6,3.8,19.1,,0.0,0.0050799972
1994-06-19,11.7,6.7,18.6,,0.0,0.0
1994-06-20,17.3,7.2,26.4,,0.0,0.0
1994-06-21,17.3,10.9,23.3,,0.0,0.0
1994-06-22,16.6,10.8,24.5,,0.0,0.0
1994-06-23,17.7,11.9,24.7,,0.0,0.0
1994-06-24,13.6,7.4,18.3,,0.0,0.0
1994-06-25,13.6,4.5,22.6,,0.0,0.0
1994-06-26,6.2,1.5,15.1,,0.0,0.0
1994-06-27,9.9,2.2,16.9,,0.0,0.0
1994-06-28,15.1,8.5,22.5,,0.0,0.0
1994-06-29,15.5,9.8,21.9,,0.0,0.0
1994-06-30,15.1,8.5,22.3,,0.0,0.0
1994-07-01,15.5,10.1,22.6,,0.0,0.0
1994-07-02,6.7,0.0,11.6,,0.0,0.0
1994-07-03,4.5,0.6,8.9,,0.0,0.0025399986
1994-07-04,8.8,2.2,16.6,,0.0,0.0025399986
1994-07-05,5.3,4.8,7.1,,0.0,0.007619996
1994-07-06,8.1,4.4,14.4,,0.0,0.007619996
1994-07-07,12.0,5.0,19.2,,0.0,0.0
1994-07-08,16.1,8.7,23.3,,0.0,0.0
1994-07-09,15.3,9.8,22.2,,0.0,0.0
1994-07-10,14.4,7.8,20.7,,0.0,0.0
1994-07-11,13.5,6.5,20.9,,0.0,0.0
1994-07-12,9.3,3.8,15.8,,0.0,0.0
1994-07-13,9.8,2.9,16.6,,0.0,0.0025399986
1994-07-14,12.2,5.8,20.4,,0.0,0.0
1994-07-15,9.5,5.1,15.7,,0.0,0.0050799972
1994-07-16,13.9,6.4,22.5,,0.0,0.0
1994-07-17,17.9,11.5,25.1,,0.0,0.0
1994-07-18,13.3,7.0,17.8,,0.0,0.0
1994-07-19,11.0,6.0,17.0,,0.0,0.0
1994-07-20,15.2,7.1,23.5,,0.0,0.0
1994-07-21,19.8,10.7,28.5,,0.0,0.0
1994-07-22,16.5,11.1,23.3,,0.0,0.0
1994-07-23,16.6,10.7,27.2,,0.0,0.007619996
1994-07-24,16.4,11.1,26.7,,0.0,0.007619996
1994-07-25,15.4,11.5,21.5,,0.0,0.0
1994-07-26,19.0,11.9,28.3,,0.0,0.0
1994-07-27,19.8,13.7,27.8,,0.0,0.0
1994-07-28,20.2,14.5,27.5,,0.0,0.0
1994-07-29,19.4,14.2,28.6,,0.0,0.0
1994-07-30,17.1,13.4,23.8,,0.0,0.0
1994-07-31,19.1,12.3,27.1,,0.0,0.0
1994-08-01,16.3,12.7,21.4,,0.0,0.0
1994-08-02,17.3,11.7,25.9,,0.0,0.0
1994-08-03,18.1,12.1,25.9,,0.0,0.0
1994-08-04,15.2,11.4,23.1,,0.0,0.0
1994-08-05,17.9,10.6,27.8,,0.0,0.0
1994-08-06,14.4,8.8,21.1,,0.0,0.0
1994-08-07,14.4,7.6,22.7,,0.0,0.0
1994-08-08,11.4,6.7,18.6,,0.0,0.0025399986
1994-08-09,14.0,7.6,21.6,,0.0,0.0025399986
1994-08-10,17.7,9.5,26.3,,0.0,0.0025399986
1994-08-11,15.8,8.7,25.8,,0.0,0.0
1994-08-12,17.6,11.4,24.9,,0.0,0.0
1994-08-13,18.4,10.1,27.1,,0.0,0.0
1994-08-14,20.9,14.6,29.6,,0.0,0.0
1994-08-15,18.7,11.5,24.7,,0.0,0.0
1994-08-16,15.8,9.6,23.6,,0.0,0.0
1994-08-17,15.0,8.4,21.0,,0.0,0.0
1994-08-18,12.4,4.4,23.6,,0.0,0.0
1994-08-19,15.1,6.9,24.4,,0.0,0.0
1994-08-20,17.3,10.3,26.0,,0.0,0.0025399986
1994-08-21,17.6,11.2,25.4,,0.0,0.0
1994-08-22,10.3,5.1,16.7,,0.0,0.0
1994-08-23,11.4,4.4,18.4,,0.0,0.0
1994-08-24,14.3,8.8,21.0,,0.0,0.0
1994-08-25,13.5,7.8,22.0,,0.0,0.0
1994-08-26,13.3,7.5,20.8,,0.0,0.0
1994-08-27,11.4,3.8,21.4,,0.0,0.0
1994-08-28,15.3,8.1,22.4,,0.0,0.0
1994-08-29,11.7,4.2,18.7,,0.0,0.0
1994-08-30,5.4,3.3,10.1,,0.0,0.0
1994-08-31,4.7,2.3,7.9,,0.0,0.0
1994-09-01,8.4,3.3,16.4,,0.0,0.0
1994-09-02,13.7,5.1,22.2,,0.0,0.0050799972
1994-09-03,8.0,2.3,15.3,,0.0,0.0
1994-09-04,3.9,1.0,10.1,,0.0,0.0
1994-09-05,9.3,0.0,18.2,,0.0,0.0
1994-09-06,14.1,7.0,21.3,,0.0,0.0
1994-09-07,17.1,11.2,23.7,,0.0,0.0
1994-09-08,17.6,11.8,24.6,,0.0,0.0
1994-09-09,11.9,1.4,19.7,,0.0,0.0
1994-09-10,5.9,-1.6,14.3,,0.0,0.0
1994-09-11,7.3,0.5,14.4,,0.0,0.0
1994-09-12,9.2,1.8,18.2,,0.0,0.0
1994-09-13,12.6,6.3,20.5,,0.0,0.0
1994-09-14,8.5,4.7,15.7,,0.0,0.0
1994-09-15,8.5,4.3,15.2,,0.0,0.0
1994-09-16,11.7,3.3,20.9,,0.0,0.0
1994-09-17,15.4,9.3,22.8,,0.0,0.0
1994-09-18,13.4,8.4,20.2,,0.0,0.0
1994-09-19,12.4,6.9,19.9,,0.0,0.0
1994-09-20,9.5,-1.4,17.7,,0.0,0.0
1994-09-21,5.0,-2.5,12.7,,0.0,0.0
1994-09-22,12.7,3.8,21.2,,0.0,0.0
1994-09-23,16.1,10.3,23.6,,0.0,0.0
1994-09-24,14.9,9.9,22.9,,0.0,0.0
1994-09-25,15.9,9.8,22.4,,0.0,0.0050799972
1994-09-26,14.5,8.7,21.1,,0.0,0.0
1994-09-27,15.1,10.0,21.3,,0.0,0.0
1994-09-28,15.7,10.6,22.3,,0.0,0.0
1994-09-29,9.8,5.2,14.1,,0.0,0.0
1994-09-30,9.9,3.2,18.2,,0.0,0.0
1994-10-01,10.0,3.8,16.2,,0.0,0.0
1994-10-02,-3.1,-6.5,4.0,,0.0,0.017779991
1994-10-03,-4.6,-6.3,-1.3,,0.017779991,0.0050799972
1994-10-04,0.6,-4.7,6.9,,0.015239992,0.0050799972
1994-10-05,6.3,1.4,11.9,,0.012699993,0.0050799972
1994-10-06,2.4,-0.3,7.6,,0.0,0.0
1994-10-07,4.6,0.6,10.5,,0.0,0.0025399986
1994-10-08,6.4,-0.2,12.9,,0.0,0.007619996
1994-10-09,9.6,5.2,14.9,,0.0,0.0
1994-10-10,9.6,1.5,16.0,,0.0,0.0
1994-10-11,0.0,-3.4,3.0,,0.0,0.0
1994-10-12,-2.4,-3.9,0.4,,0.0,0.0
1994-10-13,0.2,-5.2,5.3,,0.0,0.0
1994-10-14,0.2,-2.9,4.1,,0.0,0.0
1994-10-15,-2.9,-4.4,-0.9,,0.0,0.0025399986
1994-10-16,-0.8,-4.0,1.5,,0.0,0.007619996
1994-10-17,1.3,-1.3,4.3,,0.0,0.0
1994-10-18,0.0,-2.0,3.3,,0.0,0.0
1994-10-19,2.3,-1.1,6.3,,0.0,0.0050799972
1994-10-20,0.0,-1.3,1.8,,0.0,0.0
1994-10-21,-2.3,-4.4,-0.1,,0.0,0.027939985
1994-10-22,-3.1,-5.2,1.9,,0.022859987,0.0050799972
1994-10-23,-2.0,-4.2,2.9,,0.025399987,0.0
1994-10-24,2.7,-1.0,8.9,,0.025399987,0.0050799972
1994-10-25,6.6,1.6,12.3,,0.025399987,0.0050799972
1994-10-26,4.6,2.1,8.0,,0.027939985,0.0025399986
1994-10-27,0.8,-2.4,2.8,,0.030479984,0.06095997
1994-10-28,-4.5,-6.2,-2.0,,0.043179978,0.022859987
1994-10-29,-6.5,-8.3,-4.7,,0.05841997,0.0025399986
1994-10-30,-5.8,-8.2,-1.8,,0.06095997,0.0050799972
1994-10-31,-2.9,-6.8,0.0,,0.06095997,0.048259974
1994-11-01,-5.5,-9.0,-0.6,,0.10921994,0.020319989
1994-11-02,-9.0,-12.7,-2.3,,0.12699993,0.007619996
1994-11-03,-10.3,-11.2,-8.8,,0.12699993,0.007619996
1994-11-04,-7.0,-10.7,-4.2,,0.12699993,0.0101599945
1994-11-05,-6.1,-8.3,-0.6,,0.13715993,0.0
1994-11-06,-4.3,-7.2,-1.1,,0.13715993,0.015239992
1994-11-07,-7.8,-9.3,-6.0,,0.14731993,0.0
1994-11-08,-5.9,-9.5,-0.3,,0.14731993,0.0
1994-11-09,-3.4,-8.5,1.8,,0.14731993,0.0
1994-11-10,-1.1,-3.4,2.9,,0.14731993,0.0
1994-11-11,-1.1,-3.9,2.8,,0.14731993,0.0
1994-11-12,-3.2,-9.1,0.2,,0.14731993,0.0
1994-11-13,-8.8,-10.0,-4.7,,0.14731993,0.0
1994-11-14,-6.3,-9.2,-3.3,,0.14731993,0.0
1994-11-15,-3.6,-7.3,0.7,,0.14731993,0.0
1994-11-16,-6.6,-8.9,-3.5,,0.14731993,0.0
1994-11-17,-13.4,-19.0,-9.0,,0.14731993,0.0
1994-11-18,-13.6,-19.6,-6.3,,0.14731993,0.007619996
1994-11-19,-7.1,-12.5,-3.2,,0.15493992,0.0101599945
1994-11-20,-8.5,-12.5,-3.1,,0.16255991,0.0025399986
1994-11-21,-13.7,-15.4,-10.1,,0.1650999,0.0
1994-11-22,-10.3,-14.5,-7.3,,0.1650999,0.012699993
1994-11-23,-4.6,-7.6,-1.6,,0.1701799,0.0050799972
1994-11-24,-4.6,-6.2,-1.6,,0.17271991,0.0025399986
1994-11-25,-4.1,-6.5,-1.5,,0.1752599,0.007619996
1994-11-26,-8.4,-11.3,-6.2,,0.1828799,0.0
1994-11-27,-10.7,-12.0,-9.2,,0.1828799,0.0025399986
1994-11-28,-10.6,-12.2,-8.8,,0.1828799,0.007619996
1994-11-29,-7.8,-11.8,-3.0,,0.1904999,0.017779991
1994-11-30,-0.8,-3.0,0.2,,0.20573989,0.040639978
1994-12-01,-3.2,-5.4,-1.6,,0.24637987,0.012699993
1994-12-02,-6.5,-8.3,-3.1,,0.25907987,0.0
1994-12-03,-10.1,-15.7,-6.8,,0.25907987,0.0
1994-12-04,-16.1,-19.9,-6.0,,0.25907987,0.0
1994-12-05,-12.0,-19.1,-3.1,,0.25907987,0.015239992
1994-12-06,-7.6,-11.9,-3.4,,0.26669985,0.0
1994-12-07,-11.4,-13.0,-8.1,,0.26669985,0.0025399986
1994-12-08,-11.9,-12.4,-10.6,,0.26669985,0.0050799972
1994-12-09,-11.0,-12.6,-8.5,,0.26923984,0.0050799972
1994-12-10,-8.0,-12.2,-3.4,,0.27431986,0.0025399986
1994-12-11,-7.5,-9.9,-2.2,,0.27685985,0.0
1994-12-12,-7.9,-10.6,-1.6,,0.27685985,0.0025399986
1994-12-13,-9.1,-11.1,-3.2,,0.27685985,0.0
1994-12-14,-10.2,-11.3,-9.3,,0.27685985,0.007619996
1994-12-15,-9.0,-10.5,-7.3,,0.28193983,0.007619996
1994-12-16,-5.6,-7.4,-4.1,,0.28955984,0.030479984
1994-12-17,-1.1,-4.3,0.8,,0.31749982,0.0101599945
1994-12-18,-1.3,-4.8,2.7,,0.32511982,0.0025399986
1994-12-19,-4.0,-6.7,-1.7,,0.32765982,0.0025399986
1994-12-20,-0.7,-3.4,2.0,,0.3301998,0.0
1994-12-21,-0.8,-2.6,1.3,,0.3301998,0.0025399986
1994-12-22,2.0,-0.1,7.2,,0.3301998,0.0
1994-12-23,2.6,-1.7,8.3,,0.3301998,0.0
1994-12-24,1.3,-2.2,7.4,,0.3301998,0.0
1994-12-25,-2.3,-5.4,0.1,,0.3301998,0.0
1994-12-26,-2.8,-5.8,-0.8,,0.3301998,0.0101599945
1994-12-27,-0.3,-2.3,2.0,,0.3403598,0.0
1994-12-28,-2.4,-10.2,2.4,,0.3403598,0.0
1994-12-29,-10.7,-13.9,-9.0,,0.3403598,0.0
1994-12-30,-14.8,-18.9,-9.6,,0.3403598,0.0
1994-12-31,-15.7,-19.5,-7.8,,0.3403598,0.0
1995-01-01,-9.5,-17.6,0.0,,0.3403598,0.0
1995-01-02,-14.3,-17.3,-7.7,,0.3403598,0.0025399986
1995-01-03,-10.6,-16.7,-0.7,,0.34289983,0.0
1995-01-04,-6.2,-11.4,1.8,,0.34289983,0.0
1995-01-05,-10.1,-16.8,-2.1,,0.34289983,0.0050799972
1995-01-06,-9.5,-16.8,-4.0,,0.34289983,0.012699993
1995-01-07,-6.3,-8.5,-3.5,,0.34289983,0.0050799972
1995-01-08,-2.6,-3.9,-1.4,,0.34543982,0.017779991
1995-01-09,-0.2,-2.3,2.3,,0.3632198,0.012699993
1995-01-10,1.6,-1.0,3.4,,0.3733798,0.007619996
1995-01-11,-2.5,-4.3,-0.1,,0.3809998,0.007619996
1995-01-12,-3.4,-4.6,-1.5,,0.38861978,0.0050799972
1995-01-13,-2.6,-4.6,1.3,,0.38861978,0.012699993
1995-01-14,-1.8,-4.1,0.2,,0.40131977,0.017779991
1995-01-15,-5.8,-9.3,-3.0,,0.41909978,0.0
1995-01-16,-7.5,-10.3,-2.9,,0.41909978,0.0
1995-01-17,-8.6,-10.5,-5.5,,0.41909978,0.007619996
1995-01-18,-6.1,-9.9,-3.8,,0.42671975,0.007619996
1995-01-19,-5.1,-9.2,-0.3,,0.42671975,0.0
1995-01-20,-5.6,-9.8,3.3,,0.42671975,0.0
1995-01-21,-5.4,-8.8,3.3,,0.42671975,0.0
1995-01-22,-5.4,-9.6,2.2,,0.42671975,0.0
1995-01-23,-2.7,-7.6,4.8,,0.42671975,0.0
1995-01-24,-3.0,-6.2,3.6,,0.42671975,0.0025399986
1995-01-25,-1.1,-4.7,5.9,,0.42671975,0.0025399986
1995-01-26,-0.8,-3.9,3.2,,0.42925978,0.0050799972
1995-01-27,-4.3,-7.9,0.2,,0.43179977,0.0
1995-01-28,-6.5,-10.0,0.0,,0.43179977,0.0025399986
1995-01-29,-2.8,-10.0,3.8,,0.43433976,0.007619996
1995-01-30,-0.6,-1.6,4.1,,0.43941978,0.015239992
1995-01-31,0.1,-1.1,1.3,,0.45465976,0.040639978
1995-02-01,-0.2,-1.8,3.0,,0.48259974,0.0101599945
1995-02-02,-3.8,-6.5,-2.1,,0.48259974,0.012699993
1995-02-03,0.2,-7.5,6.2,,0.49529973,0.0050799972
1995-02-04,1.4,-1.6,6.8,,0.50037974,0.0025399986
1995-02-05,2.3,-2.0,9.3,,0.50291973,0.0050799972
1995-02-06,1.6,-2.2,6.7,,0.5079997,0.0
1995-02-07,-3.1,-8.5,1.7,,0.5079997,0.0
1995-02-08,-5.4,-11.0,2.2,,0.5079997,0.0
1995-02-09,-5.9,-12.1,2.0,,0.5079997,0.0
1995-02-10,-16.7,-23.0,-9.9,,0.5079997,0.0
1995-02-11,-21.9,-27.1,-12.7,,0.5079997,0.0
1995-02-12,-26.7,-29.5,-19.8,,0.5079997,0.0
1995-02-13,-22.9,-29.8,-15.2,,0.5079997,0.0
1995-02-14,-16.1,-19.2,-10.6,,0.5079997,0.0
1995-02-15,-12.2,-16.6,-9.6,,0.5079997,0.015239992
1995-02-16,-6.0,-10.3,-2.3,,0.5130797,0.012699993
1995-02-17,-3.1,-4.9,-1.8,,0.52069974,0.033019982
1995-02-18,-2.6,-4.9,0.8,,0.5537197,0.012699993
1995-02-19,1.3,0.1,2.6,,0.56387967,0.025399987
1995-02-20,3.6,1.6,6.0,,0.5740397,0.0101599945
1995-02-21,2.8,-0.5,7.8,,0.5740397,0.0
1995-02-22,-1.0,-2.9,4.3,,0.5740397,0.0
1995-02-23,2.7,-3.7,8.7,,0.5740397,0.0050799972
1995-02-24,5.7,2.7,9.0,,0.5791197,0.0
1995-02-25,0.1,-2.9,2.4,,0.5791197,0.0
1995-02-26,-5.2,-16.4,2.1,,0.5791197,0.0
1995-02-27,-14.8,-20.7,-6.6,,0.5791197,0.0
1995-02-28,-17.4,-23.2,-8.4,,0.5791197,0.0
1995-03-01,-16.8,-23.7,-7.4,,0.5791197,0.0025399986
1995-03-02,-8.9,-17.5,0.3,,0.5816597,0.0
1995-03-03,-9.8,-13.8,-3.5,,0.5816597,0.0
1995-03-04,-14.7,-19.2,-10.2,,0.5816597,0.0
1995-03-05,-9.6,-17.1,-1.7,,0.5816597,0.0025399986
1995-03-06,-12.5,-18.6,-6.8,,0.5816597,0.0
1995-03-07,-8.6,-13.1,-4.6,,0.5816597,0.0050799972
1995-03-08,-2.7,-8.5,0.7,,0.5816597,0.007619996
1995-03-09,2.7,-0.8,7.8,,0.58419967,0.0101599945
1995-03-10,4.1,0.8,9.1,,0.58419967,0.0025399986
1995-03-11,1.0,-1.4,3.5,,0.58419967,0.007619996
1995-03-12,-0.7,-5.1,5.6,,0.5918197,0.007619996
1995-03-13,-2.3,-4.9,-0.2,,0.5994397,0.012699993
1995-03-14,1.7,-5.3,8.0,,0.61213964,0.007619996
1995-03-15,-0.6,-6.3,4.0,,0.6197597,0.0025399986
1995-03-16,-2.6,-6.6,4.3,,0.6222997,0.0
1995-03-17,1.1,-6.7,6.8,,0.6222997,0.0050799972
1995-03-18,0.6,-2.3,8.6,,0.62737966,0.0050799972
1995-03-19,-2.3,-6.2,1.8,,0.63245964,0.0025399986
1995-03-20,0.9,-5.0,6.3,,0.63499963,0.0050799972
1995-03-21,-2.6,-8.2,4.0,,0.6400797,0.0025399986
1995-03-22,-3.2,-8.6,2.9,,0.6400797,0.0050799972
1995-03-23,-0.5,-4.6,5.6,,0.6400797,0.0
1995-03-24,-5.7,-7.2,-3.0,,0.6400797,0.0101599945
1995-03-25,-7.4,-13.9,-2.5,,0.65023965,0.0101599945
1995-03-26,-8.5,-14.3,-0.5,,0.65277964,0.0
1995-03-27,-8.9,-12.4,-4.8,,0.65277964,0.0025399986
1995-03-28,-8.7,-12.7,-2.2,,0.65277964,0.0025399986
1995-03-29,-4.7,-13.7,5.0,,0.65277964,0.007619996
1995-03-30,0.7,-4.4,7.1,,0.6578596,0.0
1995-03-31,4.0,-2.2,11.0,,0.6578596,0.0
1995-04-01,0.9,-3.9,8.0,,0.6578596,0.0
1995-04-02,-2.3,-5.0,2.9,,0.6578596,0.0050799972
1995-04-03,1.5,-3.2,7.0,,0.66293967,0.0025399986
1995-04-04,3.8,-1.3,10.6,,0.66547966,0.0025399986
1995-04-05,0.7,-2.8,6.2,,0.6603996,0.0
1995-04-06,0.9,-2.5,7.0,,0.65531963,0.0025399986
1995-04-07,1.0,-2.3,8.5,,0.6578596,0.007619996
1995-04-08,-2.7,-5.6,1.3,,0.66293967,0.0050799972
1995-04-09,-6.6,-9.9,-3.9,,0.66801965,0.012699993
1995-04-10,-3.2,-8.0,4.0,,0.6807196,0.007619996
1995-04-11,-2.1,-4.7,1.1,,0.6832596,0.0025399986
1995-04-12,2.4,-5.1,9.5,,0.6832596,0.0025399986
1995-04-13,2.3,-4.7,11.9,,0.6832596,0.0050799972
1995-04-14,-5.3,-9.1,0.7,,0.6807196,0.0
1995-04-15,-5.8,-10.6,3.4,,0.67309964,0.007619996
1995-04-16,-4.4,-11.1,3.4,,0.6756396,0.0
1995-04-17,-0.1,-7.8,8.9,,0.6756396,0.0050799972
1995-04-18,0.2,-4.3,8.1,,0.6756396,0.0
1995-04-19,0.1,-4.7,8.1,,0.67055964,0.0025399986
1995-04-20,-0.9,-7.3,6.9,,0.67055964,0.0025399986
1995-04-21,-0.7,-4.2,7.2,,0.67055964,0.0
1995-04-22,-0.9,-4.2,5.8,,0.66547966,0.0025399986
1995-04-23,-0.3,-7.0,7.7,,0.66293967,0.0025399986
1995-04-24,2.0,-2.2,9.6,,0.66293967,0.0
1995-04-25,-2.9,-6.3,1.6,,0.6578596,0.0
1995-04-26,-1.6,-9.8,7.6,,0.6578596,0.007619996
1995-04-27,-1.1,-6.8,6.2,,0.66293967,0.0
1995-04-28,-3.8,-8.3,0.7,,0.65277964,0.0
1995-04-29,-4.1,-8.8,0.5,,0.65277964,0.0
1995-04-30,-3.5,-7.6,3.6,,0.65277964,0.0
1995-05-01,1.2,-6.3,9.1,,0.65277964,0.0101599945
1995-05-02,0.2,-1.6,3.7,,0.6578596,0.007619996
1995-05-03,2.6,-2.0,10.5,,0.65531963,0.007619996
1995-05-04,2.3,-1.7,9.6,,0.66293967,0.0
1995-05-05,1.9,0.0,3.3,,0.65277964,0.0
1995-05-06,2.1,-0.2,7.2,,0.65023965,0.012699993
1995-05-07,1.2,-0.5,3.6,,0.65531963,0.0
1995-05-08,1.1,-0.6,3.6,,0.64515966,0.0
1995-05-09,4.4,-1.8,12.7,,0.64261967,0.007619996
1995-05-10,6.8,1.3,14.5,,0.6400797,0.0025399986
1995-05-11,3.5,0.6,8.2,,0.6197597,0.0
1995-05-12,-1.1,-3.6,0.6,,0.5943597,0.015239992
1995-05-13,-1.8,-6.2,6.7,,0.60705966,0.015239992
1995-05-14,5.3,-5.6,13.3,,0.60959965,0.0050799972
1995-05-15,5.7,1.0,13.1,,0.61213964,0.0
1995-05-16,6.7,0.3,15.1,,0.5968997,0.0
1995-05-17,7.5,2.8,15.1,,0.5791197,0.0
1995-05-18,4.8,0.2,10.9,,0.54355973,0.0
1995-05-19,4.1,-1.5,12.0,,0.5156197,0.0
1995-05-20,7.4,0.3,13.6,,0.49529973,0.0
1995-05-21,2.4,-2.8,10.7,,0.46735975,0.0
1995-05-22,2.6,-4.5,10.0,,0.44449976,0.0
1995-05-23,5.1,-1.5,11.7,,0.42671975,0.0
1995-05-24,3.3,-2.2,10.9,,0.4038598,0.0
1995-05-25,0.4,-4.6,8.9,,0.3860798,0.0
1995-05-26,-0.7,-4.9,6.8,,0.3682998,0.0
1995-05-27,6.0,-3.1,16.2,,0.3657598,0.0
1995-05-28,10.1,3.2,17.4,,0.34543982,0.0
1995-05-29,12.2,5.1,20.5,,0.32003984,0.0
1995-05-30,13.9,7.2,20.1,,0.28701985,0.0
1995-05-31,12.8,7.1,19.5,,0.24891986,0.0025399986
1995-06-01,12.7,7.5,20.7,,0.21081989,0.0
1995-06-02,11.8,6.2,19.1,,0.16763991,0.0
1995-06-03,9.6,6.1,16.4,,0.12699993,0.0025399986
1995-06-04,9.3,6.4,15.4,,0.09651995,0.0025399986
1995-06-05,6.6,1.4,13.4,,0.068579964,0.0025399986
1995-06-06,-1.9,-5.3,1.5,,0.050799973,0.0101599945
1995-06-07,0.2,-5.6,4.7,,0.05587997,0.007619996
1995-06-08,-1.6,-3.0,1.3,,0.048259974,0.0025399986
1995-06-09,0.0,-2.1,3.3,,0.050799973,0.0025399986
1995-06-10,6.5,-1.8,14.8,,0.050799973,0.0101599945
1995-06-11,10.9,5.0,18.1,,0.025399987,0.0101599945
1995-06-12,13.9,5.2,20.2,,0.012699993,0.0
1995-06-13,13.2,7.4,18.9,,0.0050799972,0.0
1995-06-14,13.1,5.7,20.7,,0.0,0.0
1995-06-15,12.9,6.0,22.0,,0.0,0.0
1995-06-16,11.9,5.8,20.7,,0.0,0.0
1995-06-17,9.8,5.3,16.8,,0.0,0.0
1995-06-18,7.2,3.5,12.8,,0.0,0.0
1995-06-19,4.0,-0.2,11.6,,0.0,0.0
1995-06-20,3.1,-0.6,9.5,,0.0,0.0050799972
1995-06-21,4.4,-1.1,10.1,,0.0,0.0
1995-06-22,4.1,0.0,7.5,,0.0,0.0050799972
1995-06-23,9.0,3.1,14.4,,0.0,0.007619996
1995-06-24,13.5,6.8,19.7,,0.0,0.0050799972
1995-06-25,14.9,8.3,21.0,,0.0,0.0
1995-06-26,14.2,3.5,23.2,,0.0,0.0
1995-06-27,2.5,-1.3,8.1,,0.0,0.0
1995-06-28,4.7,-1.8,10.6,,0.0,0.0
1995-06-29,7.1,3.0,14.3,,0.0,0.0
1995-06-30,11.6,2.7,21.0,,0.0,0.0
1995-07-01,14.5,6.6,21.9,,0.0,0.0
1995-07-02,8.8,5.1,13.4,,0.0,0.0
1995-07-03,6.2,5.1,10.1,,0.0,0.0
1995-07-04,8.1,4.8,14.1,,0.0,0.0050799972
1995-07-05,10.9,5.4,17.7,,0.0,0.0050799972
1995-07-06,13.3,6.5,22.6,,0.0,0.007619996
1995-07-07,14.7,6.8,21.6,,0.0,0.007619996
1995-07-08,17.5,9.8,25.9,,0.0,0.0050799972
1995-07-09,14.3,8.6,23.8,,0.0,0.0101599945
1995-07-10,14.5,8.5,21.3,,0.0,0.0050799972
1995-07-11,11.4,7.6,16.2,,0.0,0.0
1995-07-12,9.5,5.8,15.4,,0.0,0.020319989
1995-07-13,7.6,3.7,13.5,,0.0,0.012699993
1995-07-14,11.1,4.4,18.1,,0.0,0.0025399986
1995-07-15,10.6,6.4,17.4,,0.0,0.0
1995-07-16,12.4,5.5,20.7,,0.0,0.0025399986
1995-07-17,14.0,7.5,22.2,,0.0,0.0
1995-07-18,15.5,9.3,23.9,,0.0,0.0025399986
1995-07-19,14.2,7.3,22.2,,0.0,0.0
1995-07-20,15.1,9.6,22.3,,0.0,0.0
1995-07-21,12.3,6.0,19.8,,0.0,0.0
1995-07-22,11.6,6.2,17.9,,0.0,0.0
1995-07-23,13.1,6.6,19.7,,0.0,0.0025399986
1995-07-24,13.2,9.1,19.9,,0.0,0.0
1995-07-25,14.0,7.6,20.2,,0.0,0.0
1995-07-26,12.7,7.8,20.9,,0.0,0.0025399986
1995-07-27,12.5,7.1,18.3,,0.0,0.0050799972
1995-07-28,17.4,9.2,24.2,,0.0,0.0
1995-07-29,11.4,1.9,17.6,,0.0,0.0
1995-07-30,6.0,0.8,12.5,,0.0,0.0
1995-07-31,10.7,4.0,17.1,,0.0,0.0050799972
1995-08-01,15.3,8.8,21.8,,0.0,0.0
1995-08-02,14.2,8.8,20.9,,0.0,0.0
1995-08-03,14.6,9.6,21.8,,0.0,0.0
1995-08-04,16.7,10.1,24.2,,0.0,0.0
1995-08-05,17.8,12.7,24.5,,0.0,0.0025399986
1995-08-06,17.4,12.4,24.5,,0.0,0.0
1995-08-07,12.1,2.0,23.1,,0.0,0.0
1995-08-08,2.6,1.1,4.3,,0.0,0.0
1995-08-09,9.2,1.5,17.2,,0.0,0.007619996
1995-08-10,10.9,5.4,18.2,,0.0,0.0025399986
1995-08-11,9.6,6.1,14.9,,0.0,0.0
1995-08-12,9.8,0.0,18.8,,0.0,0.0
1995-08-13,3.3,-0.2,7.2,,0.0,0.0050799972
1995-08-14,11.5,4.9,17.7,,0.0,0.0050799972
1995-08-15,12.8,8.0,20.0,,0.0,0.0
1995-08-16,7.3,4.8,11.4,,0.0,0.0025399986
1995-08-17,5.5,1.0,11.5,,0.0,0.0101599945
1995-08-18,5.3,0.8,11.1,,0.0,0.0025399986
1995-08-19,10.7,4.6,17.9,,0.0,0.0025399986
1995-08-20,15.5,7.3,22.4,,0.0,0.0
1995-08-21,19.2,12.4,26.7,,0.0,0.0
1995-08-22,18.8,10.9,25.5,,0.0,0.0
1995-08-23,17.5,10.5,24.1,,0.0,0.0025399986
1995-08-24,12.6,6.9,17.9,,0.0,0.0
1995-08-25,12.0,5.7,20.1,,0.0,0.0
1995-08-26,13.9,7.7,20.5,,0.0,0.0025399986
1995-08-27,13.4,4.7,21.3,,0.0,0.0
1995-08-28,17.0,9.8,24.9,,0.0,0.0
1995-08-29,10.6,2.6,16.0,,0.0,0.0
1995-08-30,8.7,1.2,16.3,,0.0,0.0
1995-08-31,13.3,6.5,20.7,,0.0,0.0
1995-09-01,17.4,11.0,26.2,,0.0,0.0
1995-09-02,18.7,12.0,25.6,,0.0,0.0
1995-09-03,18.9,13.0,26.4,,0.0,0.0
1995-09-04,14.8,9.3,24.7,,0.0,0.0
1995-09-05,10.3,5.2,17.5,,0.0,0.0
1995-09-06,9.6,4.1,17.3,,0.0,0.0
1995-09-07,7.0,4.1,14.5,,0.0,0.0101599945
1995-09-08,4.0,2.6,6.0,,0.0,0.017779991
1995-09-09,4.9,2.6,9.2,,0.0,0.0025399986
1995-09-10,7.3,4.2,11.6,,0.0,0.0
1995-09-11,12.2,7.5,18.1,,0.0,0.0
1995-09-12,13.4,9.4,19.0,,0.0,0.0
1995-09-13,11.4,5.0,18.9,,0.0,0.0
1995-09-14,13.7,7.8,20.2,,0.0,0.0
1995-09-15,11.1,1.0,18.7,,0.0,0.0
1995-09-16,9.6,0.8,20.6,,0.0,0.0
1995-09-17,12.1,6.0,19.7,,0.0,0.0
1995-09-18,1.8,-2.7,7.1,,0.0,0.0
1995-09-19,-1.8,-4.9,0.2,,0.0,0.0
1995-09-20,-4.4,-9.6,0.0,,0.0,0.0
1995-09-21,-0.5,-10.1,9.0,,0.0,0.0050799972
1995-09-22,5.1,1.3,10.9,,0.0050799972,0.007619996
1995-09-23,2.8,-1.7,10.3,,0.007619996,0.0
1995-09-24,7.2,-1.6,15.5,,0.0,0.0050799972
1995-09-25,10.2,3.6,17.6,,0.0,0.0
1995-09-26,8.8,4.1,13.8,,0.0,0.0
1995-09-27,4.6,1.7,8.0,,0.0,0.0
1995-09-28,5.4,2.3,11.3,,0.0,0.0050799972
1995-09-29,3.3,0.3,9.7,,0.0,0.0
1995-09-30,1.5,-0.2,6.1,,0.0,0.0
1995-10-01,-1.1,-3.1,3.3,,0.0,0.0
1995-10-02,-0.5,-3.1,3.1,,0.0,0.0050799972
1995-10-03,0.7,-1.8,2.2,,0.0025399986,0.0101599945
1995-10-04,-1.5,-4.2,1.6,,0.0025399986,0.0050799972
1995-10-05,-0.3,-4.9,5.2,,0.0,0.0025399986
1995-10-06,2.7,-1.5,8.3,,0.0,0.0050799972
1995-10-07,0.3,-2.0,6.4,,0.0,0.0
1995-10-08,0.9,-2.6,5.6,,0.0,0.0025399986
1995-10-09,0.1,-2.1,2.9,,0.0,0.0025399986
1995-10-10,5.8,1.3,10.7,,0.0,0.007619996
1995-10-11,7.2,-0.7,11.8,,0.0,0.0
1995-10-12,-1.8,-3.6,1.4,,0.0,0.0
1995-10-13,-0.4,-3.7,3.4,,0.0,0.0050799972
1995-10-14,6.2,1.5,11.2,,0.0,0.007619996
1995-10-15,10.2,6.7,16.0,,0.0,0.0025399986
1995-10-16,2.2,0.0,7.6,,0.0,0.0050799972
1995-10-17,0.5,-0.1,2.3,,0.0,0.0101599945
1995-10-18,-1.9,-4.7,1.0,,0.0,0.0050799972
1995-10-19,-0.5,-5.7,4.8,,0.0,0.0050799972
1995-10-20,3.6,-1.3,8.6,,0.0050799972,0.0
1995-10-21,-2.0,-5.2,4.1,,0.0050799972,0.0
1995-10-22,-3.2,-5.0,1.6,,0.0,0.0
1995-10-23,-1.8,-5.4,2.4,,0.0,0.007619996
1995-10-24,-1.3,-2.2,0.3,,0.007619996,0.0
1995-10-25,-1.3,-2.7,0.7,,0.007619996,0.0101599945
1995-10-26,-1.8,-3.3,-0.3,,0.017779991,0.0101599945
1995-10-27,-3.3,-5.7,1.0,,0.027939985,0.0
1995-10-28,-4.1,-8.7,2.6,,0.027939985,0.0
1995-10-29,-9.0,-13.0,-5.8,,0.027939985,0.0
1995-10-30,-9.8,-13.2,-2.1,,0.027939985,0.0
1995-10-31,-13.2,-18.4,-7.8,,0.027939985,0.0
1995-11-01,-14.4,-19.4,-7.8,,0.027939985,0.0
1995-11-02,-8.7,-13.9,-2.8,,0.027939985,0.0
1995-11-03,-7.3,-10.5,-2.9,,0.027939985,0.0
1995-11-04,-3.4,-10.1,0.6,,0.027939985,0.012699993
1995-11-05,-5.3,-6.6,-1.6,,0.033019982,0.007619996
1995-11-06,-7.6,-11.2,-2.9,,0.040639978,0.012699993
1995-11-07,-5.8,-10.8,-0.1,,0.05333997,0.027939985
1995-11-08,1.0,-0.2,2.6,,0.081279956,0.030479984
1995-11-09,-6.6,-10.3,-0.4,,0.10667994,0.0025399986
1995-11-10,-12.8,-20.5,-6.3,,0.10667994,0.020319989
1995-11-11,-1.9,-7.3,-0.1,,0.11683994,0.040639978
1995-11-12,-3.1,-4.2,-1.6,,0.15747991,0.007619996
1995-11-13,-1.0,-4.0,2.6,,0.15747991,0.007619996
1995-11-14,3.5,2.6,4.8,,0.16255991,0.0
1995-11-15,6.3,2.2,11.1,,0.15747991,0.0
1995-11-16,2.1,0.8,5.7,,0.15747991,0.0
1995-11-17,3.8,1.3,8.4,,0.15493992,0.0
1995-11-18,0.7,-4.2,5.7,,0.15493992,0.0
1995-11-19,-3.5,-7.2,1.5,,0.14731993,0.0
1995-11-20,0.4,-7.0,9.6,,0.13969992,0.0050799972
1995-11-21,3.3,-0.5,6.0,,0.14477992,0.0025399986
1995-11-22,0.0,-0.9,1.8,,0.14477992,0.0
1995-11-23,0.4,-0.3,2.1,,0.14477992,0.012699993
1995-11-24,0.3,-0.1,1.1,,0.15747991,0.033019982
1995-11-25,-1.4,-3.8,2.0,,0.17779991,0.020319989
1995-11-26,-4.7,-6.3,-2.5,,0.1904999,0.0
1995-11-27,-6.5,-7.6,-4.9,,0.1904999,0.0050799972
1995-11-28,-2.8,-6.5,-0.3,,0.1955799,0.027939985
1995-11-29,0.0,-0.6,0.3,,0.22351988,0.048259974
1995-11-30,-1.1,-2.0,0.0,,0.26923984,0.030479984
1995-12-01,-2.5,-6.2,-0.2,,0.29971984,0.027939985
1995-12-02,-7.1,-8.5,-6.0,,0.32765982,0.0101599945
1995-12-03,-6.4,-8.3,-4.3,,0.3378198,0.007619996
1995-12-04,-9.1,-13.7,-2.7,,0.34543982,0.020319989
1995-12-05,-11.9,-13.6,-8.5,,0.3657598,0.007619996
1995-12-06,-9.8,-12.8,-5.9,,0.3657598,0.007619996
1995-12-07,-16.1,-28.8,-6.9,,0.3657598,0.0
1995-12-08,-19.4,-27.8,-13.4,,0.3657598,0.0
1995-12-09,-8.0,-15.6,-3.2,,0.3657598,0.007619996
1995-12-10,0.0,-5.8,2.5,,0.3733798,0.012699993
1995-12-11,-0.4,-1.1,0.3,,0.3809998,0.017779991
1995-12-12,0.0,-1.3,1.1,,0.3962398,0.025399987
1995-12-13,-3.1,-4.6,0.0,,0.42163977,0.0050799972
1995-12-14,-3.9,-5.0,-1.5,,0.42671975,0.017779991
1995-12-15,-3.9,-8.3,-0.6,,0.43687975,0.007619996
1995-12-16,-8.5,-10.8,-4.1,,0.44449976,0.0
1995-12-17,-9.8,-13.3,-3.1,,0.44449976,0.0
1995-12-18,-4.6,-10.1,1.8,,0.44449976,0.0025399986
1995-12-19,-5.2,-9.6,1.2,,0.44449976,0.0
1995-12-20,-7.7,-9.9,-3.9,,0.44449976,0.0
1995-12-21,-10.2,-13.5,-1.4,,0.44449976,0.0
1995-12-22,-9.6,-13.4,-0.3,,0.43941978,0.0
1995-12-23,-5.4,-12.9,4.3,,0.43941978,0.0
1995-12-24,-3.6,-7.3,5.5,,0.43941978,0.0
1995-12-25,-1.8,-5.5,6.5,,0.43941978,0.0
1995-12-26,-2.8,-7.7,3.3,,0.43941978,0.0
1995-12-27,-5.0,-8.7,2.4,,0.43941978,0.0
1995-12-28,-5.9,-8.8,-0.3,,0.43941978,0.0
1995-12-29,-4.7,-7.2,-1.0,,0.43941978,0.0050799972
1995-12-30,-3.7,-4.6,-2.1,,0.44449976,0.007619996
1995-12-31,-5.0,-7.5,-1.5,,0.45211977,0.007619996
1996-01-01,-9.8,-14.4,-6.4,,0.45465976,0.0
1996-01-02,-4.0,-9.9,-0.8,,0.45465976,0.015239992
1996-01-03,-8.5,-18.7,-1.3,,0.46989974,0.033019982
1996-01-04,-20.7,-23.2,-14.7,,0.50291973,0.0
1996-01-05,-12.6,-20.9,-7.6,,0.50291973,0.017779991
1996-01-06,-5.7,-11.3,-1.8,,0.5079997,0.0101599945
1996-01-07,-0.9,-2.6,1.3,,0.5130797,0.015239992
1996-01-08,-3.0,-5.4,-1.2,,0.5283197,0.012699993
1996-01-09,-3.6,-8.4,-0.3,,0.5410197,0.007619996
1996-01-10,-5.6,-6.5,-3.6,,0.5486397,0.007619996
1996-01-11,-2.9,-5.7,1.3,,0.5562597,0.027939985
1996-01-12,3.1,-1.6,8.5,,0.5562597,0.0
1996-01-13,0.9,-0.6,4.6,,0.5562597,0.0025399986
1996-01-14,-0.3,-1.4,3.0,,0.5562597,0.0
1996-01-15,-2.0,-3.6,-0.5,,0.5562597,0.035559982
1996-01-16,-7.3,-22.8,-3.0,,0.5892797,0.030479984
1996-01-17,-21.5,-27.2,-16.5,,0.6197597,0.0
1996-01-18,-14.4,-18.2,-7.3,,0.6197597,0.038099978
1996-01-19,-10.3,-13.7,-7.5,,0.62483966,0.012699993
1996-01-20,-8.3,-10.7,-5.9,,0.6375397,0.017779991
1996-01-21,-7.8,-11.4,-4.9,,0.65531963,0.020319989
1996-01-22,-10.3,-12.8,-8.6,,0.6756396,0.0050799972
1996-01-23,-11.3,-13.3,-7.8,,0.6807196,0.012699993
1996-01-24,-16.0,-20.5,-12.1,,0.69341964,0.0025399986
1996-01-25,-14.0,-21.1,-6.1,,0.6959596,0.0025399986
1996-01-26,-13.9,-15.1,-11.9,,0.6984996,0.0050799972
1996-01-27,-20.1,-29.4,-13.8,,0.7035796,0.007619996
1996-01-28,-26.2,-31.8,-14.5,,0.71119964,0.0050799972
1996-01-29,-24.5,-31.0,-16.4,,0.7162796,0.0025399986
1996-01-30,-22.0,-28.4,-13.7,,0.7188196,0.0
1996-01-31,-17.9,-21.7,-10.6,,0.7188196,0.0
1996-02-01,-24.4,-29.1,-16.8,,0.7188196,0.0
1996-02-02,-22.0,-28.5,-13.7,,0.7188196,0.0
1996-02-03,-11.6,-20.5,-4.3,,0.7188196,0.0025399986
1996-02-04,-5.1,-9.6,-3.1,,0.7213596,0.0025399986
1996-02-05,-1.3,-3.1,-0.4,,0.7238996,0.0101599945
1996-02-06,-1.9,-2.9,-0.7,,0.73405963,0.048259974
1996-02-07,-1.5,-2.6,-0.5,,0.77977955,0.048259974
1996-02-08,1.0,-1.7,2.7,,0.82549953,0.027939985
1996-02-09,-3.5,-11.9,2.3,,0.8508995,0.0025399986
1996-02-10,-7.9,-14.8,0.8,,0.8534395,0.0025399986
1996-02-11,-0.6,-8.8,8.1,,0.8534395,0.0
1996-02-12,3.6,1.8,7.1,,0.8534395,0.0
1996-02-13,3.7,1.1,8.3,,0.8534395,0.0050799972
1996-02-14,-0.3,-4.1,4.9,,0.8534395,0.0025399986
1996-02-15,-1.1,-9.1,5.8,,0.8534395,0.0025399986
1996-02-16,4.6,0.6,9.8,,0.8534395,0.0025399986
1996-02-17,0.6,-1.6,3.7,,0.85597956,0.017779991
1996-02-18,-1.4,-2.8,0.1,,0.8737595,0.020319989
1996-02-19,-3.6,-6.1,-1.1,,0.8940795,0.017779991
1996-02-20,-3.1,-6.6,0.0,,0.9118595,0.0050799972
1996-02-21,-1.2,-5.9,6.1,,0.9169395,0.007619996
1996-02-22,-9.0,-11.4,-4.8,,0.9245595,0.0050799972
1996-02-23,-9.8,-11.9,-7.1,,0.9296395,0.017779991
1996-02-24,-13.6,-17.4,-9.5,,0.94741946,0.0025399986
1996-02-25,-21.3,-27.0,-15.8,,0.9499595,0.0
1996-02-26,-22.0,-26.8,-14.1,,0.9499595,0.0
1996-02-27,-25.3,-29.0,-17.9,,0.9499595,0.0
1996-02-28,-19.6,-29.4,-8.5,,0.9499595,0.0025399986
1996-02-29,-10.1,-16.0,-3.4,,0.9524995,0.0025399986
1996-03-01,-6.9,-10.1,-1.6,,0.9550395,0.0025399986
1996-03-02,-4.8,-7.8,0.6,,0.9575795,0.0
1996-03-03,-11.1,-16.6,-4.0,,0.9575795,0.0101599945
1996-03-04,-16.3,-21.1,-11.4,,0.96773946,0.0025399986
1996-03-05,-20.6,-23.0,-15.7,,0.97027946,0.0
1996-03-06,-11.0,-21.9,-2.2,,0.97027946,0.0
1996-03-07,-12.6,-19.3,-4.6,,0.97027946,0.0
1996-03-08,-0.9,-4.7,3.2,,0.97027946,0.012699993
1996-03-09,5.6,0.6,11.3,,0.97281945,0.0
1996-03-10,5.2,1.2,10.4,,0.96773946,0.0
1996-03-11,0.9,-2.6,5.6,,0.9575795,0.0
1996-03-12,0.8,-3.6,8.0,,0.94741946,0.0
1996-03-13,-2.2,-5.1,4.1,,0.94741946,0.0
1996-03-14,2.6,-4.5,11.0,,0.94741946,0.0
1996-03-15,-2.1,-4.4,1.5,,0.9448795,0.0
1996-03-16,-4.3,-5.8,0.2,,0.9448795,0.0
1996-03-17,-4.2,-8.8,2.1,,0.9448795,0.0
1996-03-18,-5.3,-10.0,2.9,,0.9448795,0.007619996
1996-03-19,-0.2,-9.6,8.7,,0.9524995,0.0050799972
1996-03-20,-0.7,-7.4,4.8,,0.9575795,0.0025399986
1996-03-21,-2.9,-8.7,4.3,,0.9601195,0.0025399986
1996-03-22,-6.1,-13.5,-0.2,,0.9626595,0.0025399986
1996-03-23,-15.7,-25.4,-6.5,,0.9651995,0.0
1996-03-24,-21.5,-28.0,-13.5,,0.9651995,0.0
1996-03-25,-11.1,-22.7,-1.9,,0.9651995,0.0101599945
1996-03-26,-8.3,-15.1,-0.8,,0.96773946,0.0050799972
1996-03-27,-15.6,-20.2,-9.9,,0.97281945,0.0101599945
1996-03-28,-11.4,-19.1,-1.8,,0.9829795,0.0025399986
1996-03-29,-7.7,-11.1,-1.6,,0.98551947,0.007619996
1996-03-30,-5.7,-8.9,-0.5,,0.99313945,0.0050799972
1996-03-31,-1.0,-6.5,4.1,,0.9982195,0.0
1996-04-01,2.9,-0.9,9.0,,0.9982195,0.0
1996-04-02,-1.3,-5.6,5.2,,0.9982195,0.0050799972
1996-04-03,-1.9,-5.4,5.1,,0.9982195,0.0
1996-04-04,-1.0,-6.9,6.0,,0.9982195,0.0050799972
1996-04-05,4.3,-1.8,10.6,,0.9982195,0.0
1996-04-06,5.3,2.1,12.9,,0.98551947,0.0
1996-04-07,5.8,2.8,11.1,,0.9829795,0.0
1996-04-08,10.6,4.8,17.9,,0.9829795,0.020319989
1996-04-09,9.9,2.8,17.7,,1.0032995,0.0050799972
1996-04-10,0.2,-4.6,5.4,,1.0083795,0.017779991
1996-04-11,-1.3,-5.8,5.5,,1.0185394,0.0101599945
1996-04-12,-3.1,-5.5,2.3,,1.0210794,0.0050799972
1996-04-13,-3.0,-5.8,3.3,,1.0236194,0.0025399986
1996-04-14,0.7,-5.5,7.8,,1.0236194,0.007619996
1996-04-15,6.8,-1.0,14.1,,1.0236194,0.0
1996-04-16,3.1,-1.1,11.3,,1.0159994,0.0050799972
1996-04-17,-1.3,-4.4,4.7,,1.0159994,0.0050799972
1996-04-18,-2.6,-7.0,3.6,,1.0159994,0.0
1996-04-19,-2.6,-5.6,3.9,,1.0159994,0.0025399986
1996-04-20,-2.2,-6.6,6.3,,1.0159994,0.007619996
1996-04-21,-1.7,-9.5,6.7,,1.0236194,0.007619996
1996-04-22,1.3,-5.2,8.0,,1.0286994,0.0025399986
1996-04-23,1.8,-1.0,6.5,,1.0286994,0.027939985
1996-04-24,-2.3,-4.4,3.0,,1.0566394,0.033019982
1996-04-25,-2.0,-4.8,1.9,,1.0718794,0.012699993
1996-04-26,-3.6,-6.2,1.0,,1.0718794,0.0101599945
1996-04-27,-3.5,-7.1,6.5,,1.0820394,0.007619996
1996-04-28,-0.2,-6.5,6.7,,1.0845795,0.007619996
1996-04-29,-0.8,-2.3,2.2,,1.0921994,0.0
1996-04-30,1.6,-2.7,8.3,,1.0921994,0.0050799972
1996-05-01,-2.6,-5.5,2.3,,1.0921994,0.007619996
1996-05-02,-2.1,-5.7,5.8,,1.0998194,0.0050799972
1996-05-03,-3.4,-7.6,5.3,,1.1048994,0.007619996
1996-05-04,-3.5,-9.5,1.7,,1.1125194,0.0
1996-05-05,0.1,-5.2,7.6,,1.1125194,0.007619996
1996-05-06,1.0,-5.0,8.3,,1.1150594,0.0
1996-05-07,1.2,-3.4,7.6,,1.1150594,0.0
1996-05-08,-2.8,-6.7,3.8,,1.1099794,0.0
1996-05-09,-4.0,-7.3,4.3,,1.1048994,0.0025399986
1996-05-10,0.2,-8.8,9.3,,1.1074394,0.0025399986
1996-05-11,3.0,-0.2,8.4,,1.1099794,0.0
1996-05-12,4.7,1.5,12.3,,1.1048994,0.0101599945
1996-05-13,4.8,3.1,6.9,,1.1099794,0.0101599945
1996-05-14,4.8,2.9,10.3,,1.0820394,0.0101599945
1996-05-15,4.4,2.3,7.5,,1.0617194,0.007619996
1996-05-16,4.4,1.5,8.9,,1.0413995,0.0025399986
1996-05-17,4.7,1.5,10.0,,1.0083795,0.012699993
1996-05-18,1.7,-0.7,7.2,,0.9778995,0.0101599945
1996-05-19,1.4,-1.4,7.6,,0.9575795,0.0050799972
1996-05-20,1.3,-1.9,6.3,,0.9347195,0.0
1996-05-21,4.3,-1.0,11.5,,0.9067795,0.0025399986
1996-05-22,2.8,-1.2,10.8,,0.8915395,0.0
1996-05-23,0.6,-1.7,5.3,,0.87883955,0.0050799972
1996-05-24,0.7,-2.2,5.8,,0.8686795,0.007619996
1996-05-25,5.1,-1.2,14.4,,0.8712195,0.007619996
1996-05-26,6.3,1.4,14.8,,0.8534395,0.0
1996-05-27,4.5,1.4,10.4,,0.8305796,0.0
1996-05-28,4.0,0.8,10.6,,0.80517954,0.0
1996-05-29,3.4,-1.5,11.1,,0.7924796,0.0101599945
1996-05-30,3.0,-1.7,9.3,,0.7645396,0.0025399986
1996-05-31,3.8,-0.8,10.3,,0.7315196,0.0
1996-06-01,6.0,1.4,13.2,,0.6959596,0.0025399986
1996-06-02,10.7,3.8,18.2,,0.66547966,0.0
1996-06-03,11.7,7.9,18.6,,0.6375397,0.0
1996-06-04,9.4,4.7,14.6,,0.61213964,0.0025399986
1996-06-05,6.9,2.0,13.2,,0.6146797,0.0
1996-06-06,11.3,1.7,18.6,,0.5410197,0.0
1996-06-07,17.6,10.9,24.3,,0.47243974,0.0
1996-06-08,16.8,10.5,23.3,,0.44195977,0.0
1996-06-09,14.0,6.0,19.8,,0.3632198,0.0
1996-06-10,11.7,5.8,17.6,,0.32511982,0.0
1996-06-11,8.4,3.3,14.4,,0.28447986,0.0
1996-06-12,11.3,2.9,19.7,,0.26161987,0.0
1996-06-13,13.9,6.9,21.3,,0.22859988,0.0
1996-06-14,11.0,5.8,18.4,,0.20065989,0.0
1996-06-15,12.2,5.7,22.0,,0.17271991,0.0
1996-06-16,12.8,6.5,23.6,,0.14477992,0.0
1996-06-17,8.4,-1.7,16.0,,0.09651995,0.0
1996-06-18,-1.0,-2.8,2.6,,0.05333997,0.0
1996-06-19,3.8,-2.1,9.8,,0.043179978,0.0
1996-06-20,6.1,0.4,13.0,,0.025399987,0.0
1996-06-21,6.0,0.3,11.6,,0.015239992,0.0
1996-06-22,4.1,1.2,9.1,,0.007619996,0.0050799972
1996-06-23,6.6,1.4,12.1,,0.0,0.007619996
1996-06-24,6.2,3.7,10.3,,0.0,0.012699993
1996-06-25,7.9,2.9,14.7,,0.0,0.012699993
1996-06-26,12.5,5.1,19.8,,0.0,0.0050799972
1996-06-27,11.2,5.9,17.9,,0.0,0.0
1996-06-28,7.6,5.0,12.3,,0.0,0.0
1996-06-29,9.6,3.7,15.7,,0.0,0.0
1996-06-30,13.7,8.9,20.3,,0.0,0.0
1996-07-01,16.2,9.9,22.6,,0.0,0.0
1996-07-02,18.6,12.8,26.9,,0.0,0.0
1996-07-03,20.6,13.4,27.5,,0.0,0.0
1996-07-04,18.3,11.8,24.6,,0.0,0.0
1996-07-05,9.6,4.0,15.2,,0.0,0.0
1996-07-06,9.7,2.1,16.9,,0.0,0.0
1996-07-07,12.0,5.4,20.5,,0.0,0.0
1996-07-08,12.5,5.1,21.1,,0.0,0.0025399986
1996-07-09,15.9,8.0,25.1,,0.0,0.0025399986
1996-07-10,13.5,8.3,20.0,,0.0,0.0
1996-07-11,11.8,5.4,20.6,,0.0,0.0
1996-07-12,13.9,5.0,22.6,,0.0,0.0
1996-07-13,13.5,8.1,20.0,,0.0,0.0
1996-07-14,17.3,8.5,25.2,,0.0,0.0
1996-07-15,18.7,11.5,26.6,,0.0,0.0
1996-07-16,17.5,12.3,23.7,,0.0,0.0
1996-07-17,13.4,7.9,21.8,,0.0,0.0025399986
1996-07-18,12.7,6.9,18.4,,0.0,0.0
1996-07-19,9.3,2.2,16.9,,0.0,0.0
1996-07-20,8.3,2.9,13.0,,0.0,0.0
1996-07-21,11.1,4.7,18.5,,0.0,0.0
1996-07-22,14.1,6.6,22.1,,0.0,0.0
1996-07-23,14.1,8.8,22.9,,0.0,0.0
1996-07-24,15.0,6.9,23.2,,0.0,0.0
1996-07-25,13.4,6.9,21.0,,0.0,0.0
1996-07-26,14.7,6.3,24.1,,0.0,0.0
1996-07-27,18.2,10.9,27.0,,0.0,0.0
1996-07-28,17.6,10.8,25.8,,0.0,0.0
1996-07-29,16.2,9.7,25.8,,0.0,0.0025399986
1996-07-30,13.2,10.0,21.3,,0.0,0.0050799972
1996-07-31,15.9,10.6,22.1,,0.0,0.0
1996-08-01,16.9,11.8,24.0,,0.0,0.0
1996-08-02,11.0,4.0,17.2,,0.0,0.0101599945
1996-08-03,5.2,1.9,10.0,,0.0,0.0025399986
1996-08-04,3.6,2.1,5.6,,0.0,0.0050799972
1996-08-05,3.1,0.8,5.5,,0.0,0.017779991
1996-08-06,5.6,1.6,8.8,,0.0,0.0025399986
1996-08-07,11.7,3.3,19.6,,0.0,0.0025399986
1996-08-08,17.3,9.6,25.2,,0.0,0.0
1996-08-09,17.2,12.3,24.5,,0.0,0.0
1996-08-10,19.3,11.7,25.9,,0.0,0.0
1996-08-11,21.3,15.6,29.1,,0.0,0.0
1996-08-12,18.0,13.2,24.1,,0.0,0.0
1996-08-13,17.3,10.5,25.5,,0.0,0.0
1996-08-14,16.5,10.5,24.1,,0.0,0.0
1996-08-15,17.2,11.3,24.3,,0.0,0.0
1996-08-16,19.1,13.0,25.1,,0.0,0.0
1996-08-17,14.8,9.1,20.4,,0.0,0.0
1996-08-18,6.5,2.5,12.2,,0.0,0.0
1996-08-19,10.5,1.7,18.4,,0.0,0.0
1996-08-20,11.8,5.6,18.7,,0.0,0.0
1996-08-21,9.6,3.3,16.4,,0.0,0.0
1996-08-22,13.7,7.9,20.8,,0.0,0.0
1996-08-23,18.3,9.8,26.5,,0.0,0.0
1996-08-24,19.3,12.3,27.3,,0.0,0.0
1996-08-25,18.4,11.8,26.8,,0.0,0.0
1996-08-26,19.9,12.5,28.2,,0.0,0.0
1996-08-27,19.0,10.6,26.9,,0.0,0.0
1996-08-28,11.1,7.1,16.8,,0.0,0.0
1996-08-29,13.4,5.6,21.7,,0.0,0.0
1996-08-30,18.1,11.2,26.4,,0.0,0.0
1996-08-31,11.0,5.4,16.1,,0.0,0.0
1996-09-01,8.2,3.9,14.7,,0.0,0.0
1996-09-02,8.8,2.8,14.9,,0.0,0.0
1996-09-03,10.4,5.2,20.0,,0.0,0.0
1996-09-04,10.3,4.5,20.4,,0.0,0.0
1996-09-05,2.2,-0.2,6.4,,0.0,0.0
1996-09-06,4.5,0.0,10.9,,0.0,0.0
1996-09-07,7.8,3.6,12.5,,0.0,0.0025399986
1996-09-08,9.6,5.0,15.6,,0.0,0.0
1996-09-09,11.2,5.3,19.1,,0.0,0.0
1996-09-10,13.8,6.9,24.0,,0.0,0.0
1996-09-11,15.0,8.5,24.3,,0.0,0.0025399986
1996-09-12,13.3,7.1,20.5,,0.0,0.0
1996-09-13,12.0,5.9,20.6,,0.0,0.0101599945
1996-09-14,6.8,2.4,12.8,,0.0,0.0025399986
1996-09-15,5.5,1.0,14.7,,0.0,0.007619996
1996-09-16,1.6,0.1,5.4,,0.0,0.0
1996-09-17,0.4,-0.7,1.4,,0.0,0.0025399986
1996-09-18,0.9,-0.4,6.1,,0.0,0.0050799972
1996-09-19,1.4,-0.4,5.5,,0.0,0.0
1996-09-20,1.9,-1.5,6.5,,0.0,0.0
1996-09-21,1.5,-2.0,7.4,,0.0,0.0025399986
1996-09-22,-1.7,-4.0,2.4,,0.0,0.0025399986
1996-09-23,-0.2,-6.3,6.4,,0.0,0.0025399986
1996-09-24,2.0,-3.7,8.5,,0.0,0.0025399986
1996-09-25,-0.3,-4.1,4.9,,0.0,0.0
1996-09-26,0.9,-4.0,5.9,,0.0,0.0025399986
1996-09-27,6.6,2.6,11.3,,0.0,0.007619996
1996-09-28,10.3,5.9,17.1,,0.007619996,0.0
1996-09-29,10.6,7.0,16.2,,0.0050799972,0.0
1996-09-30,11.5,6.4,17.0,,0.0,0.0050799972
1996-10-01,3.2,-5.9,11.5,,0.0050799972,0.0
1996-10-02,7.7,-3.2,15.6,,0.0,0.0
1996-10-03,11.1,7.6,16.2,,0.0,0.0
1996-10-04,12.5,8.3,18.5,,0.0,0.0
1996-10-05,7.4,4.0,12.0,,0.0,0.0
1996-10-06,6.6,2.9,12.8,,0.0,0.0
1996-10-07,9.3,5.7,14.4,,0.0,0.0
1996-10-08,9.8,4.1,15.7,,0.0,0.0
1996-10-09,12.9,6.0,19.5,,0.0,0.0
1996-10-10,13.4,9.1,17.4,,0.0,0.0
1996-10-11,9.2,6.2,13.7,,0.0,0.0
1996-10-12,8.2,3.8,13.6,,0.0,0.0
1996-10-13,6.4,-0.9,12.3,,0.0,0.0
1996-10-14,-1.0,-2.8,2.1,,0.0,0.0
1996-10-15,-2.7,-5.0,-0.4,,0.0,0.0101599945
1996-10-16,-5.9,-9.0,-2.2,,0.0101599945,0.0050799972
1996-10-17,-4.3,-9.5,-0.5,,0.0101599945,0.0025399986
1996-10-18,-1.5,-4.3,0.2,,0.012699993,0.0101599945
1996-10-19,-5.4,-8.0,-2.7,,0.022859987,0.0050799972
1996-10-20,-6.7,-9.1,-1.0,,0.025399987,0.0025399986
1996-10-21,-5.4,-10.6,-1.4,,0.025399987,0.0025399986
1996-10-22,-2.5,-4.2,1.7,,0.027939985,0.0
1996-10-23,-4.5,-5.6,-2.8,,0.027939985,0.0025399986
1996-10-24,-2.9,-5.4,-1.2,,0.027939985,0.017779991
1996-10-25,-5.6,-7.6,-3.4,,0.045719974,0.0025399986
1996-10-26,-5.7,-8.5,0.8,,0.045719974,0.0
1996-10-27,-2.3,-6.4,2.0,,0.045719974,0.0025399986
1996-10-28,2.9,-0.2,6.6,,0.048259974,0.0025399986
1996-10-29,-9.7,-12.4,-0.1,,0.048259974,0.0
1996-10-30,-10.0,-14.9,-2.3,,0.048259974,0.0
1996-10-31,-5.7,-12.1,2.0,,0.048259974,0.0050799972
1996-11-01,-1.4,-7.8,5.8,,0.048259974,0.0
1996-11-02,4.7,-0.3,10.6,,0.048259974,0.0
1996-11-03,1.8,-3.7,8.2,,0.048259974,0.0
1996-11-04,-4.4,-7.2,1.2,,0.048259974,0.0
1996-11-05,-7.6,-8.9,-3.2,,0.048259974,0.0
1996-11-06,-7.1,-9.1,-5.5,,0.048259974,0.027939985
1996-11-07,-7.4,-9.0,-4.1,,0.076199956,0.0025399986
1996-11-08,-1.7,-6.6,0.1,,0.076199956,0.017779991
1996-11-09,2.6,-0.9,5.4,,0.09397995,0.0050799972
1996-11-10,6.3,3.1,11.4,,0.09397995,0.0025399986
1996-11-11,4.7,-3.5,9.8,,0.09397995,0.0
1996-11-12,5.2,1.3,10.7,,0.09397995,0.0
1996-11-13,0.1,-3.4,4.3,,0.09143995,0.0
1996-11-14,-5.1,-12.4,0.4,,0.088899955,0.0
1996-11-15,-16.2,-19.7,-12.1,,0.086359955,0.0
1996-11-16,-15.2,-18.9,-10.2,,0.083819956,0.0050799972
1996-11-17,-7.0,-10.6,-5.0,,0.088899955,0.0101599945
1996-11-18,-6.2,-12.7,-3.6,,0.09905995,0.022859987
1996-11-19,-8.3,-17.6,1.2,,0.12191994,0.030479984
1996-11-20,-9.7,-13.4,-2.3,,0.15239991,0.0025399986
1996-11-21,-3.0,-10.1,0.1,,0.15239991,0.007619996
1996-11-22,-1.6,-7.1,1.8,,0.15747991,0.0
1996-11-23,-7.1,-10.2,-2.5,,0.15747991,0.0025399986
1996-11-24,-3.1,-5.6,-1.0,,0.15747991,0.0
1996-11-25,-5.7,-7.4,-3.5,,0.15747991,0.0050799972
1996-11-26,-7.7,-9.0,-4.4,,0.16255991,0.0025399986
1996-11-27,-3.6,-7.7,-1.1,,0.16255991,0.0101599945
1996-11-28,-4.3,-9.7,-0.7,,0.17271991,0.012699993
1996-11-29,-8.4,-10.7,-3.3,,0.1828799,0.0025399986
1996-11-30,-8.1,-11.1,-4.6,,0.1828799,0.0050799972
1996-12-01,-6.2,-9.8,-3.9,,0.1879599,0.020319989
1996-12-02,-10.7,-11.6,-9.6,,0.2082799,0.0050799972
1996-12-03,-10.4,-12.3,-6.6,,0.21081989,0.0101599945
1996-12-04,-8.8,-13.8,-4.4,,0.21843988,0.012699993
1996-12-05,-7.4,-8.8,-4.4,,0.23113987,0.033019982
1996-12-06,-8.3,-9.0,-6.8,,0.26415986,0.027939985
1996-12-07,-6.6,-9.0,-3.4,,0.29209983,0.015239992
1996-12-08,-1.1,-3.6,0.3,,0.30733985,0.045719974
1996-12-09,-1.4,-3.8,0.6,,0.3530598,0.020319989
1996-12-10,-0.9,-5.1,1.3,,0.3682998,0.012699993
1996-12-11,-7.9,-10.8,-5.4,,0.3759198,0.0
1996-12-12,-6.4,-9.0,-4.0,,0.3759198,0.015239992
1996-12-13,-7.8,-12.0,-4.5,,0.3911598,0.0101599945
1996-12-14,-8.5,-11.1,-3.8,,0.39877978,0.0
1996-12-15,-8.9,-11.7,-7.4,,0.39877978,0.0101599945
1996-12-16,-16.5,-20.8,-11.9,,0.4063998,0.0
1996-12-17,-16.8,-22.6,-11.3,,0.4063998,0.0025399986
1996-12-18,-11.0,-15.3,-7.9,,0.40893978,0.0025399986
1996-12-19,-8.0,-11.1,-5.0,,0.41147977,0.0025399986
1996-12-20,-8.1,-16.8,-3.7,,0.41401976,0.012699993
1996-12-21,-18.9,-23.3,-15.7,,0.42163977,0.0025399986
1996-12-22,-20.2,-23.5,-13.1,,0.42417976,0.0025399986
1996-12-23,-10.6,-15.6,-7.7,,0.42671975,0.015239992
1996-12-24,-11.0,-11.9,-9.9,,0.43941978,0.012699993
1996-12-25,-19.3,-24.5,-11.8,,0.45211977,0.007619996
1996-12-26,-8.6,-15.6,-4.2,,0.45465976,0.020319989
1996-12-27,-5.4,-11.2,-3.3,,0.47497976,0.033019982
1996-12-28,-12.5,-14.0,-11.2,,0.5079997,0.0025399986
1996-12-29,-4.7,-14.0,0.4,,0.5105397,0.050799973
1996-12-30,-0.9,-2.2,1.3,,0.5511797,0.022859987
1996-12-31,0.3,-1.0,2.8,,0.5740397,0.038099978
1997-01-01,-0.5,-2.5,3.5,,0.61213964,0.017779991
1997-01-02,-1.7,-3.8,0.3,,0.61213964,0.017779991
1997-01-03,-5.5,-9.2,-3.1,,0.62991965,0.0050799972
1997-01-04,-11.0,-13.7,-7.8,,0.63499963,0.0050799972
1997-01-05,-11.9,-14.5,-4.5,,0.6400797,0.007619996
1997-01-06,-10.2,-13.4,-7.0,,0.64769965,0.022859987
1997-01-07,-5.7,-7.0,-1.9,,0.67055964,0.0050799972
1997-01-08,-5.0,-6.2,-3.7,,0.6756396,0.007619996
1997-01-09,-4.8,-9.0,-2.4,,0.6832596,0.012699993
1997-01-10,-10.3,-15.0,-3.7,,0.6959596,0.0101599945
1997-01-11,-22.9,-27.5,-13.0,,0.7035796,0.0
1997-01-12,-23.3,-30.4,-11.5,,0.7035796,0.0050799972
1997-01-13,-7.8,-17.9,-0.6,,0.7086596,0.0
1997-01-14,-6.8,-11.6,2.9,,0.7086596,0.0
1997-01-15,-13.3,-18.2,-8.5,,0.7086596,0.0
1997-01-16,-10.4,-17.9,-6.1,,0.7086596,0.0
1997-01-17,-3.3,-8.5,-0.1,,0.7086596,0.0050799972
1997-01-18,-0.4,-1.5,1.4,,0.71373963,0.015239992
1997-01-19,2.7,0.4,7.7,,0.7289796,0.0
1997-01-20,0.1,-4.2,7.4,,0.7289796,0.0
1997-01-21,-5.9,-8.2,-4.0,,0.7289796,0.0
1997-01-22,-8.6,-11.1,-3.7,,0.7289796,0.0
1997-01-23,-10.2,-11.3,-7.9,,0.7289796,0.012699993
1997-01-24,-16.3,-23.4,-11.4,,0.7416796,0.017779991
1997-01-25,-15.7,-23.0,-8.7,,0.7594596,0.0050799972
1997-01-26,-11.7,-18.7,-5.4,,0.7645396,0.0
1997-01-27,-7.6,-14.5,-2.4,,0.7645396,0.0025399986
1997-01-28,-4.2,-5.9,-1.6,,0.7670796,0.0050799972
1997-01-29,-3.5,-5.5,-1.7,,0.7721596,0.0025399986
1997-01-30,-1.2,-3.4,2.7,,0.77469957,0.040639978
1997-01-31,-2.6,-4.3,0.4,,0.81533957,0.0025399986
1997-02-01,-3.7,-5.6,-1.2,,0.81787956,0.007619996
1997-02-02,-6.5,-9.1,-1.9,,0.82549953,0.0
1997-02-03,-9.5,-13.9,-4.7,,0.82549953,0.0
1997-02-04,-10.5,-15.4,0.1,,0.82549953,0.0
1997-02-05,-11.3,-17.3,-1.9,,0.82549953,0.0
1997-02-06,-8.1,-13.2,1.6,,0.82549953,0.0
1997-02-07,-5.8,-11.9,2.7,,0.82549953,0.0
1997-02-08,-6.4,-11.4,2.3,,0.82549953,0.0
1997-02-09,-9.2,-12.8,-2.7,,0.82549953,0.0
1997-02-10,-7.8,-12.1,-3.0,,0.82549953,0.0
1997-02-11,-7.9,-13.1,-1.3,,0.82549953,0.0050799972
1997-02-12,-6.6,-7.9,-4.8,,0.8305796,0.0101599945
1997-02-13,-6.9,-7.9,-4.9,,0.84073955,0.0025399986
1997-02-14,-3.5,-6.1,0.4,,0.84327954,0.012699993
1997-02-15,-1.5,-3.2,3.1,,0.85597956,0.0025399986
1997-02-16,0.9,-2.2,8.0,,0.85851955,0.0025399986
1997-02-17,-2.1,-6.1,2.7,,0.86105955,0.0050799972
1997-02-18,-5.2,-6.6,-1.9,,0.86613953,0.0025399986
1997-02-19,-5.0,-7.8,-2.3,,0.8686795,0.035559982
1997-02-20,-7.0,-9.0,-2.2,,0.90423954,0.0050799972
1997-02-21,-7.4,-10.5,-0.3,,0.9093195,0.0025399986
1997-02-22,-8.8,-13.3,-3.0,,0.9118595,0.0
1997-02-23,-7.4,-11.2,-2.0,,0.9118595,0.0025399986
1997-02-24,-2.7,-10.7,4.8,,0.9143995,0.007619996
1997-02-25,-4.9,-8.6,-0.7,,0.9220195,0.0050799972
1997-02-26,-6.3,-9.8,-0.5,,0.9270995,0.007619996
1997-02-27,-10.0,-15.9,-5.8,,0.9347195,0.0
1997-02-28,-10.9,-18.0,-4.2,,0.9347195,0.0
1997-03-01,-7.7,-10.6,-5.0,,0.9347195,0.020319989
1997-03-02,-5.7,-9.4,-1.0,,0.9550395,0.017779991
1997-03-03,-7.7,-13.5,1.2,,0.97281945,0.0
1997-03-04,-10.0,-11.4,-6.0,,0.97281945,0.0101599945
1997-03-05,-7.4,-11.2,-3.7,,0.9829795,0.0050799972
1997-03-06,-4.5,-6.0,-2.1,,0.98805946,0.007619996
1997-03-07,-4.5,-8.7,-1.0,,0.99567944,0.0050799972
1997-03-08,-7.8,-10.2,-2.9,,1.0007595,0.0
1997-03-09,-5.3,-10.9,-2.6,,1.0007595,0.045719974
1997-03-10,-5.3,-6.4,-3.0,,1.0464795,0.022859987
1997-03-11,-3.5,-6.5,3.7,,1.0693394,0.007619996
1997-03-12,-10.9,-21.3,-3.0,,1.0769594,0.0025399986
1997-03-13,-19.7,-23.6,-9.8,,1.0794994,0.0025399986
1997-03-14,-12.7,-22.8,-3.8,,1.0820394,0.0
1997-03-15,-6.5,-17.3,-0.9,,1.0820394,0.015239992
1997-03-16,-0.9,-3.2,2.0,,1.0972794,0.017779991
1997-03-17,-1.8,-3.9,1.2,,1.1150594,0.007619996
1997-03-18,3.2,-3.3,7.2,,1.1226794,0.0025399986
1997-03-19,6.7,2.6,11.0,,1.1252193,0.0
1997-03-20,1.5,-5.0,8.2,,1.1252193,0.0
1997-03-21,-1.7,-6.7,3.1,,1.1252193,0.0
1997-03-22,1.0,-4.0,6.8,,1.1252193,0.0
1997-03-23,-2.8,-9.1,2.9,,1.1252193,0.0050799972
1997-03-24,-3.9,-11.4,2.9,,1.1252193,0.0050799972
1997-03-25,2.6,-4.1,8.7,,1.1302994,0.0
1997-03-26,4.7,-3.4,10.6,,1.1302994,0.0
1997-03-27,-3.0,-7.1,3.9,,1.1302994,0.0
1997-03-28,-6.8,-8.8,-4.5,,1.1302994,0.0050799972
1997-03-29,-4.6,-8.5,-0.1,,1.1328394,0.0050799972
1997-03-30,2.1,-5.2,9.1,,1.1379194,0.007619996
1997-03-31,-4.6,-9.2,2.2,,1.1429994,0.0050799972
1997-04-01,-6.6,-9.2,-1.2,,1.1429994,0.035559982
1997-04-02,-3.2,-12.0,4.0,,1.1480794,0.012699993
1997-04-03,-3.7,-8.7,0.2,,1.1607794,0.015239992
1997-04-04,-12.6,-14.4,-8.8,,1.1633193,0.017779991
1997-04-05,-11.8,-16.6,-4.5,,1.1709393,0.0050799972
1997-04-06,-7.1,-16.9,1.0,,1.1760193,0.0025399986
1997-04-07,-12.4,-15.9,-6.4,,1.1785594,0.0050799972
1997-04-08,-7.4,-15.6,3.5,,1.1785594,0.0050799972
1997-04-09,-10.3,-15.3,-3.2,,1.1836394,0.0
1997-04-10,-13.8,-17.6,-8.3,,1.1836394,0.0025399986
1997-04-11,-9.7,-19.4,1.5,,1.1861794,0.0
1997-04-12,-2.4,-12.7,7.8,,1.1861794,0.0
1997-04-13,-0.3,-3.9,6.6,,1.1861794,0.0
1997-04-14,-2.7,-6.4,3.3,,1.1861794,0.012699993
1997-04-15,1.0,-5.3,6.6,,1.1912594,0.0101599945
1997-04-16,6.3,1.6,13.8,,1.1912594,0.022859987
1997-04-17,3.7,-0.7,10.0,,1.1683993,0.007619996
1997-04-18,3.1,-3.3,11.4,,1.1607794,0.0
1997-04-19,3.2,1.1,9.7,,1.1607794,0.0025399986
1997-04-20,-0.3,-4.0,2.7,,1.1531594,0.012699993
1997-04-21,-0.4,-4.8,7.1,,1.1531594,0.0101599945
1997-04-22,-0.8,-6.2,7.0,,1.1328394,0.0
1997-04-23,-0.8,-4.8,3.1,,1.1277593,0.0025399986
1997-04-24,-0.8,-3.5,4.5,,1.1252193,0.0
1997-04-25,1.0,-3.3,6.9,,1.1252193,0.0
1997-04-26,5.8,-3.1,13.5,,1.1252193,0.0050799972
1997-04-27,2.9,-3.3,10.7,,1.1252193,0.0025399986
1997-04-28,-0.8,-4.3,5.2,,1.1252193,0.0025399986
1997-04-29,-0.3,-4.0,6.9,,1.1074394,0.0
1997-04-30,-0.3,-4.2,6.5,,1.0998194,0.0025399986
1997-05-01,-1.8,-4.5,6.6,,1.0947394,0.012699993
1997-05-02,-1.2,-5.4,9.5,,1.1048994,0.007619996
1997-05-03,5.1,-5.0,14.4,,1.1074394,0.0050799972
1997-05-04,1.8,-1.7,5.6,,1.1125194,0.0
1997-05-05,4.5,-2.6,11.4,,1.1125194,0.012699993
1997-05-06,1.6,-1.9,5.8,,1.1252193,0.0025399986
1997-05-07,0.0,-4.6,7.9,,1.1074394,0.0025399986
1997-05-08,4.8,-4.9,14.0,,1.0921994,0.007619996
1997-05-09,10.4,3.7,18.1,,1.0972794,0.0025399986
1997-05-10,7.0,-0.8,13.3,,1.0820394,0.0
1997-05-11,6.6,-1.4,15.5,,1.0540994,0.0
1997-05-12,10.0,1.5,17.2,,1.0286994,0.0025399986
1997-05-13,8.7,2.4,17.0,,1.0058395,0.0025399986
1997-05-14,9.7,1.9,17.5,,0.9829795,0.0101599945
1997-05-15,12.4,6.2,20.3,,0.9601195,0.0025399986
1997-05-16,11.7,7.7,18.8,,0.9093195,0.0
1997-05-17,6.6,-2.4,12.1,,0.8889995,0.0
1997-05-18,-2.4,-5.7,4.7,,0.82549953,0.0
1997-05-19,6.5,-3.1,15.8,,0.7823196,0.0
1997-05-20,7.8,2.6,15.4,,0.7416796,0.0
1997-05-21,7.2,0.0,14.3,,0.7010396,0.0
1997-05-22,5.6,-1.6,15.1,,0.67055964,0.0
1997-05-23,4.7,0.2,13.9,,0.64261967,0.0
1997-05-24,1.7,-0.3,5.8,,0.62483966,0.0
1997-05-25,1.0,-0.4,3.9,,0.60705966,0.0101599945
1997-05-26,4.5,-0.3,12.0,,0.60451967,0.012699993
1997-05-27,5.0,1.5,11.1,,0.60959965,0.0050799972
1997-05-28,7.8,1.8,15.0,,0.58419967,0.0
1997-05-29,9.4,3.9,17.0,,0.5562597,0.0050799972
1997-05-30,9.6,5.8,17.6,,0.5257797,0.0
1997-05-31,11.0,3.8,20.6,,0.5054597,0.0
1997-06-01,6.6,3.2,12.2,,0.48005974,0.0025399986
1997-06-02,7.0,1.6,14.2,,0.41909978,0.0
1997-06-03,11.4,3.2,20.3,,0.3530598,0.0
1997-06-04,11.5,5.9,20.4,,0.31241983,0.0
1997-06-05,9.3,4.9,17.0,,0.28447986,0.0050799972
1997-06-06,7.6,4.1,13.7,,0.24637987,0.0
1997-06-07,10.4,1.7,18.5,,0.2082799,0.0025399986
1997-06-08,8.5,5.3,15.6,,0.1854199,0.0
1997-06-09,11.4,5.5,19.5,,0.1650999,0.0
1997-06-10,9.5,5.9,16.0,,0.14223993,0.0
1997-06-11,7.8,4.2,11.4,,0.12191994,0.007619996
1997-06-12,7.1,4.2,11.0,,0.086359955,0.017779991
1997-06-13,8.2,5.6,16.3,,0.073659964,0.007619996
1997-06-14,9.5,5.7,15.8,,0.050799973,0.0050799972
1997-06-15,12.5,6.9,18.6,,0.033019982,0.007619996
1997-06-16,8.5,7.4,10.7,,0.015239992,0.0
1997-06-17,10.5,7.1,17.9,,0.007619996,0.007619996
1997-06-18,8.4,4.2,13.4,,0.007619996,0.0
1997-06-19,4.3,0.7,8.6,,0.0050799972,0.0
1997-06-20,4.6,1.4,8.9,,0.0050799972,0.0
1997-06-21,9.5,0.6,16.6,,0.0025399986,0.0050799972
1997-06-22,6.6,2.2,12.5,,0.0,0.0
1997-06-23,5.4,0.5,11.0,,0.0,0.0
1997-06-24,2.4,-0.1,5.6,,0.0,0.0
1997-06-25,9.4,0.0,17.9,,0.0,0.0025399986
1997-06-26,13.8,7.8,20.0,,0.0,0.0
1997-06-27,12.0,7.2,18.6,,0.0,0.0
1997-06-28,13.4,6.0,21.6,,0.0,0.0
1997-06-29,6.2,3.2,10.9,,0.0,0.0
1997-06-30,3.1,1.0,7.8,,0.0,0.0101599945
1997-07-01,4.6,1.9,9.1,,0.0,0.007619996
1997-07-02,5.9,0.5,11.8,,0.0,0.0050799972
1997-07-03,9.4,1.4,17.7,,0.0,0.007619996
1997-07-04,12.0,5.9,19.8,,0.0,0.0050799972
1997-07-05,14.3,6.2,23.4,,0.0,0.0050799972
1997-07-06,11.9,7.3,17.2,,0.0,0.0
1997-07-07,12.0,5.9,18.1,,0.0,0.0
1997-07-08,14.2,8.7,21.5,,0.0,0.0
1997-07-09,12.3,7.8,17.2,,0.0,0.0
1997-07-10,6.9,1.5,11.5,,0.0,0.0
1997-07-11,6.6,1.5,13.4,,0.0,0.0
1997-07-12,8.9,3.1,16.1,,0.0,0.0
1997-07-13,12.0,5.9,17.7,,0.0,0.0
1997-07-14,16.3,8.8,24.7,,0.0,0.0
1997-07-15,16.7,10.4,23.5,,0.0,0.0
1997-07-16,16.2,9.7,22.8,,0.0,0.0
1997-07-17,12.9,9.0,17.7,,0.0,0.0
1997-07-18,12.8,6.6,20.7,,0.0,0.0
1997-07-19,10.0,7.1,17.5,,0.0,0.0
1997-07-20,10.3,7.7,15.5,,0.0,0.0050799972
1997-07-21,16.0,8.3,24.4,,0.0,0.007619996
1997-07-22,16.1,9.3,22.4,,0.0,0.0
1997-07-23,15.1,8.6,21.6,,0.0,0.0
1997-07-24,14.5,9.0,21.3,,0.0,0.0
1997-07-25,13.4,7.6,19.8,,0.0,0.0
1997-07-26,12.1,5.3,19.5,,0.0,0.0
1997-07-27,14.8,7.1,25.0,,0.0,0.0
1997-07-28,15.3,8.8,22.6,,0.0,0.0025399986
1997-07-29,13.6,9.7,16.6,,0.0,0.0
1997-07-30,15.1,9.4,21.7,,0.0,0.0
1997-07-31,15.6,10.3,23.2,,0.0,0.0
1997-08-01,14.6,9.5,24.1,,0.0,0.0025399986
1997-08-02,16.3,8.3,23.7,,0.0,0.0
1997-08-03,19.4,11.4,28.0,,0.0,0.0025399986
1997-08-04,19.3,15.0,24.8,,0.0,0.0
1997-08-05,14.7,10.4,20.9,,0.0,0.0025399986
1997-08-06,17.7,11.8,25.4,,0.0,0.0
1997-08-07,15.5,9.7,24.1,,0.0,0.0050799972
1997-08-08,9.1,2.2,14.7,,0.0,0.0
1997-08-09,3.5,-0.2,9.6,,0.0,0.0
1997-08-10,6.9,0.8,15.1,,0.0,0.0
1997-08-11,11.9,5.1,19.4,,0.0,0.0
1997-08-12,14.0,6.7,21.4,,0.0,0.0025399986
1997-08-13,12.6,9.2,17.5,,0.0,0.0
1997-08-14,14.2,7.0,20.6,,0.0,0.0
1997-08-15,6.9,3.7,12.8,,0.0,0.007619996
1997-08-16,5.3,4.0,7.7,,0.0050799972,0.0025399986
1997-08-17,10.7,3.6,18.4,,0.0050799972,0.0
1997-08-18,11.0,7.2,18.4,,0.0,0.0
1997-08-19,13.0,7.6,20.5,,0.0,0.0025399986
1997-08-20,14.8,8.6,22.5,,0.0,0.007619996
1997-08-21,14.6,7.9,21.2,,0.0,0.0
1997-08-22,17.6,11.9,24.2,,0.0,0.0025399986
1997-08-23,18.5,12.5,26.8,,0.0,0.0
1997-08-24,9.4,5.6,15.3,,0.0,0.007619996
1997-08-25,12.8,4.4,20.9,,0.0,0.0
1997-08-26,16.8,10.2,26.3,,0.0,0.0
1997-08-27,15.7,10.0,23.0,,0.0,0.0
1997-08-28,13.4,6.9,22.0,,0.0,0.0
1997-08-29,10.1,5.4,16.0,,0.0,0.0
1997-08-30,13.5,6.2,21.2,,0.0,0.0
1997-08-31,14.3,5.9,23.2,,0.0,0.0025399986
1997-09-01,12.8,5.1,21.4,,0.0,0.0
1997-09-02,15.1,9.7,24.7,,0.0,0.0050799972
1997-09-03,12.8,7.7,20.4,,0.0,0.007619996
1997-09-04,11.2,6.6,16.6,,0.0,0.0
1997-09-05,12.9,6.6,21.0,,0.0,0.0
1997-09-06,11.6,6.9,16.6,,0.0,0.0
1997-09-07,12.8,7.5,19.4,,0.0,0.0
1997-09-08,11.0,4.2,20.4,,0.0,0.0
1997-09-09,15.6,8.5,22.9,,0.0,0.0025399986
1997-09-10,14.8,8.6,22.0,,0.0,0.0
1997-09-11,11.1,7.3,16.4,,0.0,0.0
1997-09-12,5.7,4.1,8.0,,0.0,0.0
1997-09-13,9.2,3.6,17.7,,0.0,0.0050799972
1997-09-14,10.2,4.9,20.2,,0.0,0.0050799972
1997-09-15,4.5,0.4,12.4,,0.0,0.0101599945
1997-09-16,0.9,-0.7,3.2,,0.0,0.012699993
1997-09-17,5.0,-0.5,11.8,,0.0,0.0050799972
1997-09-18,1.7,-1.5,8.4,,0.0,0.0
1997-09-19,3.5,-3.1,11.9,,0.0,0.0
1997-09-20,6.8,0.7,15.5,,0.0,0.0
1997-09-21,8.4,2.2,17.2,,0.0,0.0025399986
1997-09-22,10.2,3.7,18.0,,0.0,0.0
1997-09-23,12.3,5.6,21.0,,0.0,0.0
1997-09-24,14.3,8.6,23.1,,0.0,0.0025399986
1997-09-25,14.0,9.4,19.7,,0.0,0.0
1997-09-26,8.7,0.5,16.5,,0.0,0.012699993
1997-09-27,0.4,-0.4,1.6,,0.0,0.0101599945
1997-09-28,3.5,-0.3,7.0,,0.0,0.0025399986
1997-09-29,9.8,4.3,16.1,,0.0,0.0025399986
1997-09-30,13.3,8.2,19.9,,0.0,0.0
1997-10-01,14.0,9.2,19.3,,0.0,0.0
1997-10-02,6.4,1.2,13.1,,0.0,0.0
1997-10-03,1.9,-0.7,5.1,,0.0,0.007619996
1997-10-04,1.5,0.1,3.5,,0.0,0.015239992
1997-10-05,-0.2,-1.9,1.6,,0.0,0.0025399986
1997-10-06,0.5,-4.3,5.3,,0.0,0.0025399986
1997-10-07,-0.6,-2.6,1.8,,0.0025399986,0.007619996
1997-10-08,-3.2,-4.8,-1.3,,0.0050799972,0.0025399986
1997-10-09,-0.8,-2.7,1.8,,0.0050799972,0.0101599945
1997-10-10,0.5,-3.7,7.4,,0.012699993,0.0025399986
1997-10-11,-2.6,-4.5,-0.2,,0.012699993,0.0
1997-10-12,-5.3,-6.5,-2.5,,0.012699993,0.0025399986
1997-10-13,-0.4,-5.7,4.1,,0.015239992,0.0025399986
1997-10-14,3.9,0.5,7.9,,0.015239992,0.0
1997-10-15,7.1,1.9,11.6,,0.0101599945,0.0025399986
1997-10-16,12.0,8.8,16.6,,0.0,0.0
1997-10-17,9.5,4.7,13.7,,0.0,0.0
1997-10-18,1.4,-2.5,7.5,,0.0,0.0
1997-10-19,-0.5,-4.0,6.9,,0.0,0.0
1997-10-20,0.7,-4.1,7.1,,0.0,0.0
1997-10-21,4.1,0.4,8.7,,0.0,0.0
1997-10-22,1.7,-1.3,5.7,,0.0,0.0
1997-10-23,-3.3,-6.4,0.1,,0.0,0.022859987
1997-10-24,-7.6,-11.4,-1.1,,0.022859987,0.0
1997-10-25,-4.4,-11.6,-0.8,,0.022859987,0.0050799972
1997-10-26,2.0,-2.2,6.4,,0.022859987,0.0
1997-10-27,-1.1,-3.0,1.0,,0.022859987,0.0
1997-10-28,-0.2,-2.5,2.8,,0.022859987,0.0
1997-10-29,-0.8,-2.8,0.8,,0.022859987,0.015239992
1997-10-30,-0.7,-2.4,0.9,,0.038099978,0.038099978
1997-10-31,-1.7,-2.5,0.5,,0.076199956,0.022859987
1997-11-01,-2.5,-6.1,1.7,,0.086359955,0.0
1997-11-02,-2.0,-7.5,3.2,,0.086359955,0.0
1997-11-03,1.5,-1.8,5.9,,0.086359955,0.007619996
1997-11-04,0.7,-1.6,5.1,,0.086359955,0.0025399986
1997-11-05,5.2,-0.2,9.2,,0.088899955,0.0025399986
1997-11-06,7.2,3.2,12.9,,0.088899955,0.0025399986
1997-11-07,-0.4,-7.3,5.2,,0.09143995,0.0
1997-11-08,-6.8,-8.5,-2.1,,0.09143995,0.0
1997-11-09,-7.1,-10.3,-0.2,,0.09143995,0.0
1997-11-10,-5.8,-11.1,2.2,,0.09143995,0.0
1997-11-11,-5.6,-10.7,2.2,,0.09143995,0.0
1997-11-12,-3.9,-7.8,2.5,,0.09143995,0.0
1997-11-13,-6.7,-13.0,1.8,,0.09143995,0.0
1997-11-14,-9.2,-13.7,-2.3,,0.09143995,0.0
1997-11-15,-5.3,-10.4,1.4,,0.09143995,0.0050799972
1997-11-16,-3.0,-6.3,1.5,,0.09651995,0.0
1997-11-17,-3.7,-4.6,-2.2,,0.09651995,0.0050799972
1997-11-18,-4.4,-6.5,-2.5,,0.09651995,0.0
1997-11-19,-3.9,-6.1,-1.2,,0.09651995,0.007619996
1997-11-20,-3.7,-4.9,-2.3,,0.10159995,0.027939985
1997-11-21,-5.5,-6.8,-3.0,,0.12953994,0.0025399986
1997-11-22,-6.0,-8.5,-1.2,,0.12953994,0.0025399986
1997-11-23,-1.7,-4.1,0.2,,0.12953994,0.0050799972
1997-11-24,-2.4,-5.7,0.6,,0.13461992,0.012699993
1997-11-25,-5.3,-10.0,-2.5,,0.14731993,0.0025399986
1997-11-26,-4.4,-9.2,1.1,,0.14985992,0.0050799972
1997-11-27,-3.4,-5.1,-1.6,,0.14985992,0.0
1997-11-28,-1.1,-3.1,3.7,,0.14985992,0.0
1997-11-29,-1.1,-4.6,5.2,,0.14985992,0.0
1997-11-30,-1.8,-5.0,2.8,,0.14985992,0.0
1997-12-01,-6.2,-11.0,-1.2,,0.14985992,0.0
1997-12-02,-8.0,-11.5,0.1,,0.14985992,0.0
1997-12-03,-0.8,-9.6,6.6,,0.14985992,0.0
1997-12-04,-3.6,-9.2,4.9,,0.14985992,0.0
1997-12-05,-6.3,-10.7,1.4,,0.14985992,0.0
1997-12-06,-2.5,-8.2,4.6,,0.14985992,0.0
1997-12-07,-2.6,-6.3,4.5,,0.14985992,0.0
1997-12-08,-4.7,-8.2,1.0,,0.14985992,0.0025399986
1997-12-09,-9.5,-11.6,-7.1,,0.15239991,0.0
1997-12-10,-9.5,-12.7,-4.1,,0.15239991,0.0
1997-12-11,-6.0,-10.0,-2.6,,0.15239991,0.0
1997-12-12,0.7,-2.7,3.5,,0.15239991,0.0025399986
1997-12-13,3.6,-0.8,8.0,,0.15493992,0.0025399986
1997-12-14,1.8,-2.0,6.1,,0.15493992,0.0
1997-12-15,-5.3,-7.3,-2.1,,0.15493992,0.0050799972
1997-12-16,-2.2,-5.3,-0.4,,0.16001992,0.007619996
1997-12-17,-4.4,-7.7,-0.6,,0.16763991,0.017779991
1997-12-18,-8.6,-12.6,-3.6,,0.1854199,0.0025399986
1997-12-19,-10.2,-12.9,-6.7,,0.1879599,0.0
1997-12-20,-4.6,-8.5,-0.2,,0.1879599,0.0050799972
1997-12-21,-9.3,-12.7,-6.2,,0.1904999,0.0
1997-12-22,-11.5,-12.8,-9.1,,0.1904999,0.0
1997-12-23,-10.9,-11.8,-9.6,,0.1904999,0.0
1997-12-24,-10.5,-15.1,-2.5,,0.1904999,0.0
1997-12-25,-12.6,-16.5,-7.1,,0.1904999,0.0
1997-12-26,-6.5,-15.0,-0.6,,0.1904999,0.0025399986
1997-12-27,-9.5,-10.7,-5.1,,0.1904999,0.012699993
1997-12-28,-6.0,-10.2,-1.9,,0.2031999,0.0050799972
1997-12-29,-0.6,-2.3,1.2,,0.2082799,0.007619996
1997-12-30,-0.7,-2.4,1.7,,0.21335988,0.0
1997-12-31,0.6,-1.9,5.1,,0.21335988,0.0025399986
1998-01-01,0.1,-1.5,5.0,,0.21589988,0.012699993
1998-01-02,-6.1,-13.7,-1.1,,0.22859988,0.007619996
1998-01-03,-6.2,-12.2,-3.3,,0.23621987,0.0101599945
1998-01-04,-4.7,-8.6,1.3,,0.24637987,0.0050799972
1998-01-05,-7.8,-9.1,-3.0,,0.25145987,0.0025399986
1998-01-06,-7.7,-9.1,-4.0,,0.25399986,0.0025399986
1998-01-07,-7.9,-10.5,-5.4,,0.25399986,0.0101599945
1998-01-08,-16.6,-23.7,-10.6,,0.26415986,0.0
1998-01-09,-18.6,-24.2,-8.6,,0.26415986,0.0
1998-01-10,-27.0,-29.8,-23.3,,0.26415986,0.0
1998-01-11,-23.2,-29.8,-14.3,,0.26415986,0.0
1998-01-12,-12.3,-18.8,-6.3,,0.26415986,0.007619996
1998-01-13,-5.9,-6.8,-4.7,,0.26669985,0.015239992
1998-01-14,-4.8,-7.1,-2.8,,0.28193983,0.015239992
1998-01-15,-6.8,-8.1,-4.9,,0.29463986,0.0101599945
1998-01-16,-6.9,-9.0,-4.8,,0.30479982,0.0025399986
1998-01-17,-4.0,-5.6,-3.1,,0.30733985,0.012699993
1998-01-18,-2.2,-4.6,4.1,,0.32003984,0.0025399986
1998-01-19,-2.9,-5.8,1.8,,0.32257983,0.0025399986
1998-01-20,-6.1,-7.7,-3.3,,0.32511982,0.0050799972
1998-01-21,-7.7,-8.9,-4.8,,0.3301998,0.0050799972
1998-01-22,-7.6,-9.7,-4.5,,0.33273983,0.0025399986
1998-01-23,-3.9,-8.9,-0.3,,0.33527982,0.0025399986
1998-01-24,-3.9,-4.7,-1.7,,0.3378198,0.012699993
1998-01-25,-4.0,-5.4,-1.5,,0.3505198,0.0050799972
1998-01-26,-1.8,-4.8,0.4,,0.35559982,0.0050799972
1998-01-27,-3.2,-6.0,-1.0,,0.3581398,0.012699993
1998-01-28,-3.6,-7.4,0.3,,0.3708398,0.0050799972
1998-01-29,0.3,-3.6,7.8,,0.3708398,0.0
1998-01-30,-3.1,-7.2,1.0,,0.3708398,0.0
1998-01-31,-4.2,-9.7,3.3,,0.3708398,0.0
1998-02-01,-4.7,-8.6,3.7,,0.3708398,0.0
1998-02-02,-4.8,-9.1,3.7,,0.3708398,0.0
1998-02-03,-0.5,-7.0,7.2,,0.3708398,0.0025399986
1998-02-04,2.9,-1.6,12.6,,0.3708398,0.0
1998-02-05,1.0,-1.8,5.8,,0.3708398,0.0
1998-02-06,-0.8,-5.7,7.0,,0.3708398,0.0
1998-02-07,-0.8,-3.1,2.8,,0.3708398,0.0
1998-02-08,-2.8,-6.1,2.1,,0.3708398,0.0
1998-02-09,-4.6,-7.4,-0.9,,0.3708398,0.0
1998-02-10,-5.6,-11.5,-0.2,,0.3708398,0.0025399986
1998-02-11,-5.2,-7.2,-1.4,,0.3733798,0.0
1998-02-12,-4.2,-8.4,-0.4,,0.3733798,0.0025399986
1998-02-13,-4.2,-7.1,-1.9,,0.3733798,0.0050799972
1998-02-14,-4.2,-8.9,1.8,,0.37845978,0.0050799972
1998-02-15,-3.5,-6.2,1.8,,0.3809998,0.0
1998-02-16,-5.4,-8.6,0.3,,0.3809998,0.0
1998-02-17,-4.3,-9.8,3.1,,0.3809998,0.0
1998-02-18,-4.3,-6.7,1.5,,0.3809998,0.0
1998-02-19,-1.4,-4.8,6.5,,0.3809998,0.0025399986
1998-02-20,-1.4,-5.8,5.3,,0.3809998,0.0
1998-02-21,-2.6,-6.2,1.4,,0.3809998,0.0025399986
1998-02-22,-6.3,-8.5,-0.9,,0.3835398,0.0025399986
1998-02-23,-6.8,-10.4,-1.5,,0.3860798,0.0
1998-02-24,-8.4,-12.2,-4.9,,0.3860798,0.0025399986
1998-02-25,-9.0,-12.6,-0.9,,0.38861978,0.0
1998-02-26,-9.1,-13.6,-2.6,,0.38861978,0.0025399986
1998-02-27,-9.5,-14.0,-2.2,,0.3911598,0.0
1998-02-28,-8.6,-14.7,-2.1,,0.3911598,0.0025399986
1998-03-01,-3.8,-9.3,3.0,,0.3911598,0.0
1998-03-02,-0.5,-4.7,7.4,,0.3911598,0.0025399986
1998-03-03,-5.8,-10.8,-1.0,,0.3911598,0.0101599945
1998-03-04,-12.3,-18.2,-6.3,,0.40131977,0.0025399986
1998-03-05,-13.5,-16.6,-6.2,,0.4038598,0.0025399986
1998-03-06,-16.1,-20.6,-10.3,,0.4063998,0.0
1998-03-07,-13.0,-19.3,-4.5,,0.4063998,0.0025399986
1998-03-08,-10.0,-16.2,-3.4,,0.4063998,0.0025399986
1998-03-09,-5.9,-9.9,-1.6,,0.40893978,0.007619996
1998-03-10,-5.7,-15.1,1.2,,0.41401976,0.0050799972
1998-03-11,-1.5,-4.8,2.4,,0.4165598,0.0025399986
1998-03-12,2.7,-3.1,9.9,,0.4165598,0.0050799972
1998-03-13,4.6,-1.9,11.9,,0.42163977,0.0025399986
1998-03-14,2.3,-1.9,7.3,,0.42417976,0.0
1998-03-15,1.4,-1.4,6.2,,0.42417976,0.0025399986
1998-03-16,-1.5,-7.6,5.2,,0.42671975,0.0025399986
1998-03-17,-8.3,-13.9,-4.2,,0.42925978,0.007619996
1998-03-18,-8.7,-16.5,0.6,,0.43687975,0.0025399986
1998-03-19,-3.9,-12.0,4.3,,0.43941978,0.0025399986
1998-03-20,0.3,-3.8,8.1,,0.43941978,0.0025399986
1998-03-21,2.4,-4.1,9.4,,0.43941978,0.0025399986
1998-03-22,2.3,0.1,5.1,,0.43941978,0.007619996
1998-03-23,1.7,-0.2,4.3,,0.44449976,0.015239992
1998-03-24,1.2,-2.9,6.6,,0.45211977,0.0050799972
1998-03-25,0.9,-1.9,6.1,,0.45211977,0.0
1998-03-26,-2.8,-5.4,0.1,,0.45211977,0.0
1998-03-27,-5.2,-8.2,-0.5,,0.45211977,0.0
1998-03-28,-6.5,-11.1,3.7,,0.45211977,0.0025399986
1998-03-29,-6.4,-9.1,-1.1,,0.45465976,0.0
1998-03-30,-1.1,-7.7,6.0,,0.45465976,0.0050799972
1998-03-31,1.6,-4.0,8.3,,0.45719975,0.0
1998-04-01,2.3,-3.3,9.4,,0.45211977,0.0
1998-04-02,2.3,-3.3,11.8,,0.44703975,0.0
1998-04-03,2.8,-1.9,11.1,,0.44449976,0.0
1998-04-04,0.1,-3.0,7.4,,0.43687975,0.007619996
1998-04-05,-2.8,-4.6,-0.4,,0.44195977,0.0
1998-04-06,-1.9,-4.2,2.6,,0.44195977,0.0025399986
1998-04-07,-1.7,-6.2,5.6,,0.44449976,0.0025399986
1998-04-08,-2.3,-5.9,5.5,,0.44703975,0.0025399986
1998-04-09,-1.8,-7.8,6.2,,0.44957975,0.0
1998-04-10,-0.5,-5.6,5.9,,0.44957975,0.0050799972
1998-04-11,0.6,-4.0,6.2,,0.44957975,0.0
1998-04-12,-3.9,-8.7,0.5,,0.44957975,0.0050799972
1998-04-13,-2.7,-8.6,4.4,,0.45465976,0.0050799972
1998-04-14,-5.0,-7.5,-2.1,,0.45465976,0.0
1998-04-15,-4.0,-7.4,0.5,,0.45465976,0.0025399986
1998-04-16,-2.6,-6.8,4.5,,0.45719975,0.0050799972
1998-04-17,-3.0,-5.9,5.0,,0.46227974,0.0050799972
1998-04-18,0.6,-6.6,7.8,,0.46735975,0.0025399986
1998-04-19,0.8,-2.7,7.8,,0.46989974,0.0
1998-04-20,4.3,-3.6,12.3,,0.46481976,0.0025399986
1998-04-21,8.0,0.8,14.4,,0.45973974,0.0050799972
1998-04-22,10.8,3.3,18.8,,0.45211977,0.0
1998-04-23,9.7,5.2,18.6,,0.43433976,0.0
1998-04-24,0.0,-3.6,5.4,,0.41401976,0.0
1998-04-25,-1.4,-4.4,4.0,,0.40893978,0.0
1998-04-26,1.9,-4.4,9.0,,0.4038598,0.0025399986
1998-04-27,7.1,-1.7,16.3,,0.39877978,0.0
1998-04-28,9.7,2.7,16.6,,0.37845978,0.0
1998-04-29,10.5,5.9,17.0,,0.35559982,0.0
1998-04-30,9.3,2.1,16.8,,0.33527982,0.0
1998-05-01,8.1,0.9,17.2,,0.31241983,0.0
1998-05-02,11.8,3.3,21.8,,0.29463986,0.0
1998-05-03,11.3,3.5,17.6,,0.26669985,0.0
1998-05-04,7.5,-0.5,15.6,,0.23621987,0.0
1998-05-05,10.1,1.4,18.1,,0.21081989,0.0
1998-05-06,7.9,0.9,17.7,,0.1854199,0.0
1998-05-07,9.4,1.8,18.3,,0.15747991,0.0
1998-05-08,8.3,0.9,15.3,,0.13461992,0.0
1998-05-09,5.6,-1.0,13.5,,0.10413995,0.0
1998-05-10,3.8,-0.3,10.3,,0.071119964,0.0
1998-05-11,4.7,0.9,11.2,,0.06095997,0.0
1998-05-12,7.7,1.0,15.1,,0.048259974,0.0
1998-05-13,5.1,1.8,9.8,,0.027939985,0.0
1998-05-14,1.2,-1.9,4.1,,0.020319989,0.0
1998-05-15,0.7,-2.2,5.5,,0.015239992,0.0025399986
1998-05-16,4.3,-2.9,12.2,,0.0101599945,0.0050799972
1998-05-17,0.5,-1.6,5.9,,0.0050799972,0.017779991
1998-05-18,0.4,-1.9,3.7,,0.0101599945,0.0050799972
1998-05-19,6.7,-2.7,15.6,,0.0050799972,0.0025399986
1998-05-20,8.7,2.6,17.6,,0.0025399986,0.0050799972
1998-05-21,5.5,4.2,7.9,,0.0,0.015239992
1998-05-22,3.5,0.3,9.1,,0.0,0.007619996
1998-05-23,4.1,-0.5,10.4,,0.0,0.0
1998-05-24,6.5,1.4,12.9,,0.0,0.0
1998-05-25,10.0,3.5,17.5,,0.0,0.0050799972
1998-05-26,9.6,1.8,17.4,,0.0,0.012699993
1998-05-27,1.3,-1.3,7.2,,0.0,0.0025399986
1998-05-28,4.6,-1.4,12.6,,0.0,0.0025399986
1998-05-29,7.6,1.8,18.2,,0.0,0.0
1998-05-30,2.8,0.3,8.4,,0.0,0.012699993
1998-05-31,5.4,-0.4,10.8,,0.0,0.0025399986
1998-06-01,5.2,-1.4,11.9,,0.0,0.0025399986
1998-06-02,0.5,-3.2,7.4,,0.0,0.0
1998-06-03,1.3,-2.1,5.2,,0.0,0.0
1998-06-04,3.6,-2.0,9.8,,0.0,0.0025399986
1998-06-05,4.0,-1.7,13.0,,0.0,0.0
1998-06-06,5.1,1.0,11.2,,0.0,0.0025399986
1998-06-07,2.7,0.9,6.1,,0.0,0.0
1998-06-08,2.6,-0.6,7.6,,0.0,0.0
1998-06-09,7.9,-0.8,15.8,,0.0,0.007619996
1998-06-10,7.1,5.2,11.7,,0.0,0.012699993
1998-06-11,8.6,5.6,16.0,,0.0,0.0050799972
1998-06-12,9.7,5.4,17.6,,0.0,0.0
1998-06-13,6.8,2.7,14.3,,0.0,0.0101599945
1998-06-14,5.3,0.9,10.2,,0.0,0.0050799972
1998-06-15,2.9,0.2,5.0,,0.0,0.015239992
1998-06-16,2.2,-1.0,7.5,,0.0,0.027939985
1998-06-17,4.4,1.5,8.8,,0.0,0.0050799972
1998-06-18,8.3,3.2,15.4,,0.0,0.0025399986
1998-06-19,3.2,0.4,5.8,,0.0,0.033019982
1998-06-20,5.0,1.7,12.0,,0.0,0.0025399986
1998-06-21,9.6,1.8,17.2,,0.0,0.0025399986
1998-06-22,10.4,4.2,18.6,,0.0,0.0025399986
1998-06-23,8.9,5.3,15.0,,0.0,0.0
1998-06-24,8.8,5.5,15.7,,0.0,0.0050799972
1998-06-25,7.8,3.7,12.9,,0.0,0.007619996
1998-06-26,2.0,0.1,4.1,,0.0,0.027939985
1998-06-27,3.5,0.9,6.4,,0.0,0.007619996
1998-06-28,8.9,1.1,16.1,,0.0,0.0
1998-06-29,12.2,6.2,19.9,,0.0,0.0025399986
1998-06-30,12.2,6.9,19.9,,0.0,0.0
1998-07-01,12.5,6.7,19.6,,0.0,0.0
1998-07-02,11.1,5.5,16.7,,0.0,0.0050799972
1998-07-03,7.2,4.3,10.7,,0.0,0.015239992
1998-07-04,8.8,4.3,14.8,,0.0,0.0050799972
1998-07-05,8.8,5.2,12.7,,0.0,0.0025399986
1998-07-06,13.1,8.3,18.6,,0.0,0.0
1998-07-07,16.3,10.0,22.8,,0.0,0.0
1998-07-08,16.4,11.4,22.4,,0.0,0.0
1998-07-09,18.4,11.4,25.6,,0.0,0.0
1998-07-10,16.4,9.9,24.3,,0.0,0.0025399986
1998-07-11,12.1,8.3,16.5,,0.0,0.0050799972
1998-07-12,12.6,8.6,16.5,,0.0,0.0
1998-07-13,14.2,10.4,18.5,,0.0,0.0
1998-07-14,14.4,9.4,20.5,,0.0,0.0
1998-07-15,17.7,10.7,24.4,,0.0,0.0
1998-07-16,19.5,14.1,25.0,,0.0,0.0
1998-07-17,21.5,17.1,27.0,,0.0,0.0
1998-07-18,20.0,16.0,25.4,,0.0,0.0
1998-07-19,18.7,12.2,23.8,,0.0,0.0
1998-07-20,16.4,11.9,22.0,,0.0,0.0
1998-07-21,13.2,7.2,20.5,,0.0,0.0
1998-07-22,14.1,7.6,21.7,,0.0,0.0
1998-07-23,16.5,11.0,23.2,,0.0,0.0
1998-07-24,15.1,11.2,20.8,,0.0,0.0025399986
1998-07-25,18.3,12.0,24.7,,0.0,0.0
1998-07-26,20.3,14.9,26.7,,0.0,0.0
1998-07-27,20.5,15.8,26.0,,0.0,0.0
1998-07-28,15.5,11.4,22.2,,0.0,0.0
1998-07-29,13.1,9.9,17.2,,0.0,0.0050799972
1998-07-30,14.0,9.5,21.0,,0.0,0.0025399986
1998-07-31,14.8,9.0,22.1,,0.0,0.0
1998-08-01,10.9,8.7,13.7,,0.0,0.0
1998-08-02,12.0,9.6,16.1,,0.0,0.007619996
1998-08-03,13.8,8.6,20.2,,0.0,0.0
1998-08-04,18.0,10.8,25.0,,0.0,0.0
1998-08-05,21.6,15.1,26.9,,0.0,0.0
1998-08-06,20.3,14.5,26.2,,0.0,0.0
1998-08-07,16.0,11.1,23.2,,0.0,0.0
1998-08-08,15.3,8.8,21.5,,0.0,0.0
1998-08-09,18.5,13.1,24.2,,0.0,0.0
1998-08-10,18.2,13.2,24.5,,0.0,0.0025399986
1998-08-11,18.6,14.5,24.5,,0.0,0.0
1998-08-12,18.2,12.5,23.9,,0.0,0.0
1998-08-13,18.5,13.0,25.4,,0.0,0.0
1998-08-14,18.5,12.9,25.1,,0.0,0.0
1998-08-15,17.8,13.8,22.9,,0.0,0.0
1998-08-16,15.2,10.5,20.2,,0.0,0.0
1998-08-17,11.9,7.6,18.6,,0.0,0.0
1998-08-18,11.4,7.7,16.7,,0.0,0.0
1998-08-19,12.8,6.0,20.1,,0.0,0.0
1998-08-20,15.2,9.1,25.4,,0.0,0.0050799972
1998-08-21,14.8,8.8,22.6,,0.0,0.0050799972
1998-08-22,13.3,9.4,18.8,,0.0,0.0
1998-08-23,11.6,6.0,20.6,,0.0,0.007619996
1998-08-24,9.1,5.3,14.4,,0.0,0.0
1998-08-25,13.6,7.9,19.5,,0.0,0.0
1998-08-26,13.9,9.2,17.7,,0.0,0.0
1998-08-27,13.9,8.2,19.0,,0.0,0.0
1998-08-28,17.9,13.1,24.0,,0.0,0.0
1998-08-29,20.0,14.6,26.7,,0.0,0.0025399986
1998-08-30,18.2,12.9,24.6,,0.0,0.0
1998-08-31,16.8,12.4,23.0,,0.0,0.0
1998-09-01,19.1,12.7,25.2,,0.0,0.0
1998-09-02,19.4,14.9,25.1,,0.0,0.0
1998-09-03,20.2,14.0,26.6,,0.0,0.0
1998-09-04,20.3,15.0,27.1,,0.0,0.0
1998-09-05,20.7,15.1,28.3,,0.0,0.0
1998-09-06,19.5,13.8,26.3,,0.0,0.0025399986
1998-09-07,18.8,13.4,25.7,,0.0,0.0025399986
1998-09-08,13.5,10.7,16.9,,0.0,0.0
1998-09-09,12.8,10.8,17.2,,0.0,0.0025399986
1998-09-10,11.1,8.2,16.9,,0.0,0.0
1998-09-11,12.7,7.6,18.0,,0.0,0.0
1998-09-12,13.3,7.9,19.7,,0.0,0.0
1998-09-13,13.7,10.0,20.0,,0.0,0.0
1998-09-14,15.3,9.0,20.3,,0.0,0.0
1998-09-15,18.2,13.1,24.4,,0.0,0.0
1998-09-16,17.0,11.6,23.0,,0.0,0.0
1998-09-17,16.7,12.0,24.2,,0.0,0.0
1998-09-18,9.9,4.5,14.7,,0.0,0.0
1998-09-19,4.7,2.1,9.7,,0.0,0.0
1998-09-20,2.3,-0.5,5.7,,0.0,0.0025399986
1998-09-21,6.4,-0.4,14.0,,0.0,0.0
1998-09-22,8.4,3.9,15.1,,0.0,0.0
1998-09-23,9.6,4.5,14.7,,0.0,0.0050799972
1998-09-24,9.3,6.3,14.6,,0.0,0.0
1998-09-25,4.5,2.6,6.0,,0.0,0.0025399986
1998-09-26,5.6,2.3,10.6,,0.0,0.0050799972
1998-09-27,8.8,3.5,14.0,,0.0,0.0
1998-09-28,10.7,5.1,15.3,,0.0,0.0
1998-09-29,9.1,3.0,16.9,,0.0,0.0
1998-09-30,6.7,2.6,13.6,,0.0,0.0
1998-10-01,11.1,4.5,18.0,,0.0,0.0
1998-10-02,3.4,-1.1,9.1,,0.0,0.007619996
1998-10-03,0.7,-1.8,5.0,,0.0,0.0
1998-10-04,1.1,-2.5,6.7,,0.0,0.0
1998-10-05,1.6,-1.2,6.1,,0.0,0.0
1998-10-06,7.6,2.7,13.2,,0.0,0.0
1998-10-07,11.1,6.4,16.8,,0.0,0.0
1998-10-08,7.8,3.1,13.4,,0.0,0.0
1998-10-09,3.6,0.6,8.8,,0.0,0.017779991
1998-10-10,-0.1,-2.3,2.0,,0.017779991,0.012699993
1998-10-11,1.0,-3.6,6.0,,0.020319989,0.0
1998-10-12,7.8,0.7,13.6,,0.017779991,0.0025399986
1998-10-13,6.5,2.0,12.3,,0.015239992,0.0
1998-10-14,2.1,-0.2,6.1,,0.0050799972,0.0
1998-10-15,-0.7,-2.6,1.7,,0.0025399986,0.0
1998-10-16,-0.1,-3.5,5.4,,0.0025399986,0.0
1998-10-17,0.0,-3.4,3.6,,0.0,0.0
1998-10-18,1.4,0.1,5.4,,0.0,0.0
1998-10-19,2.4,-0.5,8.4,,0.0,0.0025399986
1998-10-20,4.5,-1.5,11.6,,0.0025399986,0.0
1998-10-21,9.9,4.1,16.8,,0.0025399986,0.0
1998-10-22,9.6,5.8,15.6,,0.0025399986,0.0
1998-10-23,5.3,2.9,8.8,,0.0,0.0
1998-10-24,6.9,2.0,11.4,,0.0,0.0
1998-10-25,7.4,4.1,12.5,,0.0,0.0
1998-10-26,4.7,1.6,11.1,,0.0,0.0
1998-10-27,8.5,2.6,15.7,,0.0,0.0
1998-10-28,2.1,-3.4,8.1,,0.0,0.0
1998-10-29,-1.7,-3.5,2.3,,0.0,0.0
1998-10-30,-1.6,-7.3,5.9,,0.0,0.0
1998-10-31,2.8,-1.8,7.6,,0.0,0.0
1998-11-01,2.2,-0.8,5.1,,0.0,0.0
1998-11-02,0.1,-2.2,5.0,,0.0,0.0
1998-11-03,-1.2,-3.6,3.5,,0.0,0.0
1998-11-04,-0.7,-4.0,5.3,,0.0,0.0
1998-11-05,-1.8,-3.7,0.0,,0.0,0.0
1998-11-06,-5.2,-7.3,-1.9,,0.0,0.0
1998-11-07,-5.6,-7.5,-3.2,,0.0,0.0025399986
1998-11-08,-8.1,-11.6,-5.6,,0.0025399986,0.012699993
1998-11-09,-9.3,-12.4,-5.5,,0.015239992,0.0050799972
1998-11-10,-6.4,-8.2,-5.4,,0.015239992,0.0025399986
1998-11-11,-4.4,-5.6,-2.6,,0.017779991,0.0025399986
1998-11-12,-0.3,-3.1,1.8,,0.017779991,0.0
1998-11-13,1.7,-0.1,4.1,,0.017779991,0.038099978
1998-11-14,0.9,-0.6,2.4,,0.05587997,0.015239992
1998-11-15,2.3,-0.6,4.1,,0.066039965,0.007619996
1998-11-16,-1.8,-3.9,0.0,,0.073659964,0.007619996
1998-11-17,-3.2,-4.4,-0.9,,0.081279956,0.0101599945
1998-11-18,-4.4,-5.0,-3.8,,0.09143995,0.007619996
1998-11-19,-5.2,-6.3,-3.7,,0.09905995,0.0025399986
1998-11-20,-2.3,-5.7,0.1,,0.10159995,0.012699993
1998-11-21,-0.6,-2.4,0.3,,0.11429994,0.05587997
1998-11-22,-4.7,-6.2,-2.4,,0.1701799,0.0050799972
1998-11-23,-3.4,-7.1,0.7,,0.1752599,0.027939985
1998-11-24,-3.9,-6.2,-1.9,,0.2031999,0.007619996
1998-11-25,-1.9,-5.6,0.5,,0.21081989,0.0101599945
1998-11-26,1.2,-0.8,5.4,,0.22097988,0.0025399986
1998-11-27,-0.1,-1.0,1.0,,0.22351988,0.0050799972
1998-11-28,-1.2,-4.4,0.8,,0.22859988,0.012699993
1998-11-29,-4.6,-6.5,-1.4,,0.24129987,0.007619996
1998-11-30,-1.7,-4.7,1.1,,0.24891986,0.0050799972
1998-12-01,-2.2,-4.3,0.9,,0.25399986,0.0050799972
1998-12-02,-2.1,-4.6,0.8,,0.25907987,0.048259974
1998-12-03,-6.5,-8.0,-4.7,,0.30733985,0.0025399986
1998-12-04,-9.1,-11.4,-7.5,,0.30987984,0.0025399986
1998-12-05,-11.3,-12.2,-9.5,,0.31241983,0.0025399986
1998-12-06,-10.0,-11.6,-8.8,,0.31495982,0.0025399986
1998-12-07,-9.1,-10.2,-7.5,,0.31749982,0.0
1998-12-08,-7.3,-8.8,-5.0,,0.31749982,0.007619996
1998-12-09,-9.0,-9.8,-7.8,,0.32511982,0.0025399986
1998-12-10,-4.9,-8.7,-2.5,,0.32765982,0.0
1998-12-11,-1.7,-3.2,0.1,,0.32765982,0.0025399986
1998-12-12,-0.6,-1.6,2.0,,0.3301998,0.0050799972
1998-12-13,1.2,-1.9,4.0,,0.33527982,0.0
1998-12-14,-3.8,-8.7,1.7,,0.33527982,0.0
1998-12-15,-6.2,-9.2,-3.8,,0.33527982,0.0
1998-12-16,-1.1,-3.9,0.7,,0.33527982,0.0
1998-12-17,-2.3,-14.5,4.0,,0.33527982,0.0050799972
1998-12-18,-23.2,-29.1,-15.3,,0.3403598,0.0
1998-12-19,-31.5,-33.7,-28.5,,0.3403598,0.0
1998-12-20,-32.0,-35.3,-26.7,,0.3403598,0.0
1998-12-21,-25.6,-31.2,-20.4,,0.3403598,0.0025399986
1998-12-22,-21.2,-23.3,-18.6,,0.34289983,0.0025399986
1998-12-23,-18.7,-21.7,-16.0,,0.34543982,0.007619996
1998-12-24,-12.1,-16.3,-7.4,,0.3530598,0.012699993
1998-12-25,-5.1,-7.4,-3.1,,0.3657598,0.030479984
1998-12-26,-5.4,-7.6,-2.8,,0.3962398,0.027939985
1998-12-27,-6.2,-8.5,-2.4,,0.42163977,0.025399987
1998-12-28,-1.9,-2.5,-1.3,,0.44703975,0.012699993
1998-12-29,-1.1,-2.2,-0.1,,0.45973974,0.038099978
1998-12-30,-3.2,-4.9,-0.7,,0.49783972,0.012699993
1998-12-31,-3.4,-5.5,-1.3,,0.5105397,0.0050799972
1999-01-01,-7.3,-9.5,-4.1,,0.5156197,0.0025399986
1999-01-02,-9.7,-11.8,-7.9,,0.51815975,0.0
1999-01-03,-9.0,-11.2,-6.7,,0.51815975,0.0
1999-01-04,-4.2,-6.5,-2.3,,0.51815975,0.012699993
1999-01-05,-2.9,-3.6,-1.8,,0.5308597,0.025399987
1999-01-06,-1.9,-3.4,-0.1,,0.5562597,0.0050799972
1999-01-07,-4.7,-6.3,-2.8,,0.5613397,0.015239992
1999-01-08,-6.2,-7.5,-5.0,,0.5765797,0.015239992
1999-01-09,-4.6,-5.0,-4.0,,0.5918197,0.025399987
1999-01-10,-1.9,-4.8,0.7,,0.6172197,0.015239992
1999-01-11,-0.1,-2.2,1.3,,0.63245964,0.0050799972
1999-01-12,-3.9,-5.4,-2.2,,0.6375397,0.0050799972
1999-01-13,-4.0,-5.7,-2.1,,0.64261967,0.0
1999-01-14,-0.1,-2.5,1.8,,0.64261967,0.0050799972
1999-01-15,-5.5,-8.0,-0.2,,0.64769965,0.0101599945
1999-01-16,-6.5,-7.8,-4.0,,0.6578596,0.012699993
1999-01-17,-6.3,-7.4,-4.4,,0.67055964,0.012699993
1999-01-18,-3.5,-4.6,-1.6,,0.6832596,0.0101599945
1999-01-19,-3.7,-4.7,-2.0,,0.69341964,0.0050799972
1999-01-20,-4.3,-6.7,-0.7,,0.6984996,0.0101599945
1999-01-21,-5.3,-6.3,-3.4,,0.7086596,0.012699993
1999-01-22,-6.1,-9.1,-3.8,,0.7213596,0.007619996
1999-01-23,-20.4,-24.5,-10.7,,0.7289796,0.012699993
1999-01-24,-14.7,-21.0,-11.3,,0.7416796,0.0
1999-01-25,-8.9,-13.9,-4.0,,0.7416796,0.0
1999-01-26,-8.6,-10.9,-6.3,,0.7416796,0.0
1999-01-27,-10.6,-12.1,-8.3,,0.7416796,0.0
1999-01-28,-6.0,-10.0,-3.0,,0.7416796,0.0
1999-01-29,-2.3,-5.7,1.6,,0.7416796,0.0
1999-01-30,-0.8,-2.5,3.3,,0.7416796,0.0
1999-01-31,-2.5,-7.3,2.2,,0.7416796,0.0
1999-02-01,-8.3,-10.0,-5.9,,0.7416796,0.0
1999-02-02,-5.7,-8.0,-3.6,,0.7416796,0.015239992
1999-02-03,-6.2,-8.0,-3.9,,0.75691956,0.012699993
1999-02-04,-5.1,-7.2,-3.1,,0.7696196,0.0
1999-02-05,-5.6,-8.6,-2.0,,0.7696196,0.0025399986
1999-02-06,-2.6,-5.2,2.9,,0.7721596,0.007619996
1999-02-07,-4.5,-8.2,-0.9,,0.77977955,0.017779991
1999-02-08,-6.8,-10.0,-3.5,,0.79755956,0.007619996
1999-02-09,-7.0,-9.6,-4.1,,0.80517954,0.0101599945
1999-02-10,-11.7,-13.5,-9.3,,0.81533957,0.0050799972
1999-02-11,-11.4,-13.8,-8.7,,0.82041955,0.0
1999-02-12,-4.4,-10.4,0.5,,0.82041955,0.0
1999-02-13,0.2,-2.5,6.0,,0.82041955,0.0
1999-02-14,-3.7,-7.4,-1.1,,0.82041955,0.0
1999-02-15,-7.4,-9.2,-3.1,,0.82041955,0.0025399986
1999-02-16,-5.8,-8.6,-2.3,,0.82295954,0.0025399986
1999-02-17,-5.7,-7.5,-3.8,,0.82549953,0.007619996
1999-02-18,-5.9,-9.0,-2.2,,0.8331196,0.0101599945
1999-02-19,-5.7,-7.8,-3.4,,0.84327954,0.0101599945
1999-02-20,-6.2,-9.4,-0.1,,0.8534395,0.007619996
1999-02-21,-6.2,-7.9,-2.9,,0.86105955,0.0050799972
1999-02-22,-5.2,-7.9,-1.2,,0.86613953,0.0050799972
1999-02-23,-3.4,-5.1,-2.2,,0.8712195,0.020319989
1999-02-24,0.1,-2.1,3.2,,0.8915395,0.0101599945
1999-02-25,-0.4,-5.8,5.4,,0.9016995,0.012699993
1999-02-26,-6.8,-10.1,-4.3,,0.9143995,0.0025399986
1999-02-27,-4.1,-10.9,0.8,,0.9169395,0.038099978
1999-02-28,-0.8,-2.5,1.4,,0.9550395,0.040639978
1999-03-01,-5.6,-8.3,-1.7,,0.99567944,0.012699993
1999-03-02,-5.8,-9.3,-0.2,,1.0083795,0.0101599945
1999-03-03,-5.5,-9.2,-0.8,,1.0185394,0.0050799972
1999-03-04,-8.6,-10.7,-4.6,,1.0236194,0.0050799972
1999-03-05,-9.0,-11.7,-3.7,,1.0286994,0.007619996
1999-03-06,-8.1,-12.0,-0.8,,1.0363195,0.0025399986
1999-03-07,-7.0,-11.7,-1.1,,1.0388595,0.0
1999-03-08,-5.1,-10.5,1.3,,1.0388595,0.0025399986
1999-03-09,-3.5,-6.5,1.8,,1.0413995,0.0
1999-03-10,-4.6,-7.5,1.2,,1.0413995,0.0050799972
1999-03-11,-5.0,-8.3,0.0,,1.0464795,0.0050799972
1999-03-12,-3.2,-8.1,0.7,,1.0515594,0.0
1999-03-13,1.3,-3.1,7.2,,1.0515594,0.0
1999-03-14,4.1,-1.2,11.4,,1.0515594,0.007619996
1999-03-15,3.0,-0.5,8.0,,1.0591794,0.0
1999-03-16,-5.1,-10.0,1.4,,1.0591794,0.0
1999-03-17,-3.2,-10.7,3.7,,1.0591794,0.0025399986
1999-03-18,4.3,-2.0,10.7,,1.0617194,0.0050799972
1999-03-19,6.0,1.8,13.1,,1.0667994,0.0
1999-03-20,6.8,1.2,14.4,,1.0667994,0.0
1999-03-21,4.6,1.2,10.9,,1.0667994,0.0
1999-03-22,1.4,-0.4,5.9,,1.0667994,0.012699993
1999-03-23,3.8,-1.1,10.3,,1.0794994,0.0
1999-03-24,6.3,1.0,12.6,,1.0769594,0.0
1999-03-25,6.7,2.0,14.3,,1.0744194,0.0
1999-03-26,-2.7,-7.8,4.3,,1.0744194,0.015239992
1999-03-27,-7.5,-10.2,-3.7,,1.0896595,0.017779991
1999-03-28,-7.0,-11.4,-0.1,,1.1074394,0.0101599945
1999-03-29,-3.6,-6.9,2.5,,1.1175994,0.022859987
1999-03-30,-4.6,-8.0,1.4,,1.1404594,0.0101599945
1999-03-31,-8.1,-10.4,-5.0,,1.1506194,0.0050799972
1999-04-01,-10.2,-12.9,-6.1,,1.1556994,0.007619996
1999-04-02,-7.2,-13.4,1.3,,1.1633193,0.0050799972
1999-04-03,-4.5,-8.9,2.5,,1.1683993,0.0
1999-04-04,-5.4,-8.7,-1.9,,1.1683993,0.0025399986
1999-04-05,-3.8,-9.1,2.4,,1.1709393,0.0
1999-04-06,-2.4,-6.7,2.8,,1.1709393,0.0
1999-04-07,0.9,-5.0,8.0,,1.1709393,0.0
1999-04-08,0.3,-2.8,9.0,,1.1709393,0.0050799972
1999-04-09,-4.4,-8.8,-2.2,,1.1760193,0.007619996
1999-04-10,-5.8,-9.7,0.4,,1.1836394,0.0
1999-04-11,-0.5,-7.0,6.0,,1.1836394,0.0
1999-04-12,2.8,-1.8,9.0,,1.1810994,0.0
1999-04-13,-0.5,-4.9,5.8,,1.1760193,0.0
1999-04-14,-5.1,-8.1,-1.1,,1.1760193,0.0050799972
1999-04-15,-2.0,-9.0,4.8,,1.1810994,0.0
1999-04-16,3.2,-2.8,8.8,,1.1785594,0.0050799972
1999-04-17,7.3,2.1,13.3,,1.1836394,0.0
1999-04-18,8.4,4.4,13.9,,1.1683993,0.0
1999-04-19,4.1,1.3,9.9,,1.1531594,0.0025399986
1999-04-20,0.7,-4.9,7.0,,1.1379194,0.0
1999-04-21,-2.5,-5.5,2.8,,1.1226794,0.0050799972
1999-04-22,-2.3,-4.6,-0.1,,1.1252193,0.0
1999-04-23,1.3,-2.9,7.4,,1.1099794,0.0
1999-04-24,4.2,-2.2,10.2,,1.0947394,0.0025399986
1999-04-25,6.9,2.5,11.9,,1.0794994,0.0
1999-04-26,4.1,-0.3,9.9,,1.0642594,0.0
1999-04-27,0.9,-2.0,8.4,,1.0490195,0.0
1999-04-28,-3.0,-5.4,-0.7,,1.0337794,0.0101599945
1999-04-29,-5.1,-6.2,-3.0,,1.0413995,0.0
1999-04-30,2.2,-6.2,9.2,,1.0261594,0.0
1999-05-01,3.6,-1.7,8.9,,1.0109195,0.0025399986
1999-05-02,0.3,-1.9,5.3,,0.99567944,0.0
1999-05-03,0.4,-3.1,8.5,,0.9804395,0.0025399986
1999-05-04,-2.5,-6.1,3.3,,0.9651995,0.0
1999-05-05,-2.3,-6.0,2.7,,0.9601195,0.0
1999-05-06,4.8,-4.4,13.1,,0.9550395,0.0
1999-05-07,1.8,-5.4,5.7,,0.9397995,0.0
1999-05-08,-0.8,-7.7,6.2,,0.9143995,0.0101599945
1999-05-09,-3.6,-4.7,-1.6,,0.9016995,0.007619996
1999-05-10,-3.8,-5.8,0.3,,0.8889995,0.0
1999-05-11,-0.6,-5.5,4.4,,0.88391954,0.0025399986
1999-05-12,1.2,-1.8,6.6,,0.88137954,0.0
1999-05-13,0.7,-3.2,7.6,,0.86359954,0.0
1999-05-14,0.8,-3.6,7.9,,0.8508995,0.0
1999-05-15,0.1,-1.9,5.8,,0.8331196,0.0
1999-05-16,2.1,-1.3,8.8,,0.8127996,0.0025399986
1999-05-17,4.0,-0.8,11.2,,0.7873996,0.0050799972
1999-05-18,3.8,1.0,8.9,,0.7492996,0.0025399986
1999-05-19,5.1,0.4,10.9,,0.7162796,0.0
1999-05-20,8.0,3.0,15.4,,0.6781796,0.0025399986
1999-05-21,6.0,2.2,11.3,,0.6400797,0.0
1999-05-22,6.9,1.0,11.8,,0.5994397,0.0
1999-05-23,12.2,4.4,20.1,,0.5765797,0.0
1999-05-24,14.1,9.6,19.6,,0.5511797,0.0
1999-05-25,13.3,7.8,19.1,,0.5359397,0.0
1999-05-26,8.3,3.8,13.3,,0.52069974,0.0050799972
1999-05-27,12.4,5.2,18.5,,0.5079997,0.0
1999-05-28,11.3,7.3,18.5,,0.49529973,0.0
1999-05-29,3.1,-0.6,7.2,,0.48259974,0.017779991
1999-05-30,0.0,-1.5,1.3,,0.49783972,0.0101599945
1999-05-31,2.7,-0.5,9.0,,0.5054597,0.0025399986
1999-06-01,5.4,2.1,12.1,,0.50037974,0.0050799972
1999-06-02,6.1,3.8,9.0,,0.48005974,0.0050799972
1999-06-03,4.3,2.8,5.6,,0.44195977,0.020319989
1999-06-04,4.8,2.5,8.8,,0.42163977,0.0
1999-06-05,5.2,2.1,103.0,,0.4063998,0.0025399986
1999-06-06,2.8,0.3,6.4,,0.3962398,0.0
1999-06-07,0.7,-1.6,8.4,,0.3860798,0.0
1999-06-08,0.8,-2.2,6.6,,0.3682998,0.015239992
1999-06-09,1.3,-2.8,5.7,,0.3809998,0.0
1999-06-10,5.5,-0.8,11.6,,0.37845978,0.0025399986
1999-06-11,7.0,2.3,12.3,,0.35559982,0.0025399986
1999-06-12,10.0,3.6,16.8,,0.34543982,0.0025399986
1999-06-13,11.8,6.0,18.0,,0.28955984,0.0
1999-06-14,9.8,6.8,15.8,,0.23113987,0.0
1999-06-15,10.7,6.0,16.9,,0.20573989,0.0
1999-06-16,11.4,6.7,19.5,,0.15493992,0.0025399986
1999-06-17,12.1,7.6,17.8,,0.11683994,0.0
1999-06-18,12.6,8.0,20.2,,0.066039965,0.007619996
1999-06-19,11.8,7.2,18.1,,0.027939985,0.0
1999-06-20,14.0,7.5,20.2,,0.012699993,0.0
1999-06-21,10.0,5.9,16.8,,0.0,0.0
1999-06-22,6.9,4.8,11.0,,0.0,0.007619996
1999-06-23,9.0,5.4,14.0,,0.0,0.0
1999-06-24,11.5,6.0,20.3,,0.0,0.0
1999-06-25,4.4,1.4,7.7,,0.0,0.0101599945
1999-06-26,5.8,1.1,11.5,,0.0,0.0
1999-06-27,6.2,2.8,11.3,,0.0,0.0
1999-06-28,8.1,3.0,14.6,,0.0,0.0025399986
1999-06-29,7.8,4.6,12.7,,0.0,0.0
1999-06-30,5.5,3.6,8.6,,0.0,0.0025399986
1999-07-01,5.0,2.6,11.1,,0.0,0.012699993
1999-07-02,5.5,2.4,11.6,,0.0,0.0
1999-07-03,5.5,1.2,9.9,,0.0,0.0025399986
1999-07-04,3.9,1.7,7.0,,0.0,0.0101599945
1999-07-05,8.7,1.5,15.4,,0.0,0.0
1999-07-06,15.1,7.7,22.3,,0.0,0.0025399986
1999-07-07,13.4,4.7,24.3,,0.0,0.0
1999-07-08,8.6,2.8,14.3,,0.0,0.0
1999-07-09,10.9,5.3,17.4,,0.0,0.0
1999-07-10,16.5,9.9,22.9,,0.0,0.0050799972
1999-07-11,17.0,12.3,21.9,,0.0,0.0
1999-07-12,17.5,12.5,23.6,,0.0,0.0
1999-07-13,17.2,12.3,22.9,,0.0,0.0
1999-07-14,15.3,7.1,23.5,,0.0,0.0
1999-07-15,4.2,-0.9,8.5,,0.0,0.0
1999-07-16,3.9,-1.7,11.0,,0.0,0.0
1999-07-17,8.8,2.8,17.1,,0.0,0.0
1999-07-18,10.9,5.8,15.8,,0.0,0.0
1999-07-19,14.7,7.6,20.6,,0.0,0.0050799972
1999-07-20,14.6,10.1,22.9,,0.0,0.0
1999-07-21,14.4,10.4,21.2,,0.0,0.0
1999-07-22,16.4,10.8,22.1,,0.0,0.0050799972
1999-07-23,16.9,11.2,23.1,,0.0,0.0025399986
1999-07-24,13.4,6.4,22.0,,0.0,0.0
1999-07-25,10.4,5.2,16.2,,0.0,0.0
1999-07-26,14.7,7.0,21.1,,0.0,0.0025399986
1999-07-27,19.6,12.9,26.5,,0.0,0.0
1999-07-28,21.0,16.6,26.6,,0.0,0.0
1999-07-29,20.3,13.8,24.4,,0.0,0.0
1999-07-30,13.5,5.8,19.4,,0.0,0.0
1999-07-31,8.7,3.2,15.9,,0.0,0.0
1999-08-01,10.6,2.3,19.5,,0.0,0.0
1999-08-02,15.2,9.0,23.2,,0.0,0.0025399986
1999-08-03,16.7,11.7,22.8,,0.0,0.0025399986
1999-08-04,13.5,9.1,19.1,,0.0,0.0
1999-08-05,14.5,9.3,21.9,,0.0,0.0025399986
1999-08-06,13.8,10.7,20.3,,0.0,0.0025399986
1999-08-07,15.3,9.1,22.6,,0.0,0.012699993
1999-08-08,12.6,8.2,17.7,,0.0,0.0
1999-08-09,14.5,7.6,20.1,,0.0,0.012699993
1999-08-10,18.0,13.2,24.1,,0.0,0.007619996
1999-08-11,10.7,8.4,15.5,,0.0,0.0
1999-08-12,9.3,7.7,13.2,,0.0,0.0025399986
1999-08-13,10.0,6.4,17.5,,0.0,0.0025399986
1999-08-14,8.1,4.5,15.8,,0.0,0.0
1999-08-15,6.2,3.7,9.5,,0.0,0.0025399986
1999-08-16,11.1,6.0,16.7,,0.0,0.0
1999-08-17,14.1,9.3,19.3,,0.0,0.007619996
1999-08-18,18.6,13.3,24.5,,0.0,0.0
1999-08-19,16.0,11.3,21.6,,0.0,0.0
1999-08-20,17.0,10.1,23.6,,0.0,0.0
1999-08-21,16.9,10.7,23.1,,0.0,0.0
1999-08-22,14.3,7.4,20.5,,0.0,0.0
1999-08-23,17.5,10.4,24.1,,0.0,0.0
1999-08-24,16.1,9.8,22.1,,0.0,0.0
1999-08-25,14.9,10.7,21.2,,0.0,0.0
1999-08-26,16.8,11.9,22.6,,0.0,0.0
1999-08-27,19.1,13.0,26.9,,0.0,0.0
1999-08-28,12.6,9.7,16.5,,0.0,0.0050799972
1999-08-29,15.2,9.9,21.4,,0.0,0.0
1999-08-30,16.6,5.1,25.2,,0.0,0.0050799972
1999-08-31,2.8,-0.5,6.6,,0.0,0.0050799972
1999-09-01,4.3,-0.1,10.9,,0.0,0.0
1999-09-02,2.4,1.4,3.7,,0.0,0.0025399986
1999-09-03,3.8,1.1,6.0,,0.0,0.0025399986
1999-09-04,7.6,0.8,12.3,,0.0025399986,0.0
1999-09-05,11.8,6.6,17.3,,0.0,0.0
1999-09-06,6.9,1.3,11.0,,0.0,0.0
1999-09-07,5.7,0.8,11.4,,0.0,0.0
1999-09-08,8.7,1.9,16.4,,0.0,0.0
1999-09-09,14.0,7.2,20.4,,0.0,0.0
1999-09-10,10.2,1.9,15.6,,0.0,0.0
1999-09-11,2.7,0.0,6.7,,0.0,0.0
1999-09-12,6.1,0.2,13.5,,0.0,0.0
1999-09-13,9.5,3.2,17.7,,0.0,0.0
1999-09-14,11.6,5.1,18.6,,0.0,0.0
1999-09-15,13.4,7.6,19.1,,0.0,0.0
1999-09-16,14.7,10.8,19.8,,0.0,0.0
1999-09-17,13.9,8.7,19.3,,0.0,0.0
1999-09-18,7.0,0.3,13.0,,0.0,0.0025399986
1999-09-19,6.5,-1.1,15.2,,0.0,0.0
1999-09-20,12.3,4.3,19.1,,0.0,0.0
1999-09-21,14.4,9.2,20.0,,0.0,0.0
1999-09-22,14.6,10.9,20.3,,0.0,0.0
1999-09-23,14.0,8.9,19.1,,0.0,0.0
1999-09-24,6.0,2.7,9.0,,0.0,0.0025399986
1999-09-25,1.1,-0.9,3.2,,0.0025399986,0.025399987
1999-09-26,-1.1,-4.4,4.3,,0.025399987,0.007619996
1999-09-27,-2.1,-4.5,3.2,,0.022859987,0.0050799972
1999-09-28,0.5,-6.0,4.7,,0.025399987,0.0
1999-09-29,5.1,-0.8,9.4,,0.022859987,0.0
1999-09-30,1.6,-2.1,10.9,,0.015239992,0.0
1999-10-01,-0.3,-4.8,7.1,,0.0101599945,0.0
1999-10-02,-4.2,-6.7,1.2,,0.0025399986,0.0
1999-10-03,4.2,-1.5,9.5,,0.0,0.0
1999-10-04,9.4,5.5,13.7,,0.0,0.0
1999-10-05,10.1,6.1,15.8,,0.0,0.0
1999-10-06,6.6,3.1,9.8,,0.0,0.0
1999-10-07,3.0,2.0,4.3,,0.0,0.0
1999-10-08,6.0,2.4,9.7,,0.0,0.015239992
1999-10-09,1.3,-1.1,4.0,,0.0,0.0101599945
1999-10-10,3.6,-2.2,8.8,,0.0,0.0
1999-10-11,8.9,5.2,12.5,,0.0,0.0
1999-10-12,4.0,2.5,6.9,,0.0,0.0101599945
1999-10-13,7.9,4.3,11.7,,0.0,0.0025399986
1999-10-14,1.9,-3.3,5.5,,0.0,0.0050799972
1999-10-15,-4.6,-8.4,-0.2,,0.0,0.007619996
1999-10-16,-3.5,-9.6,0.0,,0.007619996,0.0
1999-10-17,1.2,-0.5,3.9,,0.0050799972,0.0
1999-10-18,1.1,-1.7,6.6,,0.0,0.0
1999-10-19,4.3,-0.6,9.2,,0.0,0.0
1999-10-20,7.7,4.1,11.1,,0.0,0.0
1999-10-21,9.3,5.8,13.3,,0.0,0.0
1999-10-22,10.6,6.2,15.7,,0.0,0.0
1999-10-23,10.9,6.8,16.2,,0.0,0.0
1999-10-24,6.1,1.3,9.7,,0.0,0.0
1999-10-25,7.3,3.5,11.3,,0.0,0.0
1999-10-26,4.1,-0.5,6.6,,0.0,0.0101599945
1999-10-27,-0.2,-2.3,2.5,,0.0050799972,0.007619996
1999-10-28,1.3,-0.7,3.9,,0.007619996,0.025399987
1999-10-29,-1.3,-2.2,0.4,,0.012699993,0.0050799972
1999-10-30,5.2,-0.8,9.5,,0.015239992,0.0
1999-10-31,0.8,-5.5,7.4,,0.015239992,0.0050799972
1999-11-01,-3.8,-8.1,0.9,,0.017779991,0.0
1999-11-02,2.5,-4.6,5.8,,0.017779991,0.0025399986
1999-11-03,5.6,2.6,9.3,,0.020319989,0.0
1999-11-04,-2.2,-8.1,5.5,,0.020319989,0.017779991
1999-11-05,0.9,-8.0,4.1,,0.033019982,0.0025399986
1999-11-06,7.4,4.1,11.2,,0.035559982,0.0
1999-11-07,8.9,6.1,13.1,,0.035559982,0.0
1999-11-08,5.9,2.0,9.2,,0.035559982,0.0
1999-11-09,3.0,0.7,6.1,,0.035559982,0.0
1999-11-10,4.6,2.6,7.7,,0.035559982,0.0025399986
1999-11-11,5.6,2.3,8.0,,0.035559982,0.0
1999-11-12,9.3,6.6,12.7,,0.033019982,0.0
1999-11-13,7.6,5.6,9.0,,0.030479984,0.0
1999-11-14,9.1,5.1,13.5,,0.0101599945,0.0
1999-11-15,9.0,3.7,16.0,,0.007619996,0.0
1999-11-16,5.2,2.2,10.7,,0.0050799972,0.0
1999-11-17,2.7,-1.8,8.5,,0.0050799972,0.007619996
1999-11-18,-2.5,-4.9,-0.9,,0.0101599945,0.0
1999-11-19,1.6,-2.3,5.5,,0.0101599945,0.0025399986
1999-11-20,-2.6,-5.2,0.7,,0.012699993,0.017779991
1999-11-21,-4.8,-6.0,-2.6,,0.027939985,0.0025399986
1999-11-22,-7.0,-8.1,-5.8,,0.027939985,0.0025399986
1999-11-23,-5.7,-7.8,-2.5,,0.027939985,0.0025399986
1999-11-24,-4.2,-5.7,-1.5,,0.030479984,0.0101599945
1999-11-25,-0.7,-1.7,0.7,,0.040639978,0.045719974
1999-11-26,-1.4,-4.8,0.8,,0.086359955,0.035559982
1999-11-27,-3.2,-4.8,-1.8,,0.11937994,0.0025399986
1999-11-28,-0.4,-5.5,5.3,,0.11937994,0.0050799972
1999-11-29,3.6,-0.4,7.5,,0.11937994,0.0
1999-11-30,2.6,-1.3,6.9,,0.11937994,0.0
1999-12-01,-2.1,-4.6,2.6,,0.11937994,0.0
1999-12-02,-3.9,-6.3,-2.2,,0.11937994,0.015239992
1999-12-03,-7.3,-10.2,-3.6,,0.13207993,0.0
1999-12-04,-4.3,-11.1,1.4,,0.13207993,0.0025399986
1999-12-05,-2.8,-5.2,0.0,,0.13207993,0.0
1999-12-06,-3.6,-4.8,-2.2,,0.13207993,0.012699993
1999-12-07,-6.5,-9.1,-3.7,,0.14477992,0.0050799972
1999-12-08,-7.9,-8.9,-6.8,,0.14985992,0.0
1999-12-09,-5.4,-7.0,-4.4,,0.14985992,0.007619996
1999-12-10,-6.1,-6.6,-5.4,,0.15493992,0.007619996
1999-12-11,-3.9,-6.7,-1.4,,0.16255991,0.0050799972
1999-12-12,-1.0,-2.5,0.1,,0.16763991,0.012699993
1999-12-13,-7.5,-10.0,-0.9,,0.1803399,0.0101599945
1999-12-14,-7.5,-9.9,-5.2,,0.1904999,0.022859987
1999-12-15,-2.9,-5.2,-0.8,,0.21335988,0.020319989
1999-12-16,-1.0,-2.9,0.3,,0.23367988,0.017779991
1999-12-17,-2.6,-4.3,-0.8,,0.24891986,0.0050799972
1999-12-18,-4.0,-11.8,-1.1,,0.25145987,0.022859987
1999-12-19,-9.8,-14.3,-6.6,,0.27431986,0.0
1999-12-20,-4.6,-7.2,-2.7,,0.27431986,0.0050799972
1999-12-21,-3.7,-4.7,-2.0,,0.27939984,0.012699993
1999-12-22,-3.4,-6.8,1.7,,0.28701985,0.0
1999-12-23,-1.0,-6.2,6.9,,0.28701985,0.0
1999-12-24,5.7,2.1,10.2,,0.28701985,0.0
1999-12-25,2.0,-2.1,8.7,,0.28701985,0.0
1999-12-26,2.7,-1.4,10.5,,0.28701985,0.0
1999-12-27,6.5,1.1,11.6,,0.28701985,0.0
1999-12-28,5.6,3.6,8.9,,0.28701985,0.0
1999-12-29,0.9,-3.1,3.9,,0.28701985,0.0
1999-12-30,-1.4,-3.4,1.6,,0.28447986,0.0
1999-12-31,-3.2,-4.8,-2.0,,0.28447986,0.007619996
2000-01-01,-5.3,-7.1,-4.0,,0.29209983,0.015239992
2000-01-02,-8.2,-10.0,-5.4,,0.30733985,0.0050799972
2000-01-03,-9.2,-10.0,-6.0,,0.31241983,0.0050799972
2000-01-04,-4.3,-6.8,-1.9,,0.31495982,0.022859987
2000-01-05,-7.0,-8.0,-5.6,,0.3378198,0.0050799972
2000-01-06,-5.6,-8.1,-1.8,,0.34289983,0.0025399986
2000-01-07,-4.8,-6.4,-3.5,,0.34543982,0.0025399986
2000-01-08,-4.3,-6.6,-3.0,,0.3479798,0.017779991
2000-01-09,-7.4,-11.0,-4.7,,0.3657598,0.017779991
2000-01-10,-10.4,-11.8,-9.1,,0.3835398,0.0050799972
2000-01-11,-7.9,-10.2,-6.0,,0.38861978,0.007619996
2000-01-12,-9.5,-12.2,-8.5,,0.3962398,0.007619996
2000-01-13,-5.6,-10.6,-1.0,,0.4038598,0.015239992
2000-01-14,-0.6,-2.5,0.2,,0.41909978,0.025399987
2000-01-15,-4.7,-7.2,-2.5,,0.44449976,0.033019982
2000-01-16,-1.3,-4.4,3.4,,0.44449976,0.020319989
2000-01-17,-5.0,-6.3,-3.6,,0.46481976,0.007619996
2000-01-18,-3.0,-5.8,0.7,,0.47243974,0.0050799972
2000-01-19,-4.7,-7.7,-1.4,,0.47497976,0.0
2000-01-20,-1.8,-3.1,0.5,,0.47497976,0.0025399986
2000-01-21,-4.1,-5.6,-2.7,,0.47751975,0.0101599945
2000-01-22,-5.7,-7.4,-4.2,,0.48767975,0.0025399986
2000-01-23,-5.4,-7.6,-2.4,,0.49021974,0.0050799972
2000-01-24,-4.0,-6.9,-0.5,,0.49275973,0.0
2000-01-25,-2.2,-4.6,0.9,,0.49275973,0.0050799972
2000-01-26,-5.1,-7.9,-2.8,,0.49783972,0.0
2000-01-27,-6.7,-8.3,-2.8,,0.49783972,0.0050799972
2000-01-28,-8.9,-14.8,-1.1,,0.50037974,0.0025399986
2000-01-29,-9.6,-15.7,0.0,,0.50037974,0.0025399986
2000-01-30,-4.5,-10.2,4.4,,0.50037974,0.0
2000-01-31,-5.0,-8.3,0.0,,0.50037974,0.0
2000-02-01,-0.8,-5.0,2.2,,0.50037974,0.017779991
2000-02-02,-2.2,-6.7,-0.1,,0.51815975,0.022859987
2000-02-03,-6.7,-11.0,1.0,,0.5410197,0.027939985
2000-02-04,-3.6,-12.3,3.7,,0.5410197,0.0025399986
2000-02-05,-1.4,-3.5,3.8,,0.54355973,0.0025399986
2000-02-06,0.1,-1.2,3.1,,0.54355973,0.0025399986
2000-02-07,2.2,-0.6,6.5,,0.5460997,0.0
2000-02-08,2.6,0.0,6.0,,0.5460997,0.0050799972
2000-02-09,-2.6,-7.6,0.2,,0.5486397,0.007619996
2000-02-10,-8.2,-16.2,0.3,,0.5562597,0.0025399986
2000-02-11,-7.2,-14.6,-1.3,,0.5562597,0.0050799972
2000-02-12,-7.2,-9.5,-3.2,,0.5613397,0.0050799972
2000-02-13,-6.4,-9.9,-2.6,,0.5664197,0.0
2000-02-14,-2.7,-7.6,0.0,,0.5664197,0.022859987
2000-02-15,-5.3,-6.7,-1.9,,0.5892797,0.017779991
2000-02-16,-6.5,-10.7,-1.0,,0.60705966,0.0025399986
2000-02-17,-7.3,-12.2,1.6,,0.60959965,0.0050799972
2000-02-18,-8.2,-13.1,-3.2,,0.60959965,0.0025399986
2000-02-19,-3.4,-7.5,0.4,,0.60959965,0.0025399986
2000-02-20,1.2,-4.1,6.0,,0.61213964,0.0
2000-02-21,2.2,-1.2,6.1,,0.61213964,0.0
2000-02-22,2.9,-0.8,7.6,,0.61213964,0.0
2000-02-23,0.3,-3.0,6.5,,0.61213964,0.0025399986
2000-02-24,-2.6,-5.7,0.4,,0.6146797,0.017779991
2000-02-25,-6.2,-8.4,-0.9,,0.63245964,0.007619996
2000-02-26,-3.9,-7.3,-0.9,,0.63245964,0.007619996
2000-02-27,0.0,-3.2,3.7,,0.6400797,0.012699993
2000-02-28,-2.2,-3.7,-0.5,,0.65277964,0.007619996
2000-02-29,-0.7,-5.1,6.0,,0.6603996,0.017779991
2000-03-01,-0.9,-2.8,5.1,,0.6603996,0.0025399986
2000-03-02,1.6,-3.8,9.9,,0.66293967,0.0
2000-03-03,0.8,-1.8,4.2,,0.66293967,0.0
2000-03-04,4.1,0.1,10.4,,0.66293967,0.0
2000-03-05,0.6,-4.9,7.4,,0.66293967,0.0
2000-03-06,-0.8,-4.7,6.9,,0.66293967,0.0025399986
2000-03-07,-1.0,-7.4,5.0,,0.66547966,0.0
2000-03-08,-6.6,-9.6,-3.2,,0.66547966,0.007619996
2000-03-09,-2.8,-10.1,5.4,,0.67309964,0.0050799972
2000-03-10,-2.9,-6.5,1.3,,0.67309964,0.0
2000-03-11,-3.5,-6.4,-0.6,,0.67309964,0.007619996
2000-03-12,-4.8,-7.8,0.9,,0.6807196,0.0025399986
2000-03-13,-2.8,-5.4,1.4,,0.6807196,0.0025399986
2000-03-14,-3.3,-6.0,-0.5,,0.6832596,0.007619996
2000-03-15,-4.5,-7.3,1.3,,0.69087964,0.0025399986
2000-03-16,-2.5,-6.1,3.2,,0.69087964,0.007619996
2000-03-17,-5.8,-6.7,-3.9,,0.6984996,0.0050799972
2000-03-18,-2.5,-6.2,1.9,,0.7035796,0.015239992
2000-03-19,-5.2,-8.0,-0.3,,0.7188196,0.0101599945
2000-03-20,-4.9,-10.6,2.5,,0.7289796,0.0
2000-03-21,-2.2,-8.7,5.8,,0.7289796,0.0025399986
2000-03-22,4.6,-3.3,11.0,,0.7289796,0.0050799972
2000-03-23,-1.4,-5.9,5.0,,0.7315196,0.0
2000-03-24,-2.4,-6.2,2.4,,0.7315196,0.0050799972
2000-03-25,1.8,-2.3,7.9,,0.7315196,0.0025399986
2000-03-26,1.3,-3.1,6.9,,0.73405963,0.0
2000-03-27,5.0,1.3,10.3,,0.73405963,0.012699993
2000-03-28,-1.5,-5.0,2.4,,0.7467596,0.0050799972
2000-03-29,-3.2,-6.1,2.1,,0.7518396,0.007619996
2000-03-30,-1.7,-7.2,3.8,,0.7518396,0.0025399986
2000-03-31,0.8,-5.0,6.9,,0.7543796,0.0050799972
2000-04-01,1.3,-4.0,6.2,,0.7594596,0.0050799972
2000-04-02,-5.1,-9.0,-0.6,,0.7619996,0.0050799972
2000-04-03,3.5,-7.9,9.2,,0.7670796,0.0025399986
2000-04-04,5.9,-3.0,11.4,,0.7696196,0.007619996
2000-04-05,-1.6,-5.1,3.0,,0.77723956,0.0
2000-04-06,-4.3,-6.5,-1.2,,0.77723956,0.015239992
2000-04-07,-1.0,-7.4,3.8,,0.77723956,0.0050799972
2000-04-08,5.4,1.4,12.1,,0.7823196,0.0025399986
2000-04-09,6.5,-1.1,13.7,,0.7721596,0.0
2000-04-10,2.3,-2.9,10.0,,0.7670796,0.0
2000-04-11,6.2,1.3,11.3,,0.7619996,0.0
2000-04-12,6.3,2.8,10.1,,0.7619996,0.0025399986
2000-04-13,-3.8,-11.5,2.8,,0.7645396,0.015239992
2000-04-14,-4.5,-13.3,2.5,,0.7721596,0.007619996
2000-04-15,3.2,-1.7,9.1,,0.7721596,0.0
2000-04-16,4.3,0.5,10.6,,0.7721596,0.0025399986
2000-04-17,5.3,0.6,11.3,,0.7721596,0.0050799972
2000-04-18,5.3,1.0,12.6,,0.7594596,0.0
2000-04-19,7.7,2.2,12.7,,0.7416796,0.0
2000-04-20,6.9,2.8,12.4,,0.7213596,0.0
2000-04-21,7.7,3.4,13.5,,0.7010396,0.0
2000-04-22,5.6,-0.4,11.6,,0.6832596,0.0
2000-04-23,0.4,-2.8,5.3,,0.65531963,0.0
2000-04-24,-1.0,-4.1,3.9,,0.64261967,0.0
2000-04-25,0.3,-3.6,4.4,,0.6400797,0.0
2000-04-26,2.5,-2.6,9.0,,0.6400797,0.0050799972
2000-04-27,9.4,1.9,16.8,,0.6400797,0.0
2000-04-28,3.7,-3.4,11.5,,0.62483966,0.0
2000-04-29,1.4,-3.4,6.9,,0.60451967,0.0025399986
2000-04-30,7.1,-0.2,13.0,,0.5892797,0.0
2000-05-01,11.7,6.8,17.2,,0.5740397,0.0
2000-05-02,5.9,1.7,9.8,,0.5460997,0.0
2000-05-03,6.6,1.4,14.0,,0.5257797,0.0050799972
2000-05-04,2.3,0.3,5.6,,0.5079997,0.0050799972
2000-05-05,3.4,-1.3,9.0,,0.49783972,0.0050799972
2000-05-06,1.6,-3.1,6.4,,0.48513973,0.0025399986
2000-05-07,3.1,-2.4,9.4,,0.48005974,0.0
2000-05-08,4.4,-2.0,10.7,,0.46989974,0.0
2000-05-09,2.4,-1.5,6.5,,0.44703975,0.0050799972
2000-05-10,0.3,-2.7,6.6,,0.43941978,0.0
2000-05-11,-0.8,-3.7,4.3,,0.43433976,0.0
2000-05-12,0.5,-3.0,6.6,,0.42671975,0.0025399986
2000-05-13,4.2,-1.9,10.8,,0.42417976,0.0
2000-05-14,5.6,0.8,11.4,,0.40893978,0.0
2000-05-15,8.3,3.8,13.8,,0.3936998,0.0
2000-05-16,7.4,3.3,11.8,,0.3632198,0.0
2000-05-17,8.0,2.2,13.4,,0.33527982,0.0
2000-05-18,8.1,3.4,13.0,,0.30479982,0.0
2000-05-19,4.7,3.1,8.0,,0.27177987,0.0025399986
2000-05-20,7.4,3.9,12.5,,0.25907987,0.0
2000-05-21,8.2,5.5,13.3,,0.22859988,0.0
2000-05-22,9.2,6.7,14.5,,0.2031999,0.0
2000-05-23,6.6,4.9,10.8,,0.16763991,0.0
2000-05-24,8.2,2.3,14.6,,0.14223993,0.0
2000-05-25,8.2,2.6,14.3,,0.10921994,0.0
2000-05-26,5.3,1.6,10.5,,0.081279956,0.0
2000-05-27,8.1,3.4,13.8,,0.048259974,0.0050799972
2000-05-28,5.7,2.5,10.0,,0.017779991,0.0
2000-05-29,4.0,0.5,11.7,,0.0025399986,0.0101599945
2000-05-30,3.2,0.7,9.3,,0.0050799972,0.0025399986
2000-05-31,-0.4,-2.1,2.6,,0.0025399986,0.0101599945
2000-06-01,2.9,-4.3,10.2,,0.007619996,0.0
2000-06-02,10.5,0.9,17.7,,0.0025399986,0.0
2000-06-03,9.2,3.4,15.7,,0.0,0.0
2000-06-04,11.3,2.7,18.6,,0.0,0.0
2000-06-05,15.5,9.5,24.0,,0.0,0.0
2000-06-06,12.9,7.8,17.6,,0.0,0.0
2000-06-07,15.8,8.6,23.8,,0.0,0.0
2000-06-08,12.5,5.3,20.1,,0.0,0.0
2000-06-09,6.3,2.1,11.7,,0.0,0.0
2000-06-10,4.7,-0.2,11.4,,0.0,0.007619996
2000-06-11,3.9,-1.5,8.8,,0.0025399986,0.0
2000-06-12,5.6,4.0,8.2,,0.0,0.020319989
2000-06-13,5.9,3.3,9.1,,0.0,0.0025399986
2000-06-14,7.0,4.9,8.8,,0.0,0.022859987
2000-06-15,4.7,1.2,8.6,,0.0,0.020319989
2000-06-16,5.0,0.1,11.4,,0.0,0.007619996
2000-06-17,7.8,1.0,13.6,,0.007619996,0.0
2000-06-18,11.0,5.0,16.4,,0.0,0.0
2000-06-19,5.7,2.3,11.5,,0.0,0.012699993
2000-06-20,7.9,3.6,12.6,,0.0,0.0
2000-06-21,11.7,5.7,17.1,,0.0,0.0
2000-06-22,12.4,7.6,17.9,,0.0,0.0
2000-06-23,11.3,6.3,16.1,,0.0,0.0
2000-06-24,9.4,2.5,16.3,,0.0,0.0025399986
2000-06-25,7.9,1.9,15.0,,0.0,0.0
2000-06-26,7.5,2.3,13.0,,0.0,0.0
2000-06-27,9.8,3.3,16.4,,0.0,0.0
2000-06-28,14.0,6.5,20.8,,0.0,0.0
2000-06-29,14.8,8.9,19.8,,0.0,0.0
2000-06-30,17.2,12.6,24.5,,0.0,0.0
2000-07-01,14.4,7.3,21.0,,0.0,0.0050799972
2000-07-02,12.1,6.9,17.5,,0.0,0.0
2000-07-03,8.9,3.9,13.0,,0.0,0.0
2000-07-04,7.4,2.5,12.3,,0.0,0.0
2000-07-05,9.9,2.8,15.4,,0.0,0.0
2000-07-06,8.8,6.5,14.3,,0.0,0.0050799972
2000-07-07,10.5,5.8,15.7,,0.0,0.0
2000-07-08,12.9,7.7,21.0,,0.0,0.0
2000-07-09,12.3,6.3,18.2,,0.0,0.0025399986
2000-07-10,13.4,9.7,19.1,,0.0,0.0
2000-07-11,14.4,8.8,20.2,,0.0,0.0
2000-07-12,17.2,11.4,26.5,,0.0,0.0
2000-07-13,20.2,15.0,27.8,,0.0,0.0
2000-07-14,19.2,13.2,24.9,,0.0,0.0
2000-07-15,13.0,8.2,18.0,,0.0,0.0
2000-07-16,14.9,7.0,22.4,,0.0,0.0
2000-07-17,15.8,11.7,19.9,,0.0,0.0025399986
2000-07-18,14.7,11.3,18.1,,0.0,0.0
2000-07-19,13.9,9.5,18.3,,0.0,0.0
2000-07-20,15.0,10.7,19.4,,0.0,0.0
2000-07-21,16.9,12.5,21.6,,0.0,0.0
2000-07-22,19.0,13.6,24.5,,0.0,0.0
2000-07-23,15.6,10.0,21.1,,0.0,0.0
2000-07-24,12.2,7.0,17.3,,0.0,0.0
2000-07-25,15.8,10.8,20.9,,0.0,0.0
2000-07-26,18.5,12.3,24.7,,0.0,0.0
2000-07-27,17.4,17.4,22.6,,0.0,0.0
2000-07-28,18.0,18.0,22.7,,0.0,0.0
2000-07-29,2.8,20.8,26.1,,0.0,0.0
2000-07-30,21.2,21.2,26.5,,0.0,0.0
2000-07-31,22.8,16.9,28.8,,0.0,0.0
2000-08-01,20.1,14.2,26.4,,0.0,0.0050799972
2000-08-02,18.0,13.5,24.7,,0.0,0.0025399986
2000-08-03,18.7,13.1,25.1,,0.0,0.0
2000-08-04,16.4,13.2,21.8,,0.0,0.0025399986
2000-08-05,15.7,10.3,21.3,,0.0,0.0
2000-08-06,16.7,10.7,22.5,,0.0,0.0
2000-08-07,15.4,7.2,22.0,,0.0,0.0
2000-08-08,18.3,10.9,25.0,,0.0,0.0
2000-08-09,21.8,15.1,28.5,,0.0,0.0
2000-08-10,17.8,11.4,24.7,,0.0,0.0
2000-08-11,12.9,9.4,17.8,,0.0,0.0025399986
2000-08-12,15.7,8.2,22.1,,0.0,0.0
2000-08-13,16.3,10.4,21.5,,0.0,0.0
2000-08-14,13.4,7.8,20.1,,0.0,0.0
2000-08-15,15.6,8.9,24.1,,0.0,0.0
2000-08-16,13.0,6.0,21.3,,0.0,0.0025399986
2000-08-17,14.4,7.6,22.2,,0.0,0.0
2000-08-18,16.6,11.4,23.2,,0.0,0.0
2000-08-19,11.6,6.7,17.2,,0.0,0.0
2000-08-20,8.6,3.6,14.0,,0.0,0.0
2000-08-21,10.9,5.8,17.0,,0.0,0.0
2000-08-22,15.2,7.3,21.9,,0.0,0.0
2000-08-23,19.0,13.0,25.4,,0.0,0.0
2000-08-24,14.2,9.7,18.1,,0.0,0.0
2000-08-25,16.9,10.9,23.0,,0.0,0.0
2000-08-26,15.3,9.7,20.6,,0.0,0.0
2000-08-27,10.6,5.3,15.8,,0.0,0.0
2000-08-28,9.4,1.3,15.3,,0.0,0.0
2000-08-29,12.8,7.2,18.8,,0.0,0.0
2000-08-30,9.1,3.7,15.7,,0.0,0.0025399986
2000-08-31,11.4,4.1,17.9,,0.0,0.0
2000-09-01,10.5,6.9,16.5,,0.0,0.0025399986
2000-09-02,5.9,0.8,14.2,,0.0,0.012699993
2000-09-03,5.0,0.9,10.0,,0.0,0.0025399986
2000-09-04,6.9,2.5,13.9,,0.0,0.007619996
2000-09-05,7.4,2.8,12.9,,0.0,0.0
2000-09-06,4.3,2.2,8.5,,0.0,0.0025399986
2000-09-07,8.6,3.7,14.3,,0.0,0.0
2000-09-08,8.2,1.1,15.1,,0.0,0.0050799972
2000-09-09,2.1,-0.4,4.5,,0.0,0.0050799972
2000-09-10,3.4,2.2,4.5,,0.0,0.0101599945
2000-09-11,6.5,2.3,9.9,,0.0,0.0
2000-09-12,12.1,7.7,16.8,,0.0,0.0
2000-09-13,13.5,8.4,19.0,,0.0,0.0025399986
2000-09-14,17.2,10.4,25.2,,0.0,0.0
2000-09-15,20.1,14.5,27.4,,0.0,0.0
2000-09-16,16.7,12.3,23.2,,0.0,0.0
2000-09-17,15.1,10.6,20.4,,0.0,0.007619996
2000-09-18,9.3,7.1,11.1,,0.0,0.007619996
2000-09-19,5.0,-1.0,12.5,,0.0,0.0050799972
2000-09-20,2.5,-1.5,8.3,,0.0,0.007619996
2000-09-21,-4.7,-8.8,0.8,,0.0025399986,0.0050799972
2000-09-22,-8.0,-9.6,-3.0,,0.0,0.0025399986
2000-09-23,-1.7,-11.7,6.4,,0.0,0.0
2000-09-24,5.3,-2.7,12.8,,0.0,0.0
2000-09-25,8.6,4.2,14.6,,0.0,0.0
2000-09-26,9.2,4.1,15.0,,0.0,0.0
2000-09-27,11.1,6.2,15.8,,0.0,0.0
2000-09-28,11.9,8.3,17.2,,0.0,0.0
2000-09-29,8.2,5.8,13.0,,0.0,0.0025399986
2000-09-30,6.2,3.6,7.6,,0.0,0.0
2000-10-01,4.0,3.1,7.0,,0.0,0.017779991
2000-10-02,1.8,-2.3,5.4,,0.0,0.0
2000-10-03,0.3,-2.4,4.2,,0.0,0.0
2000-10-04,-3.4,-9.5,5.3,,0.0,0.0050799972
2000-10-05,-4.2,-10.4,4.6,,0.0,0.0
2000-10-06,-1.7,-7.5,6.2,,0.0,0.0
2000-10-07,4.0,-4.7,12.5,,0.0,0.0
2000-10-08,10.2,4.1,15.8,,0.0,0.0
2000-10-09,11.0,7.1,17.7,,0.0,0.0
2000-10-10,8.9,4.1,16.3,,0.0,0.0
2000-10-11,1.0,-0.7,5.0,,0.0,0.0
2000-10-12,0.3,-0.3,2.1,,0.0,0.020319989
2000-10-13,1.4,0.0,5.7,,0.017779991,0.012699993
2000-10-14,1.5,-0.3,3.4,,0.027939985,0.0050799972
2000-10-15,2.2,0.0,4.1,,0.030479984,0.0
2000-10-16,4.8,2.8,7.2,,0.030479984,0.0
2000-10-17,8.5,3.8,13.0,,0.027939985,0.0
2000-10-18,7.2,3.6,11.6,,0.022859987,0.0
2000-10-19,2.8,0.1,5.2,,0.015239992,0.0025399986
2000-10-20,7.3,3.6,11.8,,0.012699993,0.0
2000-10-21,-0.8,-4.1,3.3,,0.0050799972,0.012699993
2000-10-22,-1.6,-6.4,2.8,,0.017779991,0.0050799972
2000-10-23,2.1,-3.7,9.7,,0.022859987,0.0
2000-10-24,6.1,1.0,11.4,,0.022859987,0.0
2000-10-25,3.3,-0.3,9.2,,0.020319989,0.0
2000-10-26,2.8,-0.4,7.8,,0.017779991,0.0
2000-10-27,3.4,0.3,7.0,,0.015239992,0.0
2000-10-28,4.6,2.5,8.6,,0.015239992,0.0
2000-10-29,1.3,-1.6,5.1,,0.015239992,0.0
2000-10-30,-1.1,-3.0,0.8,,0.015239992,0.0
2000-10-31,-1.8,-4.9,3.9,,0.012699993,0.0
2000-11-01,-3.1,-6.6,0.0,,0.012699993,0.0025399986
2000-11-02,-3.3,-6.2,0.0,,0.015239992,0.0
2000-11-03,-0.8,-3.6,1.8,,0.015239992,0.0025399986
2000-11-04,0.8,-4.7,7.8,,0.017779991,0.007619996
2000-11-05,-6.7,-9.0,-4.3,,0.025399987,0.0050799972
2000-11-06,-8.2,-13.0,-2.2,,0.030479984,0.0
2000-11-07,-7.9,-12.9,-1.8,,0.030479984,0.0
2000-11-08,-7.2,-11.3,-2.9,,0.030479984,0.0050799972
2000-11-09,-14.1,-17.2,-11.5,,0.035559982,0.0
2000-11-10,-15.8,-18.7,-12.4,,0.035559982,0.0
2000-11-11,-12.6,-16.4,-7.8,,0.035559982,0.0050799972
2000-11-12,-10.7,-14.5,-4.2,,0.040639978,0.0025399986
2000-11-13,-8.3,-10.6,-3.5,,0.043179978,0.0
2000-11-14,-7.1,-9.9,-3.4,,0.043179978,0.0025399986
2000-11-15,-8.1,-11.2,-4.6,,0.045719974,0.0
2000-11-16,-8.2,-11.6,-2.8,,0.045719974,0.0025399986
2000-11-17,-8.0,-12.0,-3.8,,0.045719974,0.0
2000-11-18,-5.1,-10.0,-1.0,,0.045719974,0.0
2000-11-19,-6.3,-10.0,-0.9,,0.045719974,0.0
2000-11-20,-0.2,-6.1,4.4,,0.045719974,0.0025399986
2000-11-21,2.1,-1.9,7.7,,0.048259974,0.0
2000-11-22,0.9,-2.7,7.6,,0.048259974,0.0
2000-11-23,3.0,-2.1,8.4,,0.048259974,0.0
2000-11-24,-3.1,-4.8,-0.3,,0.048259974,0.0
2000-11-25,-2.1,-5.0,0.9,,0.048259974,0.0
2000-11-26,-3.7,-4.9,-2.6,,0.048259974,0.0050799972
2000-11-27,-4.7,-7.7,-2.1,,0.05333997,0.0050799972
2000-11-28,-7.9,-10.9,-4.5,,0.05841997,0.0
2000-11-29,-3.9,-9.5,-0.5,,0.05841997,0.0101599945
2000-11-30,-3.6,-4.6,0.3,,0.068579964,0.0
2000-12-01,-1.5,-5.8,4.3,,0.068579964,0.0025399986
2000-12-02,0.5,-2.2,3.3,,0.068579964,0.0025399986
2000-12-03,-4.1,-8.4,-0.1,,0.071119964,0.0
2000-12-04,-3.3,-9.8,0.5,,0.071119964,0.0
2000-12-05,-2.7,-5.4,1.4,,0.071119964,0.0
2000-12-06,1.4,-5.5,4.6,,0.071119964,0.0
2000-12-07,-3.9,-7.4,-0.2,,0.071119964,0.0
2000-12-08,-2.8,-6.7,-0.2,,0.071119964,0.0
2000-12-09,-13.9,-21.6,-2.7,,0.071119964,0.015239992
2000-12-10,-16.0,-25.3,-10.4,,0.086359955,0.0
2000-12-11,-16.4,-23.0,-8.4,,0.086359955,0.0
2000-12-12,-15.2,-19.6,-8.8,,0.086359955,0.0025399986
2000-12-13,-10.4,-13.8,-7.0,,0.088899955,0.0101599945
2000-12-14,-5.9,-7.2,-3.7,,0.09905995,0.020319989
2000-12-15,-13.0,-27.7,-4.8,,0.11937994,0.022859987
2000-12-16,-7.7,-17.6,-1.6,,0.13969992,0.015239992
2000-12-17,-6.0,-8.4,-1.9,,0.15493992,0.015239992
2000-12-18,-6.5,-9.0,-3.4,,0.1650999,0.0025399986
2000-12-19,-6.8,-12.7,-1.9,,0.16763991,0.007619996
2000-12-20,-12.5,-15.7,-7.6,,0.17271991,0.0
2000-12-21,-4.9,-13.2,-1.0,,0.17271991,0.007619996
2000-12-22,-2.8,-4.2,-0.6,,0.1803399,0.0
2000-12-23,-3.0,-5.1,-1.3,,0.1803399,0.0025399986
2000-12-24,-3.5,-5.2,3.1,,0.1828799,0.0025399986
2000-12-25,-4.6,-6.3,-1.6,,0.1854199,0.0
2000-12-26,1.3,-2.2,4.5,,0.1854199,0.0
2000-12-27,-0.7,-6.1,4.1,,0.1854199,0.0025399986
2000-12-28,-5.4,-8.1,0.1,,0.1879599,0.0
2000-12-29,-1.1,-6.7,2.8,,0.1879599,0.0025399986
2000-12-30,-2.3,-6.5,0.3,,0.1904999,0.0025399986
2000-12-31,-2.1,-6.5,0.0,,0.1904999,0.0025399986
2001-01-01,-3.3,-4.1,-1.8,,0.1930399,0.0
2001-01-02,0.5,-3.1,3.6,,0.1930399,0.0
2001-01-03,4.1,0.9,7.8,,0.1930399,0.0025399986
2001-01-04,0.1,-1.8,2.0,,0.1930399,0.0025399986
2001-01-05,0.4,-2.7,3.6,,0.1955799,0.0050799972
2001-01-06,-4.2,-9.4,0.2,,0.1981199,0.0
2001-01-07,-3.0,-9.7,5.9,,0.1981199,0.0025399986
2001-01-08,2.4,-0.9,8.4,,0.1981199,0.0025399986
2001-01-09,-1.3,-4.5,0.9,,0.20065989,0.0
2001-01-10,-2.9,-4.7,-0.7,,0.20065989,0.0
2001-01-11,-3.6,-7.1,1.4,,0.20065989,0.0
2001-01-12,-5.0,-7.9,-2.3,,0.20065989,0.0025399986
2001-01-13,-6.5,-9.3,-3.1,,0.2031999,0.0025399986
2001-01-14,-6.6,-9.3,-4.5,,0.2031999,0.0025399986
2001-01-15,-9.8,-12.0,-6.7,,0.20573989,0.0
2001-01-16,-11.4,-17.0,-4.0,,0.20573989,0.0
2001-01-17,-6.0,-11.6,-3.4,,0.20573989,0.0025399986
2001-01-18,-5.1,-8.2,-1.9,,0.20573989,0.0
2001-01-19,-1.9,-4.5,0.1,,0.20573989,0.0025399986
2001-01-20,-4.9,-7.4,-2.4,,0.2082799,0.0
2001-01-21,-0.9,-4.1,1.5,,0.2082799,0.0025399986
2001-01-22,-3.1,-6.4,1.6,,0.21081989,0.0025399986
2001-01-23,-1.7,-6.2,5.9,,0.21081989,0.0
2001-01-24,-0.9,-5.3,4.8,,0.21081989,0.0
2001-01-25,-4.2,-8.6,-1.7,,0.21081989,0.0050799972
2001-01-26,-6.4,-10.9,1.1,,0.21589988,0.0025399986
2001-01-27,-6.2,-11.2,0.8,,0.21589988,0.0
2001-01-28,1.1,-0.8,4.2,,0.21589988,0.0
2001-01-29,-4.4,-8.2,-0.2,,0.21589988,0.0
2001-01-30,-7.3,-8.5,-3.4,,0.21589988,0.0050799972
2001-01-31,-5.0,-7.2,-3.1,,0.22097988,0.0050799972
2001-02-01,-2.5,-4.2,0.7,,0.22605988,0.0
2001-02-02,-3.2,-5.9,-0.5,,0.22605988,0.0101599945
2001-02-03,-6.1,-7.6,-4.3,,0.23621987,0.0050799972
2001-02-04,-2.7,-7.1,-0.7,,0.23875988,0.033019982
2001-02-05,-4.7,-11.2,-1.4,,0.27177987,0.020319989
2001-02-06,-13.3,-17.2,-7.6,,0.28701985,0.0
2001-02-07,-16.7,-20.7,-9.0,,0.28701985,0.0
2001-02-08,-15.1,-20.5,-8.0,,0.28701985,0.0025399986
2001-02-09,-9.5,-14.7,-4.3,,0.28701985,0.0025399986
2001-02-10,-7.4,-10.4,-1.2,,0.28955984,0.0
2001-02-11,-8.3,-10.7,-3.8,,0.28955984,0.0025399986
2001-02-12,-6.6,-11.0,-2.4,,0.29209983,0.007619996
2001-02-13,-11.4,-15.8,-2.7,,0.29971984,0.0050799972
2001-02-14,-8.7,-15.5,-4.2,,0.29971984,0.0050799972
2001-02-15,-17.4,-21.3,-7.5,,0.30479982,0.017779991
2001-02-16,-11.7,-20.0,-4.2,,0.32003984,0.0101599945
2001-02-17,-2.7,-5.3,1.3,,0.3301998,0.0025399986
2001-02-18,-2.2,-4.6,-0.5,,0.33273983,0.0025399986
2001-02-19,-4.1,-8.2,1.6,,0.33527982,0.0
2001-02-20,-3.6,-10.2,4.6,,0.33527982,0.0025399986
2001-02-21,-2.1,-3.6,-0.2,,0.33527982,0.0050799972
2001-02-22,-2.3,-4.6,2.2,,0.3403598,0.007619996
2001-02-23,-3.8,-7.5,2.3,,0.3479798,0.0
2001-02-24,-5.2,-6.5,-0.9,,0.3479798,0.0
2001-02-25,-6.4,-8.8,-4.3,,0.3479798,0.0050799972
2001-02-26,-9.9,-16.5,-1.3,,0.3530598,0.0025399986
2001-02-27,-9.2,-16.5,0.4,,0.3530598,0.0025399986
2001-02-28,-3.3,-11.8,5.4,,0.35559982,0.0025399986
2001-03-01,-1.0,-5.9,4.8,,0.35559982,0.0
2001-03-02,-3.7,-9.9,0.2,,0.35559982,0.0
2001-03-03,-6.0,-11.1,1.9,,0.35559982,0.0
2001-03-04,-1.9,-7.7,5.1,,0.35559982,0.0
2001-03-05,1.7,-2.6,8.4,,0.35559982,0.0025399986
2001-03-06,2.8,-2.3,9.7,,0.35559982,0.0
2001-03-07,4.0,-1.7,11.0,,0.35559982,0.0025399986
2001-03-08,4.6,1.2,9.9,,0.3581398,0.0
2001-03-09,-2.5,-7.1,2.1,,0.3581398,0.0
2001-03-10,-4.2,-8.8,1.2,,0.3581398,0.0
2001-03-11,-4.1,-6.5,-0.2,,0.3581398,0.0
2001-03-12,-1.3,-3.6,1.5,,0.3581398,0.0
2001-03-13,-1.8,-5.8,0.6,,0.3581398,0.020319989
2001-03-14,-4.5,-7.2,0.3,,0.37845978,0.007619996
2001-03-15,-4.6,-8.3,0.7,,0.3835398,0.0025399986
2001-03-16,-2.7,-7.4,3.1,,0.3860798,0.0
2001-03-17,-3.7,-5.5,-0.5,,0.3860798,0.0025399986
2001-03-18,-0.2,-5.0,4.6,,0.3860798,0.0025399986
2001-03-19,0.3,-3.3,2.2,,0.38861978,0.015239992
2001-03-20,-1.0,-6.9,4.3,,0.40131977,0.0
2001-03-21,1.0,-3.3,5.8,,0.40131977,0.0
2001-03-22,1.0,-6.3,7.5,,0.40131977,0.0
2001-03-23,-2.2,-9.0,8.2,,0.40131977,0.0
2001-03-24,-1.9,-10.0,7.8,,0.40131977,0.0
2001-03-25,1.2,-3.7,8.0,,0.40131977,0.0025399986
2001-03-26,-1.6,-5.0,3.3,,0.40131977,0.0025399986
2001-03-27,-2.3,-5.7,1.5,,0.4038598,0.0050799972
2001-03-28,-0.8,-3.0,3.1,,0.40893978,0.0050799972
2001-03-29,-1.3,-3.9,4.0,,0.41147977,0.007619996
2001-03-30,-4.9,-8.3,1.8,,0.41909978,0.007619996
2001-03-31,-2.0,-6.9,2.7,,0.42417976,0.0101599945
2001-04-01,-1.3,-4.1,4.1,,0.43433976,0.0101599945
2001-04-02,-3.3,-6.1,0.5,,0.43941978,0.0101599945
2001-04-03,-5.3,-9.8,3.5,,0.44957975,0.0025399986
2001-04-04,-4.3,-10.9,1.3,,0.44957975,0.0
2001-04-05,-1.8,-8.0,3.9,,0.44957975,0.0025399986
2001-04-06,0.1,-3.6,5.5,,0.45211977,0.0
2001-04-07,1.4,-3.5,7.2,,0.45211977,0.0050799972
2001-04-08,-3.3,-5.3,0.0,,0.45719975,0.0050799972
2001-04-09,-3.8,-5.8,1.1,,0.45719975,0.0050799972
2001-04-10,-3.6,-6.5,2.7,,0.46227974,0.0050799972
2001-04-11,-6.4,-8.0,-3.4,,0.46481976,0.0050799972
2001-04-12,-4.6,-7.9,0.7,,0.46989974,0.007619996
2001-04-13,-4.4,-6.5,1.4,,0.47497976,0.0025399986
2001-04-14,-3.8,-7.0,1.3,,0.47751975,0.0
2001-04-15,-1.2,-8.3,6.1,,0.47751975,0.0
2001-04-16,-0.4,-7.5,7.7,,0.47751975,0.0
2001-04-17,5.9,-0.1,12.2,,0.47751975,0.0
2001-04-18,5.9,0.0,11.0,,0.46735975,0.0
2001-04-19,-0.1,-3.7,6.0,,0.45465976,0.0101599945
2001-04-20,-3.5,-6.6,-1.8,,0.45973974,0.0101599945
2001-04-21,-4.4,-7.4,0.3,,0.46989974,0.0050799972
2001-04-22,0.3,-4.9,7.2,,0.47497976,0.0025399986
2001-04-23,1.2,-0.8,4.7,,0.47497976,0.0
2001-04-24,5.6,0.5,11.6,,0.47497976,0.0
2001-04-25,9.0,4.8,15.0,,0.47243974,0.0
2001-04-26,11.6,5.4,18.0,,0.45719975,0.0
2001-04-27,10.4,4.3,17.2,,0.43687975,0.0
2001-04-28,6.5,-1.8,14.9,,0.4165598,0.0025399986
2001-04-29,0.6,-3.5,6.1,,0.3962398,0.0101599945
2001-04-30,0.8,-2.3,4.3,,0.40131977,0.025399987
2001-05-01,-2.5,-4.7,1.9,,0.42417976,0.012699993
2001-05-02,-1.6,-4.8,6.0,,0.43433976,0.0050799972
2001-05-03,2.8,-5.1,8.9,,0.43941978,0.0
2001-05-04,7.1,1.3,12.9,,0.43433976,0.0025399986
2001-05-05,1.6,-3.4,6.4,,0.42163977,0.0
2001-05-06,1.1,-4.4,7.6,,0.40893978,0.0
2001-05-07,5.4,-0.9,11.5,,0.4038598,0.0025399986
2001-05-08,8.1,4.0,13.3,,0.3911598,0.0
2001-05-09,6.3,2.4,11.6,,0.3708398,0.0
2001-05-10,4.2,-0.9,9.5,,0.34543982,0.0
2001-05-11,9.2,1.6,15.1,,0.33273983,0.0
2001-05-12,14.5,7.5,22.0,,0.30733985,0.0
2001-05-13,12.1,7.7,17.3,,0.27939984,0.0
2001-05-14,7.7,1.9,14.7,,0.23875988,0.0050799972
2001-05-15,3.4,0.9,7.8,,0.21081989,0.012699993
2001-05-16,0.9,-0.9,3.4,,0.21081989,0.0101599945
2001-05-17,4.0,-1.8,9.0,,0.21335988,0.0
2001-05-18,2.9,1.0,6.9,,0.1981199,0.0
2001-05-19,4.6,0.7,10.6,,0.1803399,0.0
2001-05-20,1.9,-2.5,6.9,,0.16255991,0.0
2001-05-21,6.3,-0.8,13.5,,0.14985992,0.0
2001-05-22,11.8,4.9,18.6,,0.12445993,0.0
2001-05-23,15.3,9.3,22.0,,0.081279956,0.0
2001-05-24,16.5,10.7,22.2,,0.043179978,0.0
2001-05-25,14.0,7.8,19.1,,0.020319989,0.0
2001-05-26,13.1,6.7,20.2,,0.0101599945,0.0
2001-05-27,11.6,7.1,18.3,,0.0,0.0
2001-05-28,10.7,6.2,17.8,,0.0,0.0025399986
2001-05-29,4.1,-0.8,9.1,,0.0,0.0025399986
2001-05-30,5.1,-0.4,11.5,,0.0,0.0
2001-05-31,9.4,4.1,15.5,,0.0,0.0
2001-06-01,14.5,6.7,20.8,,0.0,0.0
2001-06-02,7.9,3.2,12.2,,0.0,0.0
2001-06-03,0.3,-1.9,3.0,,0.0,0.045719974
2001-06-04,1.8,-2.2,8.1,,0.038099978,0.007619996
2001-06-05,5.0,-1.7,12.5,,0.030479984,0.0025399986
2001-06-06,4.3,1.4,9.1,,0.0101599945,0.0
2001-06-07,7.3,2.9,13.1,,0.0,0.0
2001-06-08,11.9,3.5,19.0,,0.0,0.0
2001-06-09,9.6,5.8,13.6,,0.0,0.007619996
2001-06-10,7.3,2.7,12.5,,0.0,0.0
2001-06-11,5.9,0.7,11.9,,0.0,0.0
2001-06-12,2.2,-0.5,5.5,,0.0,0.035559982
2001-06-13,4.1,1.4,9.5,,0.012699993,0.0101599945
2001-06-14,4.1,1.8,9.8,,0.007619996,0.007619996
2001-06-15,5.0,1.8,10.0,,0.0,0.0
2001-06-16,9.7,1.2,16.3,,0.0,0.0
2001-06-17,9.2,2.8,14.8,,0.0,0.0
2001-06-18,4.5,1.2,10.4,,0.0,0.0
2001-06-19,8.6,1.6,15.9,,0.0,0.0
2001-06-20,12.7,5.0,19.5,,0.0,0.0
2001-06-21,16.9,11.2,22.6,,0.0,0.0
2001-06-22,16.6,12.2,22.0,,0.0,0.0
2001-06-23,16.1,10.7,22.3,,0.0,0.0
2001-06-24,12.4,6.5,19.4,,0.0,0.0025399986
2001-06-25,8.6,3.9,14.4,,0.0,0.0
2001-06-26,13.5,7.0,21.2,,0.0,0.0
2001-06-27,14.2,8.2,23.4,,0.0,0.012699993
2001-06-28,11.1,5.9,17.4,,0.0,0.0050799972
2001-06-29,14.0,7.0,20.4,,0.0,0.0
2001-06-30,13.4,7.4,20.0,,0.0,0.0
2001-07-01,16.3,10.7,21.8,,0.0,0.0
2001-07-02,16.3,10.2,22.2,,0.0,0.0
2001-07-03,18.5,13.1,25.8,,0.0,0.0
2001-07-04,20.6,13.4,26.8,,0.0,0.0
2001-07-05,15.5,10.6,19.1,,0.0,0.0
2001-07-06,13.7,9.0,21.2,,0.0,0.0
2001-07-07,16.3,10.7,21.6,,0.0,0.0
2001-07-08,17.6,14.1,23.5,,0.0,0.0
2001-07-09,17.0,13.5,21.9,,0.0,0.0
2001-07-10,16.8,13.5,23.7,,0.0,0.0
2001-07-11,18.3,12.9,24.8,,0.0,0.0050799972
2001-07-12,14.2,9.9,20.3,,0.0,0.0
2001-07-13,13.4,10.2,19.9,,0.0,0.0
2001-07-14,16.0,10.8,21.3,,0.0,0.0
2001-07-15,12.4,6.7,20.0,,0.0,0.015239992
2001-07-16,10.0,4.9,17.0,,0.0,0.007619996
2001-07-17,8.6,3.2,13.8,,0.0,0.0
2001-07-18,9.1,5.1,14.7,,0.0,0.0
2001-07-19,10.7,4.3,16.7,,0.0,0.0
2001-07-20,12.8,8.9,20.1,,0.0,0.0
2001-07-21,12.9,6.4,20.3,,0.0,0.0050799972
2001-07-22,10.2,6.5,14.8,,0.0,0.0
2001-07-23,12.8,5.9,19.6,,0.0,0.0
2001-07-24,13.9,9.8,20.2,,0.0,0.0
2001-07-25,13.9,9.3,19.7,,0.0,0.0
2001-07-26,14.0,6.3,20.8,,0.0,0.0025399986
2001-07-27,16.5,9.1,22.6,,0.0,0.0
2001-07-28,13.9,6.4,21.4,,0.0,0.0050799972
2001-07-29,8.0,5.4,12.2,,0.0,0.0050799972
2001-07-30,7.6,4.3,12.5,,0.0,0.0050799972
2001-07-31,5.5,2.0,7.3,,0.0,0.035559982
2001-08-01,12.0,5.5,17.5,,0.0,0.0
2001-08-02,17.3,10.8,23.4,,0.0,0.0
2001-08-03,20.3,14.1,28.1,,0.0,0.0
2001-08-04,14.8,9.9,21.5,,0.0,0.0
2001-08-05,15.3,8.1,21.4,,0.0,0.0
2001-08-06,20.0,14.3,26.1,,0.0,0.0
2001-08-07,21.2,15.4,26.6,,0.0,0.0
2001-08-08,11.7,7.6,16.0,,0.0,0.0
2001-08-09,11.2,7.0,18.4,,0.0,0.0
2001-08-10,15.6,8.9,22.2,,0.0,0.0
2001-08-11,17.0,11.8,22.3,,0.0,0.0
2001-08-12,19.1,12.5,25.8,,0.0,0.0
2001-08-13,19.5,14.8,25.7,,0.0,0.0
2001-08-14,16.2,12.0,22.6,,0.0,0.0
2001-08-15,16.0,10.2,23.0,,0.0,0.0
2001-08-16,18.1,14.1,24.3,,0.0,0.0
2001-08-17,19.5,12.5,26.5,,0.0,0.0
2001-08-18,19.4,12.7,26.4,,0.0,0.0
2001-08-19,13.4,9.0,18.4,,0.0,0.0
2001-08-20,14.9,9.4,20.6,,0.0,0.0
2001-08-21,15.4,10.7,21.1,,0.0,0.0
2001-08-22,17.5,10.5,24.1,,0.0,0.0
2001-08-23,14.2,8.8,18.6,,0.0,0.0
2001-08-24,11.0,7.0,16.9,,0.0,0.0025399986
2001-08-25,14.6,7.4,20.9,,0.0,0.0
2001-08-26,17.0,10.2,23.3,,0.0,0.0
2001-08-27,20.1,14.0,26.1,,0.0,0.0
2001-08-28,15.7,7.8,22.3,,0.0,0.0
2001-08-29,13.8,7.5,21.8,,0.0,0.0
2001-08-30,16.7,10.3,24.4,,0.0,0.0
2001-08-31,16.5,12.3,22.6,,0.0,0.0
2001-09-01,14.9,10.4,20.1,,0.0,0.0
2001-09-02,13.4,6.4,20.6,,0.0,0.0
2001-09-03,16.2,11.9,21.8,,0.0,0.0
2001-09-04,16.9,9.6,24.5,,0.0,0.0050799972
2001-09-05,10.3,4.7,18.1,,0.0,0.017779991
2001-09-06,7.0,3.9,12.9,,0.0,0.015239992
2001-09-07,2.1,0.1,5.3,,0.0,0.0
2001-09-08,6.3,0.6,12.1,,0.0,0.0
2001-09-09,9.8,1.6,16.1,,0.0,0.0
2001-09-10,11.7,3.8,19.2,,0.0,0.0050799972
2001-09-11,8.8,2.5,19.7,,0.0,0.0
2001-09-12,10.8,3.8,18.4,,0.0,0.0025399986
2001-09-13,11.6,6.6,18.9,,0.0,0.0
2001-09-14,10.4,6.0,17.8,,0.0,0.0
2001-09-15,11.7,5.0,19.3,,0.0,0.0050799972
2001-09-16,11.6,6.6,17.9,,0.0,0.0
2001-09-17,11.7,6.0,18.6,,0.0,0.0
2001-09-18,12.0,8.2,17.6,,0.0,0.0025399986
2001-09-19,8.8,3.1,14.0,,0.0,0.0025399986
2001-09-20,9.6,2.3,15.5,,0.0,0.0
2001-09-21,11.3,7.8,16.1,,0.0,0.0
2001-09-22,11.5,5.3,17.8,,0.0,0.0
2001-09-23,15.9,9.8,22.5,,0.0,0.0
2001-09-24,18.1,12.8,24.9,,0.0,0.0
2001-09-25,18.3,10.5,25.9,,0.0,0.0
2001-09-26,10.7,6.6,15.2,,0.0,0.0
2001-09-27,14.3,8.2,20.8,,0.0,0.0
2001-09-28,10.4,6.4,16.4,,0.0,0.0
2001-09-29,10.1,5.2,14.8,,0.0,0.0
2001-09-30,14.0,9.7,19.5,,0.0,0.0
2001-10-01,14.1,6.0,18.7,,0.0,0.0
2001-10-02,7.7,-0.7,14.6,,0.0,0.0
2001-10-03,4.9,-1.4,11.0,,0.0,0.0025399986
2001-10-04,-2.9,-7.1,1.5,,0.0,0.0025399986
2001-10-05,3.1,-5.6,12.0,,0.0,0.0
2001-10-06,8.3,4.0,12.9,,0.0,0.0
2001-10-07,3.5,0.6,9.0,,0.0,0.0
2001-10-08,2.1,-0.5,6.6,,0.0,0.0025399986
2001-10-09,-0.6,-1.8,3.1,,0.0025399986,0.0
2001-10-10,1.1,-2.0,6.0,,0.0025399986,0.0025399986
2001-10-11,-0.5,-3.5,2.7,,0.0025399986,0.012699993
2001-10-12,-1.5,-3.1,0.9,,0.015239992,0.007619996
2001-10-13,1.5,-0.5,5.2,,0.017779991,0.0
2001-10-14,-2.2,-6.7,1.0,,0.017779991,0.0101599945
2001-10-15,1.5,-5.6,7.9,,0.025399987,0.0
2001-10-16,8.4,3.9,12.8,,0.025399987,0.0
2001-10-17,-0.5,-4.1,6.4,,0.022859987,0.0
2001-10-18,-2.1,-4.1,1.8,,0.020319989,0.0025399986
2001-10-19,0.2,-1.9,2.0,,0.020319989,0.0050799972
2001-10-20,0.1,-1.6,2.7,,0.025399987,0.0
2001-10-21,2.7,-1.0,7.5,,0.025399987,0.0025399986
2001-10-22,0.4,-0.4,1.6,,0.027939985,0.022859987
2001-10-23,-2.9,-3.8,0.6,,0.050799973,0.040639978
2001-10-24,-4.5,-5.9,-1.4,,0.09143995,0.027939985
2001-10-25,-2.0,-4.2,-0.3,,0.10667994,0.0025399986
2001-10-26,4.7,-0.4,8.3,,0.10921994,0.0
2001-10-27,7.2,4.4,11.6,,0.10921994,0.0
2001-10-28,0.8,-0.9,3.9,,0.10921994,0.007619996
2001-10-29,3.7,1.5,5.6,,0.11175994,0.0025399986
2001-10-30,4.8,3.4,6.9,,0.11429994,0.0101599945
2001-10-31,0.4,-1.9,3.5,,0.11429994,0.012699993
2001-11-01,-1.0,-1.9,-0.1,,0.11429994,0.0025399986
2001-11-02,1.6,-0.3,2.6,,0.11429994,0.0
2001-11-03,5.6,2.1,8.5,,0.11429994,0.0
2001-11-04,7.7,5.3,11.5,,0.11175994,0.0
2001-11-05,4.9,-0.2,8.7,,0.11175994,0.0
2001-11-06,1.7,-2.3,6.4,,0.10921994,0.0
2001-11-07,-1.2,-5.5,3.0,,0.10921994,0.0
2001-11-08,4.0,-0.6,7.4,,0.10667994,0.0
2001-11-09,7.3,5.6,10.2,,0.10667994,0.0
2001-11-10,4.5,1.9,7.7,,0.10667994,0.0
2001-11-11,5.0,2.2,8.8,,0.10667994,0.0
2001-11-12,5.8,3.5,9.9,,0.10667994,0.0
2001-11-13,5.0,2.2,9.7,,0.10667994,0.0
2001-11-14,3.4,1.8,4.9,,0.10413995,0.0
2001-11-15,6.8,3.7,10.6,,0.10413995,0.0
2001-11-16,6.3,4.2,9.1,,0.10413995,0.0
2001-11-17,3.5,-1.0,6.8,,0.10413995,0.0025399986
2001-11-18,-2.3,-4.5,2.4,,0.10413995,0.0
2001-11-19,2.7,-2.1,4.6,,0.10413995,0.0
2001-11-20,2.5,1.4,3.8,,0.10413995,0.0
2001-11-21,-0.7,-2.9,2.3,,0.10413995,0.007619996
2001-11-22,-0.8,-2.6,1.4,,0.10921994,0.017779991
2001-11-23,-3.0,-5.2,-0.9,,0.12699993,0.0101599945
2001-11-24,-5.8,-9.1,-0.9,,0.13461992,0.0
2001-11-25,-8.1,-9.9,-5.2,,0.13461992,0.0050799972
2001-11-26,-7.6,-10.6,-2.2,,0.13969992,0.0025399986
2001-11-27,-8.9,-11.5,-7.1,,0.13969992,0.0025399986
2001-11-28,-8.1,-12.0,-4.2,,0.14223993,0.0101599945
2001-11-29,-3.6,-6.1,-1.3,,0.15239991,0.0050799972
2001-11-30,-7.0,-8.3,-6.1,,0.15747991,0.007619996
2001-12-01,-4.5,-6.8,-3.0,,0.1650999,0.012699993
2001-12-02,-3.2,-4.6,-1.5,,0.17779991,0.012699993
2001-12-03,-4.8,-8.8,-2.3,,0.1904999,0.0101599945
2001-12-04,-8.8,-10.3,-7.0,,0.20065989,0.0025399986
2001-12-05,-8.5,-10.4,-5.8,,0.2031999,0.012699993
2001-12-06,-6.4,-9.8,-4.6,,0.21335988,0.020319989
2001-12-07,-5.2,-6.5,-3.4,,0.23113987,0.0050799972
2001-12-08,-0.3,-4.0,3.5,,0.23621987,0.0025399986
2001-12-09,-5.2,-8.7,-1.3,,0.23875988,0.0025399986
2001-12-10,-9.4,-12.0,-6.9,,0.24129987,0.0
2001-12-11,-9.4,-11.9,-5.1,,0.24129987,0.0025399986
2001-12-12,-8.6,-10.4,-6.6,,0.24129987,0.0025399986
2001-12-13,-3.1,-6.8,-0.5,,0.24129987,0.020319989
2001-12-14,-5.1,-10.3,-0.6,,0.26161987,0.017779991
2001-12-15,-9.5,-10.9,-5.2,,0.27939984,0.0025399986
2001-12-16,-3.3,-8.2,-0.5,,0.28193983,0.007619996
2001-12-17,-5.0,-11.4,-0.5,,0.28955984,0.0050799972
2001-12-18,-8.0,-13.7,-3.3,,0.29463986,0.007619996
2001-12-19,-6.5,-9.6,-5.2,,0.30225983,0.0050799972
2001-12-20,-4.4,-9.7,-0.4,,0.30479982,0.0050799972
2001-12-21,-4.5,-7.5,-2.2,,0.30733985,0.0025399986
2001-12-22,-7.3,-10.3,-0.7,,0.30987984,0.0
2001-12-23,-5.9,-9.3,0.1,,0.30987984,0.0
2001-12-24,-6.1,-10.3,-0.7,,0.30987984,0.0
2001-12-25,-3.1,-7.8,4.3,,0.30987984,0.0025399986
2001-12-26,-3.8,-10.2,3.7,,0.31241983,0.0
2001-12-27,-2.6,-8.1,2.3,,0.31241983,0.0025399986
2001-12-28,-7.1,-9.3,-1.3,,0.31495982,0.0050799972
2001-12-29,-8.3,-10.8,-5.0,,0.31749982,0.0
2001-12-30,-7.6,-12.8,-2.8,,0.31749982,0.0025399986
2001-12-31,-7.4,-9.9,-2.8,,0.31749982,0.0
2002-01-01,-5.6,-10.4,0.4,,0.31749982,0.0025399986
2002-01-02,-0.1,-5.1,4.7,,0.32003984,0.0
2002-01-03,-1.3,-5.3,2.4,,0.32003984,0.0
2002-01-04,-4.9,-5.6,-1.2,,0.31749982,0.0
2002-01-05,-3.4,-4.9,-1.6,,0.31749982,0.0025399986
2002-01-06,0.1,-2.0,1.6,,0.32003984,0.0050799972
2002-01-07,3.1,1.6,5.6,,0.32511982,0.015239992
2002-01-08,0.2,-2.2,4.0,,0.3403598,0.025399987
2002-01-09,-2.7,-5.6,1.3,,0.3606798,0.007619996
2002-01-10,-1.7,-4.5,2.0,,0.3657598,0.0
2002-01-11,-0.7,-2.7,1.8,,0.3657598,0.0
2002-01-12,-1.0,-3.9,3.3,,0.3657598,0.022859987
2002-01-13,-6.0,-8.7,-3.1,,0.38861978,0.0050799972
2002-01-14,-10.0,-11.8,-8.1,,0.3936998,0.0
2002-01-15,-10.1,-12.8,-4.8,,0.3936998,0.0
2002-01-16,-11.1,-13.6,-8.2,,0.3911598,0.0
2002-01-17,-10.3,-12.5,-7.9,,0.3911598,0.0050799972
2002-01-18,-11.5,-14.3,-9.5,,0.3911598,0.0025399986
2002-01-19,-7.4,-9.5,-5.8,,0.3911598,0.020319989
2002-01-20,-7.0,-8.5,-5.3,,0.41147977,0.035559982
2002-01-21,-7.0,-9.9,-5.2,,0.44703975,0.017779991
2002-01-22,-10.2,-10.9,-8.8,,0.46481976,0.012699993
2002-01-23,-9.9,-10.7,-8.1,,0.47751975,0.020319989
2002-01-24,-4.1,-7.9,-2.5,,0.49783972,0.048259974
2002-01-25,-2.2,-2.8,-1.4,,0.5460997,0.048259974
2002-01-26,-4.9,-10.5,-2.4,,0.5943597,0.020319989
2002-01-27,-10.6,-13.6,-7.0,,0.61213964,0.0
2002-01-28,-13.2,-17.8,-4.3,,0.61213964,0.0025399986
2002-01-29,-13.6,-15.4,-11.1,,0.61213964,0.0050799972
2002-01-30,-11.7,-14.7,-8.4,,0.6172197,0.0025399986
2002-01-31,-7.1,-9.2,-5.9,,0.6197597,0.0050799972
2002-02-01,-6.3,-7.0,-5.0,,0.62483966,0.012699993
2002-02-02,-6.1,-7.4,-3.5,,0.6375397,0.0025399986
2002-02-03,-3.6,-6.4,2.1,,0.6400797,0.0025399986
2002-02-04,-5.6,-7.2,-2.3,,0.64261967,0.0025399986
2002-02-05,0.0,-5.3,5.6,,0.64515966,0.0025399986
2002-02-06,-1.0,-5.2,3.3,,0.64515966,0.0
2002-02-07,-1.8,-2.6,-0.6,,0.64515966,0.025399987
2002-02-08,-4.9,-7.2,-2.0,,0.67055964,0.020319989
2002-02-09,-6.2,-8.7,-2.3,,0.68579966,0.0050799972
2002-02-10,0.9,-4.5,6.9,,0.69087964,0.0050799972
2002-02-11,-6.8,-9.8,-1.5,,0.6959596,0.0
2002-02-12,-6.6,-11.0,-1.0,,0.6959596,0.0025399986
2002-02-13,-3.1,-7.6,2.4,,0.6984996,0.0025399986
2002-02-14,-6.8,-11.2,-2.0,,0.6984996,0.0
2002-02-15,-0.9,-6.4,6.2,,0.6984996,0.0025399986
2002-02-16,1.6,-2.0,6.6,,0.7010396,0.0050799972
2002-02-17,-1.3,-4.5,2.9,,0.7061196,0.0
2002-02-18,-3.3,-5.3,-1.3,,0.7061196,0.0
2002-02-19,-2.9,-5.1,0.0,,0.7061196,0.0050799972
2002-02-20,-4.0,-6.3,0.7,,0.7086596,0.0050799972
2002-02-21,-0.9,-6.4,2.6,,0.71119964,0.015239992
2002-02-22,1.4,-1.4,1.8,,0.7264396,0.040639978
2002-02-23,-11.8,-17.2,-2.1,,0.7670796,0.0025399986
2002-02-24,-19.6,-24.8,-15.3,,0.7696196,0.0050799972
2002-02-25,-17.5,-23.4,-9.8,,0.7696196,0.0050799972
2002-02-26,-10.6,-19.4,-1.1,,0.77469957,0.0050799972
2002-02-27,-10.4,-14.7,-7.3,,0.77977955,0.007619996
2002-02-28,-12.9,-19.8,-7.6,,0.7873996,0.0
2002-03-01,-12.8,-16.6,-5.8,,0.7873996,0.0025399986
2002-03-02,-11.8,-16.5,-4.4,,0.7873996,0.0025399986
2002-03-03,-8.0,-12.5,-4.4,,0.7899396,0.0050799972
2002-03-04,-1.9,-5.5,2.9,,0.79501957,0.007619996
2002-03-05,-7.0,-20.7,1.8,,0.80263954,0.0025399986
2002-03-06,-19.0,-22.1,-16.0,,0.80263954,0.017779991
2002-03-07,-17.2,-22.2,-5.4,,0.82041955,0.0025399986
2002-03-08,-13.7,-19.0,-8.6,,0.82041955,0.0050799972
2002-03-09,-7.6,-12.3,-3.7,,0.82549953,0.007619996
2002-03-10,-2.4,-4.4,1.8,,0.8331196,0.0101599945
2002-03-11,-1.1,-3.9,1.0,,0.84327954,0.040639978
2002-03-12,-3.9,-7.1,0.0,,0.88391954,0.017779991
2002-03-13,-5.6,-10.6,0.6,,0.9016995,0.0
2002-03-14,-6.2,-12.1,1.5,,0.9016995,0.0050799972
2002-03-15,-6.4,-9.3,-1.7,,0.9067795,0.0
2002-03-16,-12.6,-20.3,-6.3,,0.9067795,0.0050799972
2002-03-17,-13.7,-20.6,-3.4,,0.9118595,0.0
2002-03-18,-9.6,-11.8,-6.2,,0.9118595,0.0101599945
2002-03-19,-6.1,-14.2,-3.1,,0.9220195,0.048259974
2002-03-20,-20.6,-24.4,-15.4,,0.97027946,0.027939985
2002-03-21,-6.6,-22.8,6.6,,0.9982195,0.0101599945
2002-03-22,4.4,-2.4,13.3,,1.0083795,0.0
2002-03-23,1.7,-5.7,9.8,,1.0058395,0.0
2002-03-24,-1.4,-5.7,7.9,,1.0058395,0.0
2002-03-25,0.1,-3.3,6.1,,1.0058395,0.0
2002-03-26,0.4,-2.6,5.6,,1.0058395,0.0025399986
2002-03-27,-4.6,-6.2,-2.0,,1.0083795,0.012699993
2002-03-28,-3.8,-5.6,0.2,,1.0210794,0.022859987
2002-03-29,-2.7,-4.3,2.3,,1.0439395,0.0101599945
2002-03-30,-2.0,-3.5,0.3,,1.0540994,0.0101599945
2002-03-31,1.1,-2.5,5.4,,1.0642594,0.0050799972
2002-04-01,-11.3,-19.7,0.6,,1.0693394,0.027939985
2002-04-02,-12.8,-21.9,-3.7,,1.0972794,0.0101599945
2002-04-03,-3.7,-13.0,4.8,,1.1074394,0.0025399986
2002-04-04,1.8,-4.2,9.0,,1.1099794,0.0025399986
2002-04-05,7.2,-0.5,15.3,,1.1048994,0.0025399986
2002-04-06,1.6,-0.4,5.9,,1.0998194,0.0
2002-04-07,-0.5,-2.9,4.6,,1.0947394,0.0101599945
2002-04-08,0.6,-4.0,5.5,,1.1023594,0.0025399986
2002-04-09,1.8,-1.5,5.4,,1.1048994,0.0050799972
2002-04-10,1.3,-0.5,5.6,,1.1099794,0.0050799972
2002-04-11,2.3,-0.8,7.8,,1.1125194,0.0025399986
2002-04-12,2.3,1.3,5.4,,1.1150594,0.007619996
2002-04-13,3.8,1.8,7.1,,1.1226794,0.0101599945
2002-04-14,1.2,-5.8,5.2,,1.1328394,0.025399987
2002-04-15,-3.1,-6.6,2.3,,1.1582394,0.0
2002-04-16,-1.7,-6.1,4.3,,1.1506194,0.0
2002-04-17,-2.7,-5.7,0.9,,1.1429994,0.0050799972
2002-04-18,-4.0,-7.9,4.4,,1.1480794,0.0025399986
2002-04-19,-2.0,-8.1,5.5,,1.1506194,0.0
2002-04-20,0.3,-7.1,8.1,,1.1506194,0.0
2002-04-21,-0.1,-2.8,3.0,,1.1506194,0.0025399986
2002-04-22,2.7,-0.5,7.4,,1.1531594,0.0
2002-04-23,-4.5,-8.7,1.5,,1.1531594,0.0050799972
2002-04-24,-3.2,-7.8,3.9,,1.1582394,0.0
2002-04-25,-0.5,-6.4,6.3,,1.1582394,0.0025399986
2002-04-26,-0.3,-4.9,7.5,,1.1607794,0.0
2002-04-27,-2.0,-5.5,3.4,,1.1607794,0.0
2002-04-28,0.8,-2.0,5.3,,1.1607794,0.0025399986
2002-04-29,3.7,-1.4,9.4,,1.1633193,0.0
2002-04-30,0.6,-3.7,5.4,,1.1633193,0.0
2002-05-01,1.9,-4.3,7.8,,1.1633193,0.0
2002-05-02,5.2,-0.1,11.0,,1.1633193,0.0
2002-05-03,0.8,-2.6,5.1,,1.1633193,0.0025399986
2002-05-04,0.9,-2.7,6.9,,1.1556994,0.0
2002-05-05,-0.9,-3.1,4.4,,1.1480794,0.0050799972
2002-05-06,-1.2,-5.1,4.9,,1.1404594,0.0050799972
2002-05-07,-4.2,-8.3,2.1,,1.1455394,0.007619996
2002-05-08,-3.9,-8.5,2.9,,1.1506194,0.0050799972
2002-05-09,-0.5,-8.4,5.4,,1.1531594,0.0
2002-05-10,-0.2,-5.0,6.0,,1.1531594,0.0025399986
2002-05-11,3.7,-2.8,10.1,,1.1531594,0.0
2002-05-12,7.2,0.3,13.5,,1.1480794,0.0025399986
2002-05-13,10.7,3.9,16.3,,1.1506194,0.0
2002-05-14,2.8,-1.3,9.1,,1.1277593,0.0
2002-05-15,0.9,-2.2,6.3,,1.0972794,0.0
2002-05-16,2.0,-2.3,9.1,,1.0820394,0.0025399986
2002-05-17,6.3,-1.2,14.0,,1.0820394,0.0025399986
2002-05-18,8.4,3.0,14.9,,1.0718794,0.0
2002-05-19,12.8,4.9,20.2,,1.0363195,0.0
2002-05-20,12.1,5.5,19.8,,0.99567944,0.0
2002-05-21,3.2,0.9,6.0,,0.9575795,0.0025399986
2002-05-22,-1.8,-5.5,1.5,,0.9220195,0.025399987
2002-05-23,-1.0,-6.1,4.2,,0.9093195,0.0025399986
2002-05-24,2.9,-2.4,8.5,,0.9093195,0.0025399986
2002-05-25,6.3,1.0,11.8,,0.9118595,0.0025399986
2002-05-26,6.5,2.6,11.4,,0.9143995,0.0050799972
2002-05-27,8.9,4.9,14.1,,0.8940795,0.0
2002-05-28,8.1,5.2,11.0,,0.84581953,0.0
2002-05-29,9.6,6.2,13.9,,0.8077196,0.0
2002-05-30,9.5,5.9,14.7,,0.7721596,0.0050799972
2002-05-31,10.3,4.2,16.1,,0.7619996,0.0
2002-06-01,8.4,3.1,17.7,,0.7010396,0.0025399986
2002-06-02,5.5,2.3,11.6,,0.6375397,0.0050799972
2002-06-03,6.1,1.5,12.9,,0.5816597,0.007619996
2002-06-04,9.4,4.7,14.9,,0.54355973,0.0
2002-06-05,8.7,6.0,12.8,,0.50037974,0.0
2002-06-06,6.2,2.4,9.8,,0.46481976,0.0
2002-06-07,4.7,-0.5,10.8,,0.4165598,0.0
2002-06-08,2.0,-1.3,7.4,,0.3860798,0.007619996
2002-06-09,1.0,-0.6,4.2,,0.3835398,0.015239992
2002-06-10,0.6,-1.1,3.9,,0.39877978,0.027939985
2002-06-11,3.8,-0.5,8.6,,0.42671975,0.0050799972
2002-06-12,7.3,3.8,14.5,,0.43179977,0.0
2002-06-13,10.7,3.6,17.6,,0.4165598,0.0
2002-06-14,12.3,5.9,20.5,,0.38861978,0.0
2002-06-15,14.7,7.3,20.9,,0.3403598,0.0
2002-06-16,14.8,7.5,21.6,,0.28701985,0.0050799972
2002-06-17,9.9,5.1,14.5,,0.24383987,0.0025399986
2002-06-18,3.9,0.8,9.4,,0.1930399,0.012699993
2002-06-19,4.3,0.8,7.9,,0.1752599,0.0025399986
2002-06-20,11.1,3.9,18.2,,0.14985992,0.0
2002-06-21,14.6,8.6,22.4,,0.10921994,0.0
2002-06-22,12.8,8.3,19.0,,0.05587997,0.025399987
2002-06-23,12.4,8.6,18.0,,0.017779991,0.0
2002-06-24,13.8,8.6,19.5,,0.0,0.0
2002-06-25,17.4,12.6,22.8,,0.0,0.0
2002-06-26,20.1,14.1,26.6,,0.0,0.0
2002-06-27,18.5,11.6,26.0,,0.0,0.0
2002-06-28,14.4,11.3,18.6,,0.0,0.0
2002-06-29,9.1,6.2,14.8,,0.0,0.020319989
2002-06-30,10.1,6.5,14.9,,0.0,0.0
2002-07-01,8.9,5.4,12.7,,0.0,0.0
2002-07-02,11.5,4.5,18.1,,0.0,0.0
2002-07-03,15.0,9.6,22.6,,0.0,0.0
2002-07-04,13.2,8.2,17.4,,0.0,0.0
2002-07-05,11.8,5.4,18.5,,0.0,0.0
2002-07-06,17.5,10.7,25.3,,0.0,0.0
2002-07-07,16.0,11.0,24.2,,0.0,0.0
2002-07-08,10.4,6.4,15.3,,0.0,0.0101599945
2002-07-09,12.2,6.0,20.2,,0.0,0.0
2002-07-10,16.2,7.0,26.5,,0.0,0.0
2002-07-11,23.7,16.4,30.4,0.0,0.0,0.0
2002-07-12,25.1,20.2,30.8,0.0,0.0,0.0025399986
2002-07-13,24.9,19.9,31.6,0.0,0.0,0.0
2002-07-14,20.3,13.0,26.9,0.0,0.0,0.0025399986
2002-07-15,18.1,11.0,25.3,0.0,0.0,0.0050799972
2002-07-16,18.1,13.7,24.7,0.0,0.0,0.0
2002-07-17,20.0,13.4,27.1,0.0,0.0,0.0
2002-07-18,21.1,15.3,27.9,0.0,0.0,0.0
2002-07-19,16.5,12.3,21.3,0.0,0.0,0.0
2002-07-20,15.4,10.8,20.6,0.0,0.0,0.0
2002-07-21,12.2,7.4,17.7,0.0,0.0,0.0
2002-07-22,12.3,6.4,19.8,0.0,0.0,0.0
2002-07-23,17.3,10.8,24.8,0.0,0.0,0.0
2002-07-24,18.3,12.1,23.7,0.0,0.0,0.0
2002-07-25,17.9,10.3,24.2,0.0,0.0,0.0
2002-07-26,14.4,11.0,19.3,0.0,0.0,0.0
2002-07-27,12.9,9.3,18.6,0.0,0.0,0.0
2002-07-28,12.5,8.1,18.5,0.0,0.0,0.0
2002-07-29,12.6,10.2,15.8,0.0,0.0,0.0
2002-07-30,15.2,10.5,21.3,0.0,0.0,0.0
2002-07-31,10.6,2.5,15.1,0.0,0.0,0.0
2002-08-01,9.3,0.8,19.6,0.0,0.0,0.0
2002-08-02,12.9,5.6,19.9,0.0,0.0,0.0
2002-08-03,8.3,2.4,15.7,0.0,0.0,0.0
2002-08-04,9.3,4.9,16.2,0.0,0.0,0.0101599945
2002-08-05,11.0,7.2,19.8,0.0,0.0,0.0025399986
2002-08-06,11.0,6.5,17.0,0.0,0.0,0.0050799972
2002-08-07,7.9,5.7,12.6,0.0,0.0,0.017779991
2002-08-08,6.3,4.7,9.9,0.0,0.0,0.0025399986
2002-08-09,11.8,5.6,17.2,0.0,0.0,0.0
2002-08-10,14.6,8.9,19.5,0.0,0.0,0.0
2002-08-11,8.4,5.2,12.9,0.0,0.0,0.0
2002-08-12,11.0,4.7,17.0,0.0,0.0,0.0
2002-08-13,15.5,9.3,20.9,0.0,0.0,0.0
2002-08-14,11.7,3.9,21.1,0.0,0.0,0.0
2002-08-15,12.0,3.7,19.2,0.0,0.0,0.0
2002-08-16,9.3,2.7,14.4,0.0,0.0,0.0
2002-08-17,11.3,2.5,17.3,0.0,0.0,0.0
2002-08-18,11.3,3.8,17.1,0.0,0.0,0.0
2002-08-19,14.2,8.8,20.2,0.0,0.0,0.0
2002-08-20,11.9,7.3,17.4,0.0,0.0,0.0
2002-08-21,8.5,5.4,13.4,0.0,0.0,0.0025399986
2002-08-22,10.1,5.0,15.5,0.0,0.0,0.0
2002-08-23,13.9,8.2,22.0,0.0,0.0,0.0
2002-08-24,13.4,9.5,19.5,0.0,0.0,0.0
2002-08-25,12.6,8.3,18.3,0.0,0.0,0.0
2002-08-26,12.0,7.9,18.4,0.0,0.0,0.0
2002-08-27,10.5,6.9,15.6,0.0,0.0,0.007619996
2002-08-28,11.9,7.2,17.6,0.0,0.0,0.0
2002-08-29,13.8,9.3,21.0,0.0,0.0,0.0
2002-08-30,13.2,8.5,19.5,0.0,0.0,0.0
2002-08-31,13.4,6.7,18.4,0.0,0.0,0.0
2002-09-01,10.9,8.1,16.2,0.0,0.0,0.0
2002-09-02,12.4,6.8,18.1,0.0,0.0,0.0
2002-09-03,15.4,9.4,22.2,0.0,0.0,0.0
2002-09-04,13.9,8.0,22.0,0.0,0.0,0.0025399986
2002-09-05,11.3,7.1,19.7,0.0,0.0,0.0
2002-09-06,7.5,6.4,9.3,0.0,0.0,0.0050799972
2002-09-07,6.3,2.4,11.2,0.0,0.0,0.0050799972
2002-09-08,5.4,1.7,9.9,0.0,0.0,0.0025399986
2002-09-09,8.8,3.4,13.3,0.0,0.0,0.0050799972
2002-09-10,13.4,5.6,20.6,0.0,0.0,0.0
2002-09-11,15.0,10.7,21.9,0.0,0.0,0.0
2002-09-12,15.5,10.4,21.1,0.0,0.0,0.0
2002-09-13,13.8,6.4,20.2,0.0,0.0,0.0
2002-09-14,14.5,6.0,21.5,0.0,0.0,0.0
2002-09-15,18.2,13.1,24.3,0.0,0.0,0.0
2002-09-16,14.2,8.2,19.3,0.0,0.0,0.0
2002-09-17,6.0,4.1,8.2,0.0,0.0,0.0
2002-09-18,5.0,2.7,8.9,0.0,0.0,0.0
2002-09-19,9.2,4.3,14.8,0.0,0.0,0.0
2002-09-20,6.7,0.9,11.0,0.0,0.0,0.0
2002-09-21,3.5,-2.4,9.5,0.0,0.0,0.0
2002-09-22,6.5,-0.6,14.7,0.0,0.0,0.0
2002-09-23,8.5,-1.4,14.8,0.0,0.0,0.0
2002-09-24,4.6,0.9,10.9,0.0,0.0,0.0
2002-09-25,5.4,0.5,12.0,0.0,0.0,0.0
2002-09-26,5.8,2.0,9.2,0.0,0.0,0.0
2002-09-27,1.6,0.4,3.6,0.0,0.0,0.0
2002-09-28,5.2,-1.6,10.5,0.0,0.0,0.0050799972
2002-09-29,6.4,-0.4,11.8,0.025399987,0.0025399986,0.007619996
2002-09-30,-1.3,-4.1,1.8,0.10159995,0.0101599945,0.0
2002-10-01,-1.7,-4.6,3.7,0.050799973,0.0050799972,0.0025399986
2002-10-02,1.5,-4.3,6.1,0.025399987,0.0050799972,0.0
2002-10-03,1.8,1.0,3.5,0.025399987,0.0050799972,0.0025399986
2002-10-04,2.7,0.6,6.0,0.025399987,0.0025399986,0.0
2002-10-05,1.6,1.2,2.4,0.025399987,0.0025399986,0.0101599945
2002-10-06,4.8,2.2,7.1,0.025399987,0.007619996,0.0
2002-10-07,6.4,1.2,11.0,0.025399987,0.0050799972,0.0
2002-10-08,4.3,-1.1,9.1,0.0,0.0,0.0
2002-10-09,5.5,2.4,10.3,0.0,0.0,0.0
2002-10-10,5.1,-1.4,11.5,0.0,0.0,0.0
2002-10-11,-3.1,-6.9,0.5,0.0,0.0,0.0025399986
2002-10-12,-0.3,-5.2,3.5,0.025399987,0.0025399986,0.0050799972
2002-10-13,5.4,1.0,9.9,0.025399987,0.007619996,0.0
2002-10-14,3.4,-1.0,8.5,0.0,0.0050799972,0.0
2002-10-15,3.8,-1.1,10.3,0.0,0.0025399986,0.0
2002-10-16,4.2,-1.4,9.4,0.0,0.0,0.0
2002-10-17,7.2,3.5,12.5,0.0,0.0,0.0
2002-10-18,6.7,1.6,11.7,0.0,0.0,0.0
2002-10-19,6.6,3.7,11.1,0.0,0.0,0.0
2002-10-20,4.6,1.1,9.5,0.0,0.0,0.0
2002-10-21,2.4,-5.2,10.1,0.0,0.0,0.0
2002-10-22,-7.0,-8.7,-3.9,0.0,0.0,0.0
2002-10-23,-6.5,-9.8,-0.5,0.0,0.0,0.0050799972
2002-10-24,-2.0,-6.8,4.0,0.025399987,0.0050799972,0.007619996
2002-10-25,-0.5,-5.9,4.5,0.025399987,0.012699993,0.0025399986
2002-10-26,0.0,-4.6,5.9,0.025399987,0.015239992,0.0
2002-10-27,0.2,-1.9,2.9,0.025399987,0.015239992,0.0025399986
2002-10-28,-4.7,-13.6,-0.4,0.025399987,0.017779991,0.0025399986
2002-10-29,-16.0,-17.7,-13.6,0.076199956,0.020319989,0.0050799972
2002-10-30,-17.7,-19.8,-12.8,0.10159995,0.025399987,0.0
2002-10-31,-11.5,-19.0,-5.6,0.10159995,0.025399987,0.0025399986
2002-11-01,-6.1,-10.1,0.1,0.10159995,0.025399987,0.0025399986
2002-11-02,-4.9,-9.4,0.8,0.10159995,0.027939985,0.0
2002-11-03,-0.3,-5.3,5.0,0.10159995,0.027939985,0.0025399986
2002-11-04,-1.3,-3.1,1.7,0.10159995,0.027939985,0.0
2002-11-05,0.4,-3.2,3.0,0.076199956,0.027939985,0.0025399986
2002-11-06,4.6,1.1,8.7,0.076199956,0.030479984,0.0
2002-11-07,3.9,2.1,7.9,0.076199956,0.030479984,0.0
2002-11-08,0.0,-1.8,2.9,0.076199956,0.030479984,0.012699993
2002-11-09,-1.3,-2.1,0.5,0.17779991,0.043179978,0.0050799972
2002-11-10,-2.3,-3.2,-1.1,0.2031999,0.045719974,0.0050799972
2002-11-11,-1.7,-3.3,-0.7,0.22859988,0.050799973,0.0
2002-11-12,-0.1,-2.1,2.3,0.2031999,0.050799973,0.0050799972
2002-11-13,-0.2,-1.9,2.4,0.22859988,0.05587997,0.0025399986
2002-11-14,-1.9,-2.8,-0.7,0.25399986,0.05841997,0.0025399986
2002-11-15,-1.5,-3.3,1.0,0.25399986,0.06095997,0.0
2002-11-16,1.7,-1.9,5.4,0.25399986,0.06095997,0.0025399986
2002-11-17,-2.2,-3.3,0.5,0.22859988,0.06095997,0.0050799972
2002-11-18,-2.2,-3.0,-0.9,0.27939984,0.066039965,0.0
2002-11-19,0.5,-1.7,2.5,0.25399986,0.066039965,0.0050799972
2002-11-20,3.7,2.6,5.4,0.25399986,0.071119964,0.0025399986
2002-11-21,7.2,1.8,11.8,0.22859988,0.071119964,0.0
2002-11-22,1.8,-3.1,5.7,0.22859988,0.068579964,0.015239992
2002-11-23,-7.4,-12.9,-3.2,0.35559982,0.083819956,0.0101599945
2002-11-24,-8.5,-13.2,-2.9,0.48259974,0.09397995,0.0050799972
2002-11-25,-4.5,-7.6,-0.5,0.43179977,0.09397995,0.0
2002-11-26,-4.4,-8.2,-0.8,0.4063998,0.09397995,0.0025399986
2002-11-27,-0.6,-4.4,6.8,0.4063998,0.09651995,0.0
2002-11-28,5.9,4.2,8.9,0.3809998,0.09651995,0.0
2002-11-29,0.2,-3.1,4.1,0.35559982,0.09651995,0.0
2002-11-30,2.7,-2.6,9.1,0.35559982,0.09651995,0.0
2002-12-01,4.7,0.5,8.8,0.35559982,0.09651995,0.0
2002-12-02,-1.3,-5.2,2.7,0.35559982,0.09651995,0.0
2002-12-03,-7.4,-8.6,-5.2,0.3301998,0.09651995,0.0050799972
2002-12-04,-1.9,-6.2,1.4,0.3809998,0.09905995,0.0
2002-12-05,-1.6,-3.0,-0.1,0.3809998,0.09905995,0.0
2002-12-06,-2.2,-4.4,0.8,0.3809998,0.09905995,0.0
2002-12-07,-1.8,-4.9,2.1,0.3809998,0.09905995,0.0
2002-12-08,-0.2,-3.5,2.5,0.3809998,0.09905995,0.0
2002-12-09,2.5,-0.8,7.0,0.35559982,0.09905995,0.0
2002-12-10,-1.5,-3.8,1.2,0.35559982,0.09905995,0.0025399986
2002-12-11,-5.0,-5.9,-3.6,0.3809998,0.10159995,0.012699993
2002-12-12,-0.5,-3.7,1.5,0.48259974,0.11175994,0.0025399986
2002-12-13,0.6,-0.4,1.8,0.48259974,0.11429994,0.0050799972
2002-12-14,3.7,0.6,5.8,0.48259974,0.11937994,0.0025399986
2002-12-15,0.2,-3.6,5.4,0.45719975,0.12191994,0.0101599945
2002-12-16,-0.7,-3.1,3.6,0.5333997,0.12699993,0.0
2002-12-17,-4.8,-9.1,-1.9,0.5333997,0.12699993,0.0
2002-12-18,-6.5,-9.8,-2.9,0.5079997,0.12699993,0.0025399986
2002-12-19,-8.0,-10.2,-4.1,0.5079997,0.12699993,0.0
2002-12-20,-8.0,-10.8,-4.2,0.5079997,0.12699993,0.0025399986
2002-12-21,-8.0,-10.8,-4.1,0.5079997,0.12953994,0.0
2002-12-22,-7.0,-10.5,-3.8,0.48259974,0.12953994,0.0
2002-12-23,-10.0,-13.9,-4.2,0.5079997,0.12953994,0.0
2002-12-24,-11.4,-15.5,-7.1,0.5079997,0.12953994,0.0
2002-12-25,-7.2,-9.7,-4.9,0.5079997,0.12953994,0.0
2002-12-26,-4.8,-8.1,-3.2,0.48259974,0.12953994,0.007619996
2002-12-27,-1.3,-3.2,0.6,0.5079997,0.13715993,0.048259974
2002-12-28,-1.3,-3.6,1.2,0.8127996,0.1854199,0.007619996
2002-12-29,-3.8,-10.2,1.0,0.83819956,0.1930399,0.007619996
2002-12-30,-5.5,-10.2,-2.1,0.8889995,0.1981199,0.007619996
2002-12-31,-2.1,-4.9,-0.1,0.8889995,0.20573989,0.0101599945
2003-01-01,-4.4,-6.3,-1.9,0.9397995,0.21335988,0.0025399986
2003-01-02,0.3,-1.9,1.8,0.9143995,0.21589988,0.0050799972
2003-01-03,-1.8,-4.4,1.4,0.8889995,0.22097988,0.0101599945
2003-01-04,1.0,-2.8,4.4,0.9651995,0.22859988,0.0050799972
2003-01-05,-1.1,-4.3,2.8,0.9397995,0.23367988,0.0
2003-01-06,0.2,-5.7,5.3,0.9397995,0.23367988,0.0
2003-01-07,6.3,0.9,11.6,0.9143995,0.23367988,0.0
2003-01-08,0.5,-10.8,7.7,0.8889995,0.23367988,0.0
2003-01-09,-11.8,-14.7,-7.1,0.8889995,0.23113987,0.0
2003-01-10,-7.1,-12.6,2.0,0.8889995,0.23113987,0.0
2003-01-11,-1.4,-5.8,1.7,0.8889995,0.23113987,0.0
2003-01-12,-0.6,-2.0,0.2,0.86359954,0.23113987,0.0101599945
2003-01-13,-0.5,-1.5,3.2,0.9397995,0.24129987,0.007619996
2003-01-14,-1.0,-4.2,2.1,0.99059945,0.24891986,0.0
2003-01-15,-5.6,-9.3,-1.9,0.99059945,0.24891986,0.0
2003-01-16,-4.9,-7.2,-1.0,0.99059945,0.24891986,0.0
2003-01-17,-3.4,-6.7,1.3,0.9651995,0.24891986,0.0025399986
2003-01-18,-0.4,-3.5,3.4,0.9397995,0.25145987,0.0
2003-01-19,1.5,-0.3,4.7,0.9397995,0.25145987,0.0
2003-01-20,-1.4,-6.0,2.0,0.9143995,0.25145987,0.0
2003-01-21,-12.0,-20.5,-4.3,0.9143995,0.25145987,0.0025399986
2003-01-22,-6.8,-18.2,0.6,0.99059945,0.25399986,0.015239992
2003-01-23,-1.6,-3.5,0.9,1.0413995,0.26669985,0.012699993
2003-01-24,-2.3,-4.3,-1.0,1.0921994,0.27939984,0.0025399986
2003-01-25,0.0,-1.3,1.9,1.0921994,0.28193983,0.007619996
2003-01-26,1.7,0.8,2.6,1.1175994,0.28701985,0.030479984
2003-01-27,-1.5,-3.3,1.6,1.1175994,0.30225983,0.012699993
2003-01-28,-3.0,-5.0,0.2,1.1175994,0.31495982,0.0050799972
2003-01-29,-2.6,-4.8,-0.9,1.1175994,0.32003984,0.0101599945
2003-01-30,-1.1,-2.0,2.0,1.1683993,0.3301998,0.022859987
2003-01-31,1.3,-1.0,1.9,1.3461993,0.3530598,0.063499965
2003-02-01,-2.0,-5.6,1.0,1.5747992,0.4165598,0.0050799972
2003-02-02,-4.6,-6.4,-0.3,1.5747992,0.42163977,0.0050799972
2003-02-03,-5.5,-8.1,-1.2,1.4985992,0.42163977,0.0050799972
2003-02-04,-7.7,-9.1,-4.4,1.5239992,0.42671975,0.0025399986
2003-02-05,-9.0,-12.1,-4.9,1.4985992,0.42925978,0.0025399986
2003-02-06,-9.0,-13.6,-3.8,1.5239992,0.43179977,0.0025399986
2003-02-07,-6.8,-11.3,-1.7,1.4731992,0.43433976,0.0025399986
2003-02-08,-6.6,-8.2,-2.2,1.4477992,0.43687975,0.0050799972
2003-02-09,-6.6,-8.0,-4.5,1.5239992,0.44195977,0.0025399986
2003-02-10,-4.7,-7.1,-0.7,1.5239992,0.44449976,0.0050799972
2003-02-11,-4.8,-8.5,-1.1,1.4985992,0.44957975,0.0025399986
2003-02-12,-0.4,-4.4,6.0,1.4731992,0.44957975,0.0025399986
2003-02-13,0.6,-3.1,5.8,1.4477992,0.44957975,0.0
2003-02-14,-1.7,-5.7,2.3,1.4477992,0.44957975,0.0
2003-02-15,-0.3,-5.3,4.4,1.4477992,0.44957975,0.0
2003-02-16,-0.9,-4.2,2.6,1.4223993,0.44957975,0.0050799972
2003-02-17,-4.4,-5.8,-2.2,1.4985992,0.45465976,0.025399987
2003-02-18,-4.4,-7.9,-0.2,1.6763991,0.48005974,0.0025399986
2003-02-19,-4.3,-6.2,-1.4,1.6255991,0.48005974,0.0
2003-02-20,-4.0,-4.9,-3.1,1.6001991,0.48005974,0.017779991
2003-02-21,-3.3,-5.8,-0.8,1.777999,0.49783972,0.012699993
2003-02-22,-12.0,-24.0,-2.8,1.879599,0.5105397,0.0
2003-02-23,-21.3,-26.1,-13.7,1.879599,0.5105397,0.0025399986
2003-02-24,-14.8,-24.3,-5.0,1.828799,0.5130797,0.0
2003-02-25,-7.2,-14.4,-0.5,1.777999,0.5130797,0.0025399986
2003-02-26,-3.1,-8.2,3.2,1.7271991,0.5156197,0.0025399986
2003-02-27,-5.6,-9.3,-1.8,1.6001991,0.5156197,0.0
2003-02-28,-7.1,-9.2,-1.0,1.5747992,0.5156197,0.0
2003-03-01,-7.1,-11.6,-1.8,1.5747992,0.5156197,0.0050799972
2003-03-02,-5.6,-7.7,-2.0,1.6001991,0.52069974,0.0050799972
2003-03-03,-12.0,-17.8,-6.2,1.6255991,0.52323973,0.0025399986
2003-03-04,-10.5,-14.5,-5.5,1.6255991,0.5257797,0.0025399986
2003-03-05,-5.5,-8.5,-3.8,1.6255991,0.5283197,0.043179978
2003-03-06,-7.2,-13.3,-5.2,2.082799,0.5689597,0.045719974
2003-03-07,-11.8,-20.9,-4.3,2.4129987,0.6146797,0.027939985
2003-03-08,-8.0,-21.2,-2.6,2.5653987,0.64261967,0.015239992
2003-03-09,-0.9,-2.6,0.7,2.5145986,0.6578596,0.030479984
2003-03-10,-0.3,-1.2,1.6,2.5653987,0.68833965,0.007619996
2003-03-11,-1.1,-1.8,0.0,2.4637988,0.6959596,0.045719974
2003-03-12,0.8,-2.3,3.4,2.7177985,0.7416796,0.015239992
2003-03-13,7.2,3.4,12.6,2.6415985,0.75691956,0.0025399986
2003-03-14,4.5,0.3,9.3,2.4891987,0.7594596,0.0025399986
2003-03-15,4.0,-1.5,9.3,2.3621988,0.7619996,0.0050799972
2003-03-16,-0.4,-4.9,3.3,2.2859988,0.7670796,0.0050799972
2003-03-17,-0.8,-5.5,4.5,2.2859988,0.7670796,0.0
2003-03-18,-0.8,-4.1,5.0,2.2351987,0.7670796,0.0050799972
2003-03-19,0.6,-4.7,8.6,2.2351987,0.7721596,0.007619996
2003-03-20,2.1,-2.6,8.6,2.2097988,0.77977955,0.0
2003-03-21,-0.5,-2.9,2.8,2.1589987,0.77977955,0.0050799972
2003-03-22,1.6,-2.6,6.0,2.260599,0.7848596,0.017779991
2003-03-23,-4.3,-6.5,-1.6,2.260599,0.77469957,0.035559982
2003-03-24,-5.6,-8.7,-2.6,2.3367987,0.8102596,0.007619996
2003-03-25,-2.6,-6.8,-0.2,2.3621988,0.81787956,0.027939985
2003-03-26,-3.0,-6.0,1.9,2.4383986,0.84581953,0.012699993
2003-03-27,-4.5,-7.7,1.5,2.5145986,0.85851955,0.0101599945
2003-03-28,-3.9,-9.4,1.8,2.4891987,0.8686795,0.012699993
2003-03-29,-0.9,-7.1,3.3,2.4129987,0.8737595,0.007619996
2003-03-30,4.5,0.6,10.1,2.4129987,0.88137954,0.007619996
2003-03-31,2.6,-0.3,5.0,2.4129987,0.8889995,0.020319989
2003-04-01,-0.3,-3.7,5.0,2.3367987,0.8686795,0.007619996
2003-04-02,-2.0,-6.9,1.9,2.3367987,0.86359954,0.027939985
2003-04-03,-4.7,-7.1,0.4,2.5653987,0.8915395,0.007619996
2003-04-04,-3.7,-7.9,2.5,2.5145986,0.8991595,0.007619996
2003-04-05,-3.0,-7.0,4.0,2.4891987,0.9067795,0.0025399986
2003-04-06,-3.2,-9.0,3.9,2.4637988,0.9093195,0.0
2003-04-07,-0.3,-5.5,4.2,2.4129987,0.9093195,0.0
2003-04-08,6.1,0.7,11.9,2.3875988,0.9093195,0.0
2003-04-09,6.7,2.5,12.1,2.3367987,0.9093195,0.0
2003-04-10,7.9,-0.7,16.0,2.260599,0.9093195,0.0025399986
2003-04-11,8.5,2.6,14.5,2.2097988,0.9093195,0.0
2003-04-12,6.1,2.4,13.2,2.1589987,0.9093195,0.0
2003-04-13,3.7,-0.2,10.9,2.1335988,0.9067795,0.0050799972
2003-04-14,2.2,-1.1,7.9,2.082799,0.90423954,0.007619996
2003-04-15,0.6,-2.3,5.5,2.082799,0.9093195,0.0
2003-04-16,0.7,-3.3,7.2,2.082799,0.90423954,0.0025399986
2003-04-17,2.9,-2.9,8.9,2.082799,0.90423954,0.0025399986
2003-04-18,1.1,-2.4,7.4,2.0573988,0.90423954,0.0
2003-04-19,3.4,-3.9,9.5,2.0573988,0.8940795,0.0050799972
2003-04-20,6.3,-0.4,13.1,2.006599,0.8966195,0.0
2003-04-21,8.8,2.1,15.2,1.9811989,0.8889995,0.0
2003-04-22,8.7,3.6,15.9,1.930399,0.8762995,0.0
2003-04-23,6.9,2.8,14.4,1.879599,0.85851955,0.0
2003-04-24,6.5,1.6,12.5,1.828799,0.84073955,0.0
2003-04-25,2.6,-3.3,9.1,1.828799,0.82041955,0.0025399986
2003-04-26,-1.2,-5.4,4.0,1.803399,0.8127996,0.0025399986
2003-04-27,0.7,-3.5,6.8,1.803399,0.80517954,0.0050799972
2003-04-28,-2.3,-3.4,0.2,1.803399,0.80517954,0.0
2003-04-29,0.5,-2.9,4.4,1.777999,0.80263954,0.0
2003-04-30,2.5,-1.1,8.0,1.777999,0.80263954,0.0025399986
2003-05-01,3.5,-1.0,9.3,1.752599,0.79755956,0.0
2003-05-02,3.3,0.5,9.3,1.7271991,0.7924796,0.0025399986
2003-05-03,3.1,0.5,8.7,1.701799,0.7848596,0.0025399986
2003-05-04,0.6,-2.7,5.4,1.6763991,0.7848596,0.0050799972
2003-05-05,-0.1,-3.3,4.8,1.6763991,0.7823196,0.007619996
2003-05-06,-0.9,-4.1,4.7,1.701799,0.7899396,0.0025399986
2003-05-07,-1.3,-5.1,4.4,1.701799,0.7873996,0.0025399986
2003-05-08,-0.4,-4.6,6.9,1.701799,0.7848596,0.0
2003-05-09,-0.1,-2.1,5.2,1.701799,0.7823196,0.0025399986
2003-05-10,0.6,-2.5,6.3,1.7271991,0.7848596,0.0025399986
2003-05-11,4.5,-2.6,12.1,1.701799,0.7873996,0.0050799972
2003-05-12,3.3,-0.1,7.8,1.6763991,0.7823196,0.0
2003-05-13,4.7,1.0,9.9,1.6509991,0.7721596,0.0
2003-05-14,9.7,3.9,16.5,1.6001991,0.7619996,0.0
2003-05-15,6.4,-2.3,12.7,1.5239992,0.7315196,0.0025399986
2003-05-16,-1.1,-4.9,4.1,1.4985992,0.6984996,0.0
2003-05-17,0.0,-6.2,6.2,1.4731992,0.6959596,0.0
2003-05-18,-3.1,-5.7,0.6,1.4477992,0.6781796,0.0
2003-05-19,0.7,-6.5,7.4,1.4223993,0.6756396,0.0050799972
2003-05-20,4.9,-1.8,11.0,1.4223993,0.66547966,0.0
2003-05-21,4.6,1.5,9.8,1.3715993,0.6578596,0.0
2003-05-22,8.8,3.7,15.3,1.3461993,0.64261967,0.0
2003-05-23,10.2,6.1,15.9,1.2699993,0.61213964,0.0
2003-05-24,15.7,7.0,23.7,1.2191993,0.5765797,0.0
2003-05-25,13.8,6.6,22.8,1.1175994,0.5359397,0.0
2003-05-26,8.7,5.8,12.3,1.0413995,0.5079997,0.0050799972
2003-05-27,10.8,6.4,15.4,0.99059945,0.48005974,0.0
2003-05-28,16.6,8.1,24.2,0.8889995,0.41909978,0.0
2003-05-29,14.6,9.1,20.6,0.8127996,0.3657598,0.0
2003-05-30,10.3,5.9,16.2,0.68579966,0.32003984,0.0050799972
2003-05-31,8.2,5.9,11.6,0.63499963,0.28701985,0.0
2003-06-01,8.8,5.1,13.4,0.5333997,0.24383987,0.0
2003-06-02,6.3,2.7,10.7,0.45719975,0.20573989,0.007619996
2003-06-03,7.4,2.2,12.9,0.43179977,0.1803399,0.0
2003-06-04,7.0,1.1,12.5,0.35559982,0.15239991,0.0
2003-06-05,8.6,3.2,14.5,0.30479982,0.13969992,0.0025399986
2003-06-06,4.6,1.4,11.5,0.25399986,0.11175994,0.0
2003-06-07,9.9,1.6,16.4,0.22859988,0.09397995,0.0
2003-06-08,12.3,5.6,18.6,0.12699993,0.05587997,0.0
2003-06-09,7.8,4.2,13.0,0.050799973,0.022859987,0.0
2003-06-10,9.4,2.5,15.7,0.0,0.0,0.0025399986
2003-06-11,7.6,1.6,13.6,0.0,0.0,0.007619996
2003-06-12,11.5,4.7,17.6,0.0,0.0,0.0050799972
2003-06-13,11.8,6.8,19.5,0.0,0.0,0.0
2003-06-14,12.1,6.8,17.3,0.0,0.0,0.0025399986
2003-06-15,13.2,6.8,19.1,0.0,0.0,0.0
2003-06-16,15.0,7.7,22.4,0.0,0.0,0.0
2003-06-17,16.3,10.8,21.9,0.0,0.0,0.0
2003-06-18,18.5,11.0,26.7,0.0,0.0,0.0
2003-06-19,13.7,8.5,21.4,0.0,0.0,0.0
2003-06-20,7.6,2.6,13.3,0.0,0.0,0.007619996
2003-06-21,2.6,-0.4,6.6,0.0,0.0,0.007619996
2003-06-22,3.0,0.0,7.4,0.0,0.0,0.0101599945
2003-06-23,4.6,0.2,10.4,0.0,0.0,0.0
2003-06-24,4.3,0.7,8.2,0.0,0.0,0.0
2003-06-25,8.1,2.4,13.6,0.0,0.0,0.0
2003-06-26,12.0,6.4,17.8,0.0,0.0,0.0
2003-06-27,13.5,8.7,20.0,0.0,0.0,0.0
2003-06-28,13.8,8.2,20.2,0.0,0.0,0.0
2003-06-29,17.0,9.6,23.7,0.0,0.0,0.0
2003-06-30,17.3,12.9,22.2,0.0,0.0,0.0
2003-07-01,16.0,9.0,23.7,0.0,0.0,0.0
2003-07-02,12.1,8.8,16.2,0.0,0.0,0.0
2003-07-03,11.9,7.4,17.0,0.0,0.0,0.0
2003-07-04,13.1,7.9,18.9,0.0,0.0,0.0
2003-07-05,12.2,4.8,18.4,0.0,0.0,0.0
2003-07-06,11.6,6.0,18.7,0.0,0.0,0.0
2003-07-07,14.1,5.4,21.0,0.0,0.0,0.0
2003-07-08,10.1,7.5,13.7,0.0,0.0,0.0
2003-07-09,13.7,6.9,19.9,0.0,0.0,0.0101599945
2003-07-10,16.6,9.6,24.3,0.0,0.0,0.0
2003-07-11,18.6,10.3,25.9,0.0,0.0,0.0
2003-07-12,20.9,14.2,27.2,0.0,0.0,0.0
2003-07-13,15.4,9.9,20.4,0.0,0.0,0.0
2003-07-14,13.5,6.6,19.2,0.0,0.0,0.0
2003-07-15,18.5,11.0,25.6,0.0,0.0,0.0
2003-07-16,20.6,14.9,27.4,0.0,0.0,0.0
2003-07-17,20.8,14.3,26.6,0.0,0.0,0.0
2003-07-18,21.3,14.8,27.5,0.0,0.0,0.0
2003-07-19,22.4,15.8,29.2,0.0,0.0,0.0
2003-07-20,21.0,14.4,27.8,0.0,0.0,0.0
2003-07-21,18.6,12.3,26.2,0.0,0.0,0.0
2003-07-22,21.2,14.8,27.9,0.0,0.0,0.0
2003-07-23,23.0,18.2,29.8,0.0,0.0,0.0025399986
2003-07-24,17.8,14.5,21.0,0.0,0.0,0.0
2003-07-25,16.6,12.0,22.6,0.0,0.0,0.0
2003-07-26,16.6,10.7,23.6,0.0,0.0,0.0025399986
2003-07-27,18.1,11.4,24.2,0.0,0.0,0.0
2003-07-28,19.6,13.2,26.1,0.0,0.0,0.0
2003-07-29,17.8,10.6,25.1,0.0,0.0,0.0
2003-07-30,20.7,14.0,27.8,0.0,0.0,0.0
2003-07-31,17.9,11.4,25.8,0.0,0.0,0.0
2003-08-01,20.4,13.0,27.1,0.0,0.0,0.0
2003-08-02,20.8,15.5,26.7,0.0,0.0,0.0
2003-08-03,15.9,10.9,22.1,0.0,0.0,0.0
2003-08-04,12.2,8.5,18.7,0.0,0.0,0.0
2003-08-05,15.7,9.4,24.6,0.0,0.0,0.0050799972
2003-08-06,14.9,10.4,24.1,0.0,0.0,0.0050799972
2003-08-07,17.9,10.8,24.9,0.0,0.0,0.007619996
2003-08-08,16.9,10.1,25.0,0.0,0.0,0.0
2003-08-09,18.6,9.2,26.1,0.0,0.0,0.0
2003-08-10,21.7,14.4,29.2,0.0,0.0,0.0
2003-08-11,19.5,14.6,28.1,0.0,0.0,0.0
2003-08-12,19.3,14.8,25.6,0.0,0.0,0.0
2003-08-13,20.0,13.7,27.3,0.0,0.0,0.0
2003-08-14,20.7,13.7,29.5,0.0,0.0,0.0
2003-08-15,23.6,16.3,29.5,0.0,0.0,0.0
2003-08-16,17.0,9.0,21.6,0.0,0.0,0.0
2003-08-17,13.3,7.7,20.3,0.0,0.0,0.0
2003-08-18,17.1,10.6,22.1,0.0,0.0,0.0
2003-08-19,19.3,13.8,24.0,0.0,0.0,0.0
2003-08-20,15.8,11.6,20.0,0.0,0.0,0.0
2003-08-21,18.2,12.8,23.2,0.0,0.0,0.0025399986
2003-08-22,16.0,9.5,22.5,0.0,0.0,0.0050799972
2003-08-23,11.1,8.7,14.7,0.0,0.0,0.0025399986
2003-08-24,14.9,10.1,20.1,0.0,0.0,0.0
2003-08-25,16.5,10.5,21.6,0.0,0.0,0.0
2003-08-26,20.2,15.2,25.1,0.0,0.0,0.0
2003-08-27,11.8,8.6,15.0,0.0,0.0,0.0101599945
2003-08-28,10.9,5.4,16.4,0.0,0.0,0.0
2003-08-29,8.7,3.1,14.3,0.0,0.0,0.0
2003-08-30,12.3,5.5,19.1,0.0,0.0,0.0
2003-08-31,16.6,11.3,22.0,0.0,0.0,0.0
2003-09-01,16.8,12.1,21.6,0.0,0.0,0.0
2003-09-02,14.4,7.5,21.3,0.0,0.0,0.0050799972
2003-09-03,17.4,10.8,23.9,0.0,0.0,0.0
2003-09-04,19.5,14.9,24.1,0.0,0.0,0.0
2003-09-05,19.3,14.5,24.1,0.0,0.0,0.0
2003-09-06,16.1,12.2,20.0,0.0,0.0,0.0
2003-09-07,19.7,11.2,22.2,0.0,0.0,0.0
2003-09-08,7.2,1.9,12.6,0.0,0.0,0.0
2003-09-09,6.4,1.5,11.3,0.0,0.0,0.0
2003-09-10,6.1,2.4,9.8,0.0,0.0,0.025399987
2003-09-11,6.2,5.7,6.8,0.0,0.0,0.025399987
2003-09-12,3.6,1.3,6.0,0.0,0.0,0.017779991
2003-09-13,5.7,2.3,9.7,0.0,0.0,0.0
2003-09-14,9.8,5.1,14.4,0.0,0.0,0.0
2003-09-15,8.2,2.9,15.1,0.0,0.0,0.0
2003-09-16,2.2,-2.6,5.1,0.0,0.0,0.0101599945
2003-09-17,-1.4,-3.9,1.9,0.0,0.0,0.0025399986
2003-09-18,3.4,-0.4,7.4,0.0,0.0,0.0025399986
2003-09-19,8.4,3.9,13.1,0.0,0.0,0.0
2003-09-20,6.7,2.5,10.3,0.0,0.0,0.0
2003-09-21,6.8,3.7,10.4,0.0,0.0,0.0
2003-09-22,10.6,6.0,15.8,0.0,0.0,0.0
2003-09-23,8.9,1.4,14.0,0.0,0.0,0.0
2003-09-24,8.2,0.5,14.6,0.0,0.0,0.0
2003-09-25,12.3,9.4,16.1,0.0,0.0,0.0
2003-09-26,12.7,8.7,17.5,0.0,0.0,0.0
2003-09-27,10.1,5.0,16.3,0.0,0.0,0.0
2003-09-28,8.7,2.6,14.9,0.0,0.0,0.0
2003-09-29,3.6,0.3,8.2,0.0,0.0,0.0
2003-09-30,8.4,1.0,15.9,0.0,0.0,0.0
2003-10-01,14.3,8.7,20.8,0.0,0.0,0.0
2003-10-02,10.7,6.8,14.5,0.0,0.0,0.0
2003-10-03,11.8,6.3,17.5,0.0,0.0,0.0
2003-10-04,14.2,10.1,18.9,0.0,0.0,0.0
2003-10-05,14.4,11.1,18.4,0.0,0.0,0.0
2003-10-06,13.2,11.0,16.1,0.0,0.0,0.0
2003-10-07,8.9,5.0,12.8,0.0,0.0,0.0
2003-10-08,9.0,4.6,13.1,0.0,0.0,0.0
2003-10-09,3.5,-0.4,7.0,0.0,0.0,0.0
2003-10-10,-0.2,-1.5,4.0,0.0,0.0,0.0
2003-10-11,1.3,-2.0,4.0,0.0,0.0,0.0050799972
2003-10-12,1.0,0.2,2.9,0.0,0.0050799972,0.007619996
2003-10-13,0.6,-1.1,2.0,0.076199956,0.012699993,0.0025399986
2003-10-14,0.8,-1.0,4.2,0.025399987,0.015239992,0.0025399986
2003-10-15,0.3,-3.4,3.4,0.025399987,0.012699993,0.015239992
2003-10-16,2.8,-1.4,7.9,0.15239991,0.025399987,0.0050799972
2003-10-17,10.1,7.8,12.8,0.076199956,0.012699993,0.0
2003-10-18,13.4,9.5,16.8,0.0,0.0,0.0
2003-10-19,11.2,7.2,14.4,0.0,0.0,0.0
2003-10-20,11.0,6.6,13.5,0.0,0.0,0.0
2003-10-21,13.2,10.9,16.3,0.0,0.0,0.0
2003-10-22,14.8,11.2,19.3,0.0,0.0,0.0
2003-10-23,3.4,-1.6,12.0,0.0,0.0,0.0
2003-10-24,-0.5,-2.6,3.1,0.0,0.0,0.0
2003-10-25,2.5,-2.1,5.8,0.0,0.0,0.0
2003-10-26,7.3,3.5,11.2,0.0,0.0,0.0
2003-10-27,6.1,3.4,8.4,0.0,0.0,0.0
2003-10-28,4.4,2.3,6.9,0.0,0.0,0.073659964
2003-10-29,-6.6,-11.9,3.1,0.0,0.0,0.007619996
2003-10-30,-14.9,-19.7,-11.7,0.025399987,0.007619996,0.0050799972
2003-10-31,-13.9,-20.2,-7.4,0.050799973,0.012699993,0.007619996
2003-11-01,-9.0,-12.0,-7.1,0.076199956,0.020319989,0.0050799972
2003-11-02,-9.4,-11.8,-7.4,0.050799973,0.025399987,0.007619996
2003-11-03,-11.5,-16.5,-6.9,0.12699993,0.033019982,0.0050799972
2003-11-04,-14.6,-18.9,-9.5,0.2031999,0.038099978,0.0
2003-11-05,-11.5,-15.6,-7.8,0.17779991,0.035559982,0.0025399986
2003-11-06,-6.8,-10.8,-4.4,0.15239991,0.035559982,0.0
2003-11-07,-2.0,-4.4,1.7,0.12699993,0.033019982,0.0
2003-11-08,0.3,-3.1,2.7,0.10159995,0.033019982,0.0025399986
2003-11-09,1.1,-1.4,4.6,0.076199956,0.035559982,0.0
2003-11-10,-1.5,-2.0,-0.9,0.076199956,0.035559982,0.033019982
2003-11-11,-2.9,-5.2,-1.1,0.30479982,0.068579964,0.022859987
2003-11-12,-2.8,-5.6,0.0,0.45719975,0.09143995,0.015239992
2003-11-13,1.8,-2.4,7.4,0.48259974,0.10667994,0.0
2003-11-14,0.4,-2.1,3.2,0.43179977,0.10667994,0.0
2003-11-15,0.0,-1.6,2.4,0.43179977,0.10667994,0.0
2003-11-16,-2.1,-3.3,-0.7,0.4063998,0.10667994,0.0101599945
2003-11-17,-3.6,-4.8,-2.5,0.43179977,0.11683994,0.045719974
2003-11-18,0.8,-4.3,3.6,0.7873996,0.16255991,0.015239992
2003-11-19,1.9,-6.3,6.0,0.7619996,0.17779991,0.012699993
2003-11-20,-8.2,-10.2,-6.5,0.8127996,0.1904999,0.0050799972
2003-11-21,-14.6,-18.8,-9.5,0.86359954,0.1955799,0.0050799972
2003-11-22,-14.7,-16.0,-13.0,0.86359954,0.20065989,0.035559982
2003-11-23,-8.3,-14.2,-4.1,1.0159994,0.23621987,0.05333997
2003-11-24,-6.9,-9.5,-3.9,1.0667994,0.28955984,0.030479984
2003-11-25,-8.5,-10.2,-6.5,1.3461993,0.32003984,0.025399987
2003-11-26,-7.0,-7.8,-5.4,1.5239992,0.34543982,0.012699993
2003-11-27,-6.1,-8.0,-1.8,1.5493991,0.35559982,0.007619996
2003-11-28,-0.3,-3.4,1.8,1.4985992,0.3632198,0.045719974
2003-11-29,0.4,-0.5,1.0,1.5493991,0.40893978,0.025399987
2003-11-30,-1.1,-3.0,1.6,1.5747992,0.43433976,0.0025399986
2003-12-01,1.6,-1.7,3.6,1.4985992,0.43433976,0.0
2003-12-02,0.6,-0.2,2.1,1.4731992,0.43433976,0.007619996
2003-12-03,-2.3,-9.2,1.6,1.4731992,0.44195977,0.0025399986
2003-12-04,-6.8,-11.0,0.7,1.4477992,0.44195977,0.0025399986
2003-12-05,3.0,-3.6,5.4,1.4223993,0.44449976,0.007619996
2003-12-06,0.7,-2.3,3.5,1.3969992,0.45211977,0.0101599945
2003-12-07,-4.3,-8.1,-0.4,1.4477992,0.46227974,0.0025399986
2003-12-08,-6.2,-7.9,-3.8,1.4477992,0.46227974,0.0050799972
2003-12-09,-7.1,-8.7,-3.8,1.4985992,0.46735975,0.0025399986
2003-12-10,-7.3,-9.0,-4.3,1.4731992,0.46735975,0.0050799972
2003-12-11,-6.4,-8.4,-3.8,1.4477992,0.47243974,0.0025399986
2003-12-12,-4.4,-6.5,-2.4,1.4223993,0.47243974,0.020319989
2003-12-13,-2.4,-5.4,1.0,1.4731992,0.49275973,0.022859987
2003-12-14,-3.6,-7.9,1.1,1.5747992,0.5156197,0.007619996
2003-12-15,-6.7,-8.0,-4.0,1.6001991,0.52323973,0.020319989
2003-12-16,-3.3,-6.8,0.5,1.6001991,0.54355973,0.012699993
2003-12-17,-3.5,-6.1,-2.5,1.6509991,0.5562597,0.0101599945
2003-12-18,-0.1,-6.7,5.4,1.6255991,0.5664197,0.0025399986
2003-12-19,6.7,3.6,9.8,1.6001991,0.5689597,0.0
2003-12-20,1.6,-2.1,6.6,1.5747992,0.5689597,0.0050799972
2003-12-21,-2.4,-4.2,0.6,1.5747992,0.5740397,0.0
2003-12-22,-1.7,-5.3,2.0,1.5493991,0.5714997,0.0
2003-12-23,1.9,-0.5,6.2,1.5239992,0.5714997,0.0025399986
2003-12-24,0.4,-2.0,2.5,1.5239992,0.5740397,0.007619996
2003-12-25,-3.7,-7.1,-1.2,1.5747992,0.5816597,0.0
2003-12-26,-7.1,-8.5,-5.2,1.5747992,0.5816597,0.0050799972
2003-12-27,-9.9,-12.3,-8.0,1.6001991,0.58673966,0.012699993
2003-12-28,-10.3,-12.1,-8.1,1.6763991,0.5994397,0.0050799972
2003-12-29,-12.8,-15.7,-10.9,1.6763991,0.60451967,0.012699993
2003-12-30,-11.8,-14.4,-8.3,1.752599,0.6146797,0.012699993
2003-12-31,-6.9,-8.7,-4.9,1.777999,0.62737966,0.0050799972
2004-01-01,-9.7,-16.4,-5.9,1.803399,0.63245964,0.017779991
2004-01-02,-10.8,-18.7,-8.9,2.1335988,0.65023965,0.015239992
2004-01-03,-19.9,-26.6,-9.9,2.184399,0.66547966,0.012699993
2004-01-04,-25.5,-28.6,-22.1,2.2859988,0.6781796,0.0
2004-01-05,-21.4,-25.9,-17.0,2.2097988,0.6781796,0.0050799972
2004-01-06,-10.7,-18.0,-4.6,2.1335988,0.6832596,0.0101599945
2004-01-07,-3.6,-5.1,-2.4,2.108199,0.69087964,0.0025399986
2004-01-08,-1.7,-3.3,-0.3,2.0573988,0.69341964,0.007619996
2004-01-09,2.3,-0.1,4.4,2.0319989,0.7010396,0.0
2004-01-10,0.3,-2.1,3.4,1.9811989,0.7010396,0.0
2004-01-11,-0.1,-3.2,2.0,1.930399,0.6984996,0.0
2004-01-12,3.5,0.7,5.7,1.930399,0.6959596,0.0
2004-01-13,1.6,-0.2,4.1,1.904999,0.6959596,0.0
2004-01-14,2.8,1.7,4.5,1.879599,0.69341964,0.0
2004-01-15,0.4,-1.8,3.3,1.854199,0.69341964,0.0
2004-01-16,-2.3,-4.5,-0.5,1.854199,0.69341964,0.0
2004-01-17,-1.1,-3.3,1.8,1.828799,0.69341964,0.0
2004-01-18,-1.4,-3.5,5.0,1.828799,0.69341964,0.0
2004-01-19,-3.2,-4.8,0.0,1.828799,0.69341964,0.0
2004-01-20,-4.6,-6.5,-1.3,1.777999,0.69087964,0.0
2004-01-21,-5.4,-6.9,-1.6,1.777999,0.69087964,0.0
2004-01-22,-1.6,-5.2,0.8,1.777999,0.69087964,0.0
2004-01-23,-2.2,-3.7,-0.6,1.752599,0.69087964,0.0050799972
2004-01-24,-4.4,-16.3,-0.4,1.752599,0.6959596,0.0101599945
2004-01-25,-11.0,-14.0,-8.0,1.930399,0.7061196,0.0050799972
2004-01-26,-8.1,-10.1,-6.3,1.904999,0.7061196,0.017779991
2004-01-27,-4.5,-6.5,-3.1,2.1335988,0.7238996,0.020319989
2004-01-28,-2.5,-3.4,-2.0,2.1589987,0.7442196,0.035559982
2004-01-29,-1.0,-2.9,0.9,2.260599,0.77977955,0.033019982
2004-01-30,-3.1,-8.1,1.6,2.3113987,0.8127996,0.020319989
2004-01-31,-8.8,-9.9,-7.9,2.4383986,0.8331196,0.030479984
2004-02-01,-8.8,-10.0,-7.1,2.6669986,0.86359954,0.0050799972
2004-02-02,-7.4,-11.0,-3.3,2.6161985,0.86613953,0.0
2004-02-03,-4.5,-8.4,1.0,2.5145986,0.86613953,0.0050799972
2004-02-04,-4.4,-6.9,-0.3,2.4637988,0.86613953,0.0
2004-02-05,-6.5,-9.3,-3.7,2.4129987,0.86613953,0.0
2004-02-06,-2.8,-10.5,1.0,2.3875988,0.86613953,0.0025399986
2004-02-07,-4.7,-6.2,-1.9,2.3621988,0.8686795,0.0
2004-02-08,-6.2,-7.3,-3.4,2.3367987,0.8686795,0.0
2004-02-09,-6.6,-7.9,-4.0,2.3113987,0.8686795,0.0101599945
2004-02-10,-5.4,-8.2,-2.3,2.3367987,0.87883955,0.0
2004-02-11,-7.1,-11.1,-2.6,2.3367987,0.87883955,0.0
2004-02-12,-3.0,-10.6,3.4,2.3113987,0.87883955,0.0025399986
2004-02-13,3.2,-0.2,7.2,2.2859988,0.87883955,0.0
2004-02-14,-2.0,-4.7,1.9,2.260599,0.87883955,0.0
2004-02-15,-3.8,-5.2,-1.7,2.260599,0.87883955,0.0
2004-02-16,-2.2,-5.4,1.1,2.2351987,0.8737595,0.0050799972
2004-02-17,0.5,-1.2,2.5,2.2351987,0.87883955,0.017779991
2004-02-18,0.8,-1.6,3.8,2.3367987,0.8966195,0.0101599945
2004-02-19,-3.1,-4.4,-1.5,2.3875988,0.9067795,0.0
2004-02-20,-5.0,-7.8,-1.7,2.3621988,0.9067795,0.0
2004-02-21,-3.5,-9.2,3.5,2.3621988,0.9067795,0.0
2004-02-22,-0.3,-4.3,5.5,2.3367987,0.90423954,0.0025399986
2004-02-23,0.6,-2.8,4.6,2.3113987,0.90423954,0.0
2004-02-24,0.6,-2.0,4.3,2.3113987,0.90423954,0.0025399986
2004-02-25,-1.3,-4.4,1.5,2.3367987,0.9067795,0.0025399986
2004-02-26,-0.1,-1.9,2.5,2.3367987,0.9093195,0.0025399986
2004-02-27,-1.2,-3.3,2.4,2.3621988,0.9093195,0.0
2004-02-28,-2.1,-4.5,1.7,2.3367987,0.9093195,0.0025399986
2004-02-29,-3.3,-5.0,0.7,2.4129987,0.9118595,0.0025399986
2004-03-01,-4.9,-7.6,-0.9,2.3875988,0.9118595,0.0025399986
2004-03-02,-6.6,-13.6,1.1,2.4129987,0.9143995,0.0050799972
2004-03-03,-7.2,-11.2,-5.0,2.4891987,0.9194795,0.012699993
2004-03-04,-5.0,-7.0,-1.4,2.4383986,0.9321795,0.0050799972
2004-03-05,-5.7,-7.5,-3.6,2.5145986,0.9372595,0.012699993
2004-03-06,-7.3,-8.8,-5.2,2.5399985,0.9499595,0.007619996
2004-03-07,-0.2,-6.2,3.2,2.6161985,0.9575795,0.020319989
2004-03-08,4.9,2.2,8.3,2.5907986,0.9778995,0.045719974
2004-03-09,3.9,-3.2,7.2,2.4637988,1.0236194,0.0
2004-03-10,-2.0,-7.8,3.4,2.4129987,1.0210794,0.0025399986
2004-03-11,2.6,-2.6,8.6,2.4129987,1.0159994,0.0025399986
2004-03-12,2.5,-2.0,5.2,2.4129987,1.0159994,0.020319989
2004-03-13,-2.4,-6.1,0.9,2.4637988,1.0363195,0.0
2004-03-14,-1.7,-3.4,0.4,2.4383986,1.0236194,0.0025399986
2004-03-15,-0.8,-2.4,1.6,2.4383986,1.0185394,0.007619996
2004-03-16,-0.3,-1.3,1.6,2.3875988,1.0261594,0.012699993
2004-03-17,1.0,0.2,2.1,2.4383986,1.0388595,0.0050799972
2004-03-18,4.0,-1.2,8.0,2.4383986,1.0439395,0.0101599945
2004-03-19,-4.4,-6.8,-1.4,2.5145986,1.0540994,0.0050799972
2004-03-20,-0.6,-7.1,6.4,2.4891987,1.0540994,0.0
2004-03-21,6.7,-0.3,13.9,2.4891987,1.0540994,0.0025399986
2004-03-22,7.2,5.0,11.9,2.4129987,1.0540994,0.0
2004-03-23,6.2,1.7,10.1,2.3875988,1.0464795,0.0025399986
2004-03-24,2.1,-1.9,7.3,2.3367987,1.0464795,0.0
2004-03-25,1.5,-3.2,5.6,2.3113987,1.0464795,0.0
2004-03-26,-0.3,-3.8,4.5,2.2859988,1.0312394,0.0
2004-03-27,-2.5,-4.1,0.5,2.2859988,1.0159994,0.0050799972
2004-03-28,0.2,-3.7,4.4,2.3367987,1.0210794,0.0025399986
2004-03-29,6.8,-1.0,12.5,2.2859988,1.0210794,0.0
2004-03-30,10.0,4.4,15.4,2.2351987,1.0210794,0.0101599945
2004-03-31,4.2,-0.2,8.4,2.1589987,1.0312394,0.0050799972
2004-04-01,-2.4,-5.1,-0.1,2.1335988,1.0083795,0.012699993
2004-04-02,-2.7,-5.1,2.3,2.2859988,0.99059945,0.0
2004-04-03,4.6,-3.7,11.5,2.2351987,0.9829795,0.012699993
2004-04-04,6.1,3.3,8.9,2.1589987,0.99567944,0.022859987
2004-04-05,6.4,2.4,11.9,2.108199,1.0185394,0.0
2004-04-06,5.9,-1.8,11.4,2.0573988,0.9982195,0.0
2004-04-07,4.7,-2.4,10.1,2.006599,0.9601195,0.0
2004-04-08,1.9,-1.9,8.8,1.930399,0.9372595,0.020319989
2004-04-09,0.1,-2.1,4.9,2.1335988,0.9499595,0.0
2004-04-10,2.5,-2.6,7.8,2.0319989,0.94741946,0.0
2004-04-11,6.2,1.6,12.1,1.9811989,0.9397995,0.0
2004-04-12,8.7,4.6,12.0,1.955799,0.9372595,0.0025399986
2004-04-13,9.3,5.6,16.1,1.879599,0.9347195,0.0
2004-04-14,2.3,-0.9,6.6,1.828799,0.8966195,0.0050799972
2004-04-15,-0.2,-2.6,4.5,1.828799,0.85851955,0.0101599945
2004-04-16,1.0,-3.1,5.3,1.904999,0.86359954,0.007619996
2004-04-17,1.4,-1.0,5.1,1.828799,0.8712195,0.0050799972
2004-04-18,1.6,-3.3,5.8,1.828799,0.8762995,0.0
2004-04-19,1.2,-1.1,5.4,1.803399,0.8762995,0.0025399986
2004-04-20,-0.2,-2.5,4.4,1.777999,0.8712195,0.0025399986
2004-04-21,1.0,-3.1,5.9,1.777999,0.8712195,0.0
2004-04-22,4.3,-1.4,9.3,1.752599,0.8686795,0.0
2004-04-23,5.9,0.6,10.5,1.701799,0.85851955,0.0025399986
2004-04-24,1.1,-1.0,4.3,1.6763991,0.85597956,0.0
2004-04-25,4.0,-1.8,8.2,1.6255991,0.8077196,0.0
2004-04-26,9.3,3.1,13.5,1.5747992,0.80517954,0.0
2004-04-27,8.3,0.3,13.6,1.4985992,0.77723956,0.0050799972
2004-04-28,-3.4,-6.1,0.3,1.4731992,0.7264396,0.007619996
2004-04-29,1.5,-6.3,6.3,1.4223993,0.6807196,0.0050799972
2004-04-30,4.4,0.2,9.8,1.3715993,0.65277964,0.0
2004-05-01,8.7,1.8,13.6,1.2953993,0.65277964,0.0
2004-05-02,9.9,8.1,13.8,1.2191993,0.6172197,0.0
2004-05-03,8.7,6.3,12.2,1.1429994,0.5740397,0.0025399986
2004-05-04,9.6,5.6,13.2,1.0667994,0.5333997,0.0025399986
2004-05-05,6.7,3.1,10.5,0.9651995,0.48005974,0.0025399986
2004-05-06,8.6,3.0,12.5,0.83819956,0.4165598,0.0
2004-05-07,11.0,6.2,15.4,0.7619996,0.3759198,0.0
2004-05-08,7.1,1.6,11.2,0.6603996,0.33273983,0.0025399986
2004-05-09,3.4,1.2,6.8,0.5333997,0.29463986,0.0
2004-05-10,1.4,-1.9,5.1,0.5079997,0.27177987,0.0050799972
2004-05-11,-3.1,-7.1,0.2,0.5333997,0.27685985,0.0050799972
2004-05-12,-5.1,-8.1,-2.4,0.5333997,0.27177987,0.0025399986
2004-05-13,-0.3,-5.8,3.6,0.5587997,0.27431986,0.0025399986
2004-05-14,2.9,-1.8,6.7,0.5079997,0.27431986,0.0
2004-05-15,5.6,1.6,9.9,0.45719975,0.26161987,0.0
2004-05-16,3.4,2.2,4.6,0.3809998,0.22097988,0.0
2004-05-17,5.8,1.2,10.1,0.35559982,0.20573989,0.0
2004-05-18,4.0,1.6,7.7,0.27939984,0.16255991,0.0101599945
2004-05-19,5.4,2.3,10.5,0.27939984,0.15239991,0.0025399986
2004-05-20,6.7,2.7,10.8,0.2031999,0.12191994,0.0050799972
2004-05-21,2.7,0.7,6.4,0.15239991,0.086359955,0.020319989
2004-05-22,1.4,-0.7,4.2,0.12699993,0.071119964,0.0101599945
2004-05-23,-0.7,-2.2,2.4,0.10159995,0.078739956,0.0050799972
2004-05-24,0.4,-2.2,3.8,0.15239991,0.083819956,0.0
2004-05-25,4.4,0.5,7.2,0.12699993,0.078739956,0.0
2004-05-26,4.0,1.6,6.2,0.076199956,0.040639978,0.012699993
2004-05-27,5.8,3.8,9.2,0.050799973,0.027939985,0.007619996
2004-05-28,4.0,0.7,6.7,0.0,0.0,0.0025399986
2004-05-29,0.7,-0.3,1.8,0.0,0.0,0.0050799972
2004-05-30,2.1,0.2,5.1,0.0,0.0,0.0025399986
2004-05-31,3.9,1.4,6.8,0.0,0.0,0.0
2004-06-01,6.8,1.7,10.8,0.0,0.0,0.0
2004-06-02,11.5,6.4,16.0,0.0,0.0,0.0
2004-06-03,14.4,9.2,18.0,0.0,0.0,0.0
2004-06-04,14.3,8.1,19.1,0.0,0.0,0.0
2004-06-05,14.8,7.4,21.4,0.0,0.0,0.0025399986
2004-06-06,3.5,1.8,7.4,0.0,0.0,0.012699993
2004-06-07,4.2,1.8,8.6,0.0,0.0,0.0025399986
2004-06-08,1.8,0.2,3.5,0.0,0.0,0.0050799972
2004-06-09,5.7,2.3,11.3,0.0,0.0,0.007619996
2004-06-10,6.2,4.3,7.3,0.0,0.0,0.0101599945
2004-06-11,3.8,2.8,4.8,0.0,0.0,0.0025399986
2004-06-12,5.7,1.9,9.4,0.0,0.0,0.0
2004-06-13,5.0,3.1,7.5,0.0,0.0,0.0050799972
2004-06-14,5.0,2.4,7.2,0.0,0.0,0.0
2004-06-15,3.5,0.5,6.8,0.0,0.0,0.0025399986
2004-06-16,7.3,2.8,13.0,0.0,0.0,0.0025399986
2004-06-17,3.2,2.2,5.6,0.0,0.0,0.0
2004-06-18,4.0,1.5,7.3,0.0,0.0,0.0
2004-06-19,4.7,1.3,8.9,0.0,0.0,0.0
2004-06-20,8.3,4.8,14.0,0.0,0.0,0.0
2004-06-21,11.5,5.2,16.0,0.0,0.0,0.0
2004-06-22,12.8,9.6,18.0,0.0,0.0,0.0
2004-06-23,15.1,6.7,21.0,0.0,0.0,0.0
2004-06-24,9.7,4.7,16.1,0.0,0.0,0.0050799972
2004-06-25,10.6,7.4,16.9,0.0,0.0,0.020319989
2004-06-26,8.8,6.2,11.4,0.0,0.0,0.0
2004-06-27,9.7,6.6,14.2,0.0,0.0,0.0025399986
2004-06-28,13.7,8.4,19.9,0.0,0.0,0.0
2004-06-29,15.1,11.2,22.0,0.0,0.0,0.0
2004-06-30,14.8,10.5,20.0,0.0,0.0,0.0
2004-07-01,14.4,11.0,18.3,0.0,0.0,0.0
2004-07-02,14.7,10.3,18.9,0.0,0.0,0.0
2004-07-03,13.5,8.9,17.4,0.0,0.0,0.0
2004-07-04,8.9,4.7,13.7,0.0,0.0,0.015239992
2004-07-05,9.1,4.3,14.1,0.0,0.0,0.0
2004-07-06,13.0,9.3,16.5,0.0,0.0,0.0
2004-07-07,8.3,3.9,11.0,0.0,0.0,0.017779991
2004-07-08,6.6,3.2,10.3,0.0,0.0,0.0
2004-07-09,13.8,7.0,20.0,0.0,0.0,0.0
2004-07-10,14.8,10.1,21.1,0.0,0.0,0.0
2004-07-11,11.4,7.9,14.4,0.0,0.0,0.0
2004-07-12,15.0,8.7,21.2,0.0,0.0,0.0
2004-07-13,18.8,13.9,23.9,0.0,0.0,0.0
2004-07-14,20.7,15.8,25.8,0.0,0.0,0.0
2004-07-15,19.5,12.7,26.2,0.0,0.0,0.0
2004-07-16,21.2,15.8,26.3,0.0,0.0,0.0
2004-07-17,23.2,18.4,28.3,0.0,0.0,0.0
2004-07-18,18.0,13.6,22.5,0.0,0.0,0.0
2004-07-19,15.7,11.0,21.8,0.0,0.0,0.0
2004-07-20,12.7,10.6,16.4,0.0,0.0,0.0
2004-07-21,12.8,8.8,16.9,0.0,0.0,0.0
2004-07-22,11.8,8.3,15.6,0.0,0.0,0.0025399986
2004-07-23,12.9,8.9,18.1,0.0,0.0,0.0
2004-07-24,16.3,9.1,22.2,0.0,0.0,0.0
2004-07-25,19.1,14.7,25.1,0.0,0.0,0.0
2004-07-26,17.7,11.5,22.3,0.0,0.0,0.0
2004-07-27,11.5,6.1,17.9,0.0,0.0,0.0
2004-07-28,12.9,6.0,18.7,0.0,0.0,0.0025399986
2004-07-29,16.2,11.8,21.3,0.0,0.0,0.0
2004-07-30,17.0,12.7,21.5,0.0,0.0,0.0
2004-07-31,16.9,12.2,21.8,0.0,0.0,0.0
2004-08-01,18.6,13.9,25.3,0.0,0.0,0.0
2004-08-02,17.0,12.5,23.4,0.0,0.0,0.0
2004-08-03,13.9,10.5,20.6,0.0,0.0,0.0050799972
2004-08-04,15.7,11.4,20.8,0.0,0.0,0.0
2004-08-05,16.3,10.4,23.0,0.0,0.0,0.007619996
2004-08-06,15.8,9.9,21.4,0.0,0.0,0.0
2004-08-07,7.2,5.4,10.1,0.0,0.0,0.0050799972
2004-08-08,9.9,5.2,15.4,0.0,0.0,0.0
2004-08-09,10.6,5.5,17.3,0.0,0.0,0.0
2004-08-10,12.1,7.2,18.2,0.0,0.0,0.0
2004-08-11,14.8,9.7,20.2,0.0,0.0,0.0
2004-08-12,16.6,11.4,22.8,0.0,0.0,0.0
2004-08-13,18.2,13.5,23.6,0.0,0.0,0.0
2004-08-14,18.9,14.7,24.5,0.0,0.0,0.0
2004-08-15,18.6,15.4,22.6,0.0,0.0,0.0
2004-08-16,16.1,13.1,21.2,0.0,0.0,0.0
2004-08-17,15.8,11.8,21.3,0.0,0.0,0.0
2004-08-18,10.6,8.4,14.0,0.0,0.0,0.017779991
2004-08-19,12.6,9.3,17.7,0.0,0.0,0.0025399986
2004-08-20,14.4,9.5,18.4,0.0,0.0,0.0
2004-08-21,15.9,12.3,20.1,0.0,0.0,0.0
2004-08-22,10.6,6.2,13.8,0.0,0.0,0.012699993
2004-08-23,5.3,3.6,6.7,0.0,0.0,0.017779991
2004-08-24,6.3,4.9,7.7,0.0,0.0,0.0050799972
2004-08-25,5.5,4.1,6.6,0.0,0.0,0.015239992
2004-08-26,5.4,3.7,8.0,0.0,0.0,0.0
2004-08-27,7.3,5.2,10.1,0.0,0.0,0.0
2004-08-28,7.7,6.4,9.4,0.0,0.0,0.0025399986
2004-08-29,10.2,7.1,13.0,0.0,0.0,0.0
2004-08-30,13.7,10.5,17.8,0.0,0.0,0.0
2004-08-31,17.3,13.0,22.9,0.0,0.0,0.0
2004-09-01,14.3,6.4,20.5,0.0,0.0,0.007619996
2004-09-02,3.9,1.9,6.5,0.0,0.0,0.0025399986
2004-09-03,4.0,1.8,7.5,0.0,0.0,0.0
2004-09-04,6.3,3.4,8.9,0.0,0.0,0.0
2004-09-05,6.7,5.1,10.0,0.0,0.0,0.0
2004-09-06,8.3,3.0,12.9,0.0,0.0,0.0
2004-09-07,10.7,8.2,14.1,0.0,0.0,0.0
2004-09-08,12.0,7.4,16.0,0.0,0.0,0.0
2004-09-09,10.0,7.3,12.1,0.0,0.0,0.0
2004-09-10,10.7,7.0,14.4,0.0,0.0,0.0
2004-09-11,11.6,7.4,16.1,0.0,0.0,0.0050799972
2004-09-12,5.3,3.3,8.0,0.0,0.0,0.025399987
2004-09-13,4.2,2.7,7.8,0.0,0.0,0.0025399986
2004-09-14,3.0,2.1,5.2,0.0,0.0,0.0050799972
2004-09-15,3.5,1.6,5.3,0.0,0.0,0.0050799972
2004-09-16,5.4,3.5,7.2,0.0,0.0,0.0
2004-09-17,7.4,5.3,10.2,0.0,0.0,0.0025399986
2004-09-18,4.5,2.0,7.5,0.0,0.0,0.0101599945
2004-09-19,0.6,-0.6,2.0,0.0,0.0,0.0101599945
2004-09-20,1.0,-1.0,5.2,0.0,0.0,0.0050799972
2004-09-21,1.3,-0.3,3.4,0.025399987,0.0025399986,0.0
2004-09-22,5.2,2.7,7.8,0.0,0.0,0.0
2004-09-23,6.6,5.7,8.4,0.0,0.0,0.0
2004-09-24,9.0,4.9,12.8,0.0,0.0,0.0
2004-09-25,12.9,8.7,16.1,0.0,0.0,0.0
2004-09-26,10.6,5.8,15.1,0.0,0.0,0.0
2004-09-27,10.1,5.4,15.6,0.0,0.0,0.0
2004-09-28,12.0,7.6,17.1,0.0,0.0,0.0
2004-09-29,10.0,5.0,14.4,0.0,0.0,0.0
2004-09-30,4.4,-2.3,12.3,0.0,0.0,0.0
2004-10-01,3.9,-3.1,9.1,0.0,0.0,0.0
2004-10-02,9.1,5.5,12.5,0.0,0.0,0.0
2004-10-03,9.9,5.7,14.6,0.0,0.0,0.0
2004-10-04,10.6,7.9,13.2,0.0,0.0,0.0
2004-10-05,9.9,7.4,13.2,0.0,0.0,0.0
2004-10-06,9.6,7.0,13.1,0.0,0.0,0.0
2004-10-07,7.0,4.1,9.1,0.0,0.0,0.0050799972
2004-10-08,11.8,7.6,15.5,0.0,0.0,0.0
2004-10-09,7.1,0.5,14.2,0.0,0.0,0.0
2004-10-10,2.9,-0.9,6.9,0.0,0.0,0.0
2004-10-11,5.4,1.3,11.0,0.0,0.0,0.0
2004-10-12,5.5,2.0,9.3,0.0,0.0,0.0
2004-10-13,6.9,1.0,11.0,0.0,0.0,0.0
2004-10-14,8.6,3.4,11.9,0.0,0.0,0.007619996
2004-10-15,3.4,0.3,6.8,0.0,0.0,0.0050799972
2004-10-16,3.5,-1.3,5.3,0.0,0.0,0.033019982
2004-10-17,-2.0,-5.0,2.6,0.0,0.0,0.0025399986
2004-10-18,-0.6,-1.5,2.4,0.0,0.0,0.0101599945
2004-10-19,0.3,-2.3,5.4,0.050799973,0.0101599945,0.0025399986
2004-10-20,1.6,-2.0,5.8,0.050799973,0.0101599945,0.0101599945
2004-10-21,0.5,-1.8,2.0,0.076199956,0.020319989,0.0050799972
2004-10-22,-1.2,-2.2,0.2,0.10159995,0.022859987,0.0025399986
2004-10-23,-1.8,-4.8,0.2,0.10159995,0.020319989,0.015239992
2004-10-24,-4.6,-5.4,-3.0,0.2031999,0.035559982,0.015239992
2004-10-25,-2.6,-5.1,0.8,0.3809998,0.048259974,0.0
2004-10-26,1.2,-3.2,6.4,0.30479982,0.045719974,0.0025399986
2004-10-27,5.1,0.7,9.7,0.25399986,0.045719974,0.0
2004-10-28,3.8,-1.3,10.2,0.22859988,0.045719974,0.0
2004-10-29,-1.1,-1.8,1.4,0.2031999,0.043179978,0.0
2004-10-30,-2.1,-4.3,-0.4,0.2031999,0.043179978,0.0025399986
2004-10-31,-4.9,-6.6,-0.9,0.2031999,0.043179978,0.0025399986
2004-11-01,-4.4,-7.5,-1.7,0.2031999,0.043179978,0.015239992
2004-11-02,1.6,-2.4,3.8,0.25399986,0.05841997,0.017779991
2004-11-03,-1.7,-6.6,1.7,0.25399986,0.076199956,0.0050799972
2004-11-04,0.9,-6.0,3.9,0.25399986,0.078739956,0.007619996
2004-11-05,5.2,2.5,7.5,0.30479982,0.086359955,0.022859987
2004-11-06,4.9,3.0,7.4,0.35559982,0.10921994,0.0
2004-11-07,6.9,4.7,10.6,0.3301998,0.10921994,0.0
2004-11-08,11.3,7.9,14.8,0.30479982,0.10667994,0.0
2004-11-09,6.9,1.0,11.9,0.27939984,0.10667994,0.0
2004-11-10,-0.3,-1.6,0.9,0.27939984,0.10667994,0.0025399986
2004-11-11,2.3,-1.2,7.4,0.27939984,0.10667994,0.0
2004-11-12,3.1,0.1,7.4,0.27939984,0.10667994,0.0
2004-11-13,2.7,-0.4,7.0,0.27939984,0.10413995,0.0
2004-11-14,2.8,0.2,4.4,0.27939984,0.10159995,0.0
2004-11-15,4.6,3.1,6.8,0.25399986,0.10159995,0.0
2004-11-16,1.9,0.2,3.7,0.25399986,0.10159995,0.0
2004-11-17,0.4,-0.4,1.5,0.25399986,0.09905995,0.0
2004-11-18,-0.4,-4.7,4.0,0.25399986,0.09651995,0.0050799972
2004-11-19,-4.9,-7.0,-2.6,0.27939984,0.10159995,0.0025399986
2004-11-20,-6.4,-8.2,-1.7,0.30479982,0.10413995,0.0025399986
2004-11-21,-5.5,-8.0,-2.3,0.27939984,0.10667994,0.0
2004-11-22,-4.6,-6.9,-1.8,0.27939984,0.10667994,0.0050799972
2004-11-23,-3.3,-4.4,-1.6,0.30479982,0.10921994,0.0050799972
2004-11-24,-0.3,-3.3,1.6,0.30479982,0.11429994,0.025399987
2004-11-25,-0.4,-3.5,0.9,0.45719975,0.13969992,0.033019982
2004-11-26,-6.3,-8.1,-3.6,0.60959965,0.17271991,0.007619996
2004-11-27,-8.1,-10.9,-4.8,0.63499963,0.1803399,0.0025399986
2004-11-28,-9.1,-11.4,-4.7,0.63499963,0.1828799,0.0025399986
2004-11-29,-7.8,-10.8,-2.7,0.63499963,0.1854199,0.0025399986
2004-11-30,-6.5,-8.3,-4.7,0.63499963,0.1879599,0.0050799972
2004-12-01,-7.3,-8.8,-5.3,0.63499963,0.1930399,0.022859987
2004-12-02,-5.2,-6.9,-3.5,0.7365996,0.21589988,0.035559982
2004-12-03,-2.8,-4.5,-0.5,0.7619996,0.25145987,0.0025399986
2004-12-04,-0.6,-3.7,1.8,0.7365996,0.25399986,0.0
2004-12-05,-3.6,-7.5,0.1,0.7365996,0.25399986,0.0050799972
2004-12-06,-6.8,-8.9,-4.3,0.7873996,0.25653985,0.0025399986
2004-12-07,-3.8,-5.2,-2.2,0.7873996,0.25907987,0.012699993
2004-12-08,-2.9,-4.8,-1.3,0.8889995,0.27177987,0.0101599945
2004-12-09,-2.9,-4.7,-0.1,0.9143995,0.28193983,0.0101599945
2004-12-10,2.9,-0.7,4.3,0.9397995,0.29209983,0.0101599945
2004-12-11,0.7,-5.0,3.3,0.8889995,0.29463986,0.015239992
2004-12-12,-4.6,-7.3,0.5,0.83819956,0.29971984,0.0025399986
2004-12-13,0.3,-4.3,4.8,0.83819956,0.30225983,0.0025399986
2004-12-14,0.3,-1.3,2.1,0.83819956,0.30225983,0.0050799972
2004-12-15,-1.4,-3.7,1.4,0.86359954,0.30733985,0.0025399986
2004-12-16,-0.5,-2.4,1.4,0.83819956,0.30733985,0.027939985
2004-12-17,-0.3,-1.8,2.2,0.9397995,0.33527982,0.0
2004-12-18,1.5,-0.5,3.8,0.9397995,0.33527982,0.0
2004-12-19,1.7,-4.7,5.1,0.9397995,0.33527982,0.0
2004-12-20,-6.7,-8.1,-4.3,0.9397995,0.33527982,0.0101599945
2004-12-21,-8.5,-11.2,-4.1,1.0159994,0.34543982,0.0025399986
2004-12-22,-12.9,-18.3,-8.5,1.0159994,0.3479798,0.0025399986
2004-12-23,-12.0,-19.2,-8.0,1.0413995,0.3505198,0.045719974
2004-12-24,-3.0,-8.6,-0.2,1.0921994,0.3962398,0.0
2004-12-25,0.1,-0.9,1.5,1.0667994,0.3936998,0.0
2004-12-26,-2.2,-5.4,-0.4,1.0667994,0.3911598,0.0
2004-12-27,1.1,-2.9,6.8,1.0667994,0.38861978,0.0
2004-12-28,0.5,-2.7,3.0,1.0667994,0.38861978,0.0
2004-12-29,-0.1,-2.4,2.0,1.0413995,0.38861978,0.0050799972
2004-12-30,-7.1,-15.8,-1.8,1.0921994,0.3936998,0.007619996
2004-12-31,-17.0,-21.8,-9.8,1.2445993,0.40131977,0.007619996
2005-01-01,-12.5,-21.9,-4.2,1.3715993,0.40893978,0.0050799972
2005-01-02,-6.6,-8.2,-4.4,1.3715993,0.41147977,0.0
2005-01-03,-8.3,-12.2,-4.3,1.3715993,0.41147977,0.0
2005-01-04,-13.6,-17.1,-9.7,1.3207992,0.41147977,0.0
2005-01-05,-13.2,-18.3,-6.7,1.2953993,0.41147977,0.0
2005-01-06,-11.3,-14.4,-9.0,1.2953993,0.41147977,0.007619996
2005-01-07,-15.4,-18.0,-12.4,1.2191993,0.41909978,0.0050799972
2005-01-08,-10.2,-19.8,-3.8,1.2699993,0.42417976,0.0025399986
2005-01-09,-11.6,-21.0,-5.9,1.2699993,0.42417976,0.0050799972
2005-01-10,-6.1,-7.7,-4.4,1.3207992,0.42925978,0.0050799972
2005-01-11,-7.0,-9.9,-5.4,1.3461993,0.43433976,0.0
2005-01-12,-9.3,-16.4,-6.6,1.2953993,0.43433976,0.025399987
2005-01-13,-11.6,-13.7,-8.0,1.5747992,0.45973974,0.0050799972
2005-01-14,-14.7,-17.4,-12.3,1.5239992,0.46227974,0.0
2005-01-15,-8.8,-14.7,-3.3,1.4731992,0.46227974,0.0025399986
2005-01-16,-2.7,-4.9,-0.7,1.4223993,0.46227974,0.0025399986
2005-01-17,0.0,-2.3,2.9,1.3969992,0.46481976,0.007619996
2005-01-18,3.2,1.7,4.7,1.3969992,0.47243974,0.022859987
2005-01-19,4.4,3.3,6.1,1.2953993,0.49529973,0.0
2005-01-20,5.7,2.4,8.3,1.2191993,0.48767975,0.0
2005-01-21,1.8,-0.1,3.7,1.1937994,0.47243974,0.0
2005-01-22,4.5,2.3,6.7,1.1937994,0.46989974,0.0
2005-01-23,6.3,3.7,9.0,1.1683993,0.46735975,0.0
2005-01-24,5.5,3.4,8.3,1.1683993,0.46481976,0.0
2005-01-25,4.6,1.8,8.0,1.1683993,0.46227974,0.0
2005-01-26,4.1,1.7,7.6,1.1429994,0.46227974,0.0
2005-01-27,2.2,-0.1,5.0,1.1429994,0.45973974,0.0
2005-01-28,0.7,-2.7,5.7,1.1175994,0.45719975,0.0
2005-01-29,-0.6,-3.1,2.1,1.1175994,0.45465976,0.0
2005-01-30,-2.1,-3.2,1.8,1.1175994,0.44703975,0.0
2005-01-31,-1.0,-3.5,3.2,1.1175994,0.44703975,0.0
2005-02-01,-2.0,-4.2,1.5,1.1175994,0.44449976,0.0
2005-02-02,3.1,-1.6,5.9,1.1175994,0.43941978,0.0
2005-02-03,4.7,1.3,7.2,1.0921994,0.43941978,0.0
2005-02-04,2.9,-3.5,5.5,1.0921994,0.43941978,0.0025399986
2005-02-05,-6.3,-8.5,-3.5,1.0921994,0.44195977,0.007619996
2005-02-06,-8.7,-12.5,-2.4,1.1683993,0.44957975,0.0
2005-02-07,-7.2,-11.7,-2.5,1.1175994,0.44957975,0.0025399986
2005-02-08,-7.7,-9.1,-4.4,1.1175994,0.44957975,0.0050799972
2005-02-09,-4.6,-9.4,-0.5,1.1429994,0.45465976,0.0025399986
2005-02-10,-0.5,-4.6,4.2,1.1429994,0.45719975,0.0
2005-02-11,5.4,2.2,10.7,1.1175994,0.45719975,0.0025399986
2005-02-12,0.8,-2.0,4.6,1.1175994,0.45973974,0.0
2005-02-13,-3.8,-8.2,-1.0,1.1175994,0.45465976,0.0101599945
2005-02-14,-9.5,-10.8,-7.4,1.2191993,0.46481976,0.007619996
2005-02-15,-9.9,-11.5,-7.1,1.3207992,0.47243974,0.0
2005-02-16,-7.6,-12.9,-3.3,1.2699993,0.47243974,0.0050799972
2005-02-17,-3.1,-6.9,4.8,1.2699993,0.47751975,0.0
2005-02-18,-1.3,-7.2,4.2,1.2699993,0.47751975,0.0
2005-02-19,-1.9,-8.9,1.4,1.2445993,0.46735975,0.0
2005-02-20,-4.4,-9.4,0.1,1.1683993,0.45719975,0.0025399986
2005-02-21,-4.0,-6.8,0.7,1.1175994,0.45211977,0.0
2005-02-22,-1.9,-7.0,4.6,1.0921994,0.44703975,0.0
2005-02-23,1.0,-4.3,6.6,1.0921994,0.44449976,0.0
2005-02-24,3.3,-3.2,8.9,1.0921994,0.44449976,0.0
2005-02-25,4.3,0.5,9.9,1.0667994,0.44449976,0.0
2005-02-26,0.9,-3.6,6.8,1.0667994,0.44449976,0.0
2005-02-27,1.7,-3.3,7.6,1.0667994,0.44449976,0.0
2005-02-28,3.2,-1.4,10.0,1.0667994,0.43687975,0.0
2005-03-01,-0.5,-2.2,2.5,1.0667994,0.42925978,0.0
2005-03-02,1.9,-0.2,5.7,1.0667994,0.42925978,0.0
2005-03-03,2.4,-1.9,6.9,1.0413995,0.42925978,0.0
2005-03-04,3.0,0.4,6.6,1.0413995,0.42417976,0.0
2005-03-05,2.1,0.0,4.9,1.0413995,0.4165598,0.0
2005-03-06,2.2,-0.6,5.6,1.0413995,0.4165598,0.0
2005-03-07,2.5,0.2,5.2,1.0413995,0.4165598,0.0025399986
2005-03-08,3.8,-0.7,8.6,1.0413995,0.41909978,0.0
2005-03-09,3.9,0.4,7.1,1.0159994,0.41909978,0.0
2005-03-10,3.1,-1.6,6.8,0.99059945,0.41909978,0.0
2005-03-11,6.0,3.2,9.4,0.99059945,0.4165598,0.0
2005-03-12,-4.2,-7.9,4.3,0.9651995,0.41401976,0.015239992
2005-03-13,-5.2,-8.1,-1.3,1.0921994,0.42417976,0.0025399986
2005-03-14,-4.9,-7.9,-0.4,1.1175994,0.42671975,0.0025399986
2005-03-15,-2.9,-7.9,0.7,1.0921994,0.42925978,0.0025399986
2005-03-16,-1.6,-2.9,0.3,1.0921994,0.43179977,0.0101599945
2005-03-17,-5.8,-9.4,-2.2,1.0921994,0.44195977,0.0101599945
2005-03-18,-6.3,-10.9,0.2,1.1937994,0.44703975,0.0025399986
2005-03-19,-5.8,-11.1,0.7,1.1937994,0.44957975,0.0050799972
2005-03-20,0.8,-1.6,4.2,1.2445993,0.45465976,0.0025399986
2005-03-21,-1.9,-4.5,0.3,1.2191993,0.45719975,0.0025399986
2005-03-22,-6.1,-11.0,-2.0,1.2445993,0.45973974,0.015239992
2005-03-23,-12.3,-13.6,-9.5,1.3715993,0.47243974,0.0025399986
2005-03-24,-9.9,-14.2,-6.4,1.3461993,0.47243974,0.0050799972
2005-03-25,-4.9,-7.0,-1.2,1.3715993,0.47751975,0.0050799972
2005-03-26,-2.5,-7.0,0.9,1.3969992,0.48259974,0.022859987
2005-03-27,2.0,-0.1,3.3,1.4223993,0.5054597,0.033019982
2005-03-28,-0.5,-5.2,2.9,1.4223993,0.5384797,0.020319989
2005-03-29,-3.4,-5.9,1.6,1.4985992,0.5587997,0.0050799972
2005-03-30,-4.5,-5.7,-1.8,1.5239992,0.56387967,0.0101599945
2005-03-31,-2.2,-6.4,1.4,1.6255991,0.5740397,0.015239992
2005-04-01,2.0,-1.3,6.7,1.6001991,0.5892797,0.015239992
2005-04-02,-0.1,-2.5,2.4,1.6001991,0.60451967,0.015239992
2005-04-03,1.3,-1.7,7.0,1.6255991,0.6197597,0.012699993
2005-04-04,0.6,-3.0,7.2,1.6509991,0.63245964,0.0025399986
2005-04-05,-0.2,-4.3,2.7,1.6255991,0.63245964,0.0
2005-04-06,7.7,1.6,14.1,1.6255991,0.63245964,0.0
2005-04-07,9.3,4.9,14.2,1.5239992,0.62991965,0.0
2005-04-08,0.6,-2.3,5.0,1.4731992,0.6222997,0.0
2005-04-09,-0.9,-4.3,3.4,1.4731992,0.6146797,0.0
2005-04-10,0.5,-3.1,5.1,1.4731992,0.60959965,0.0
2005-04-11,1.4,-1.5,4.8,1.4731992,0.60451967,0.0
2005-04-12,3.1,-2.2,9.1,1.4477992,0.5994397,0.0
2005-04-13,2.8,-1.7,9.5,1.3969992,0.5943597,0.022859987
2005-04-14,-3.8,-5.4,-1.8,1.3969992,0.6172197,0.012699993
2005-04-15,-1.4,-6.0,2.4,1.6509991,0.6222997,0.0025399986
2005-04-16,6.6,2.0,11.7,1.6001991,0.6222997,0.0025399986
2005-04-17,3.2,-1.8,8.1,1.4985992,0.62483966,0.0
2005-04-18,-1.3,-3.0,1.7,1.4477992,0.60705966,0.007619996
2005-04-19,-1.4,-2.6,0.6,1.6001991,0.61213964,0.007619996
2005-04-20,-1.6,-3.2,0.0,1.5747992,0.6146797,0.0101599945
2005-04-21,0.6,-3.1,4.6,1.5747992,0.6172197,0.0
2005-04-22,5.3,1.7,8.7,1.5239992,0.6172197,0.0
2005-04-23,7.0,2.6,12.6,1.4223993,0.6172197,0.007619996
2005-04-24,6.3,3.5,9.3,1.3715993,0.62483966,0.0025399986
2005-04-25,6.9,2.1,12.5,1.3207992,0.6019797,0.0
2005-04-26,4.2,-1.5,7.7,1.2953993,0.5791197,0.0
2005-04-27,-6.0,-9.5,-2.3,1.2699993,0.5613397,0.0025399986
2005-04-28,-7.6,-11.8,-2.8,1.2699993,0.5562597,0.0
2005-04-29,-3.9,-10.3,1.2,1.2445993,0.5511797,0.0
2005-04-30,-4.0,-7.1,1.7,1.2445993,0.5410197,0.0025399986
2005-05-01,-1.5,-6.1,4.6,1.2445993,0.5410197,0.0
2005-05-02,1.3,-6.5,8.2,1.2191993,0.5410197,0.0
2005-05-03,4.2,0.3,8.1,1.1683993,0.5359397,0.0
2005-05-04,5.3,2.0,9.7,1.1429994,0.5257797,0.0
2005-05-05,7.9,2.0,13.6,1.0921994,0.5130797,0.0050799972
2005-05-06,8.0,4.3,12.6,1.0159994,0.49783972,0.0
2005-05-07,5.5,2.5,11.3,0.9651995,0.46989974,0.007619996
2005-05-08,3.2,1.8,5.6,0.9143995,0.44703975,0.007619996
2005-05-09,2.9,1.4,3.9,0.8889995,0.43179977,0.0101599945
2005-05-10,1.8,0.4,3.1,0.8889995,0.42671975,0.0101599945
2005-05-11,0.3,-1.3,2.7,0.9397995,0.43179977,0.0025399986
2005-05-12,4.2,-1.8,10.0,0.9397995,0.43179977,0.0
2005-05-13,7.7,5.2,12.7,0.86359954,0.41909978,0.0
2005-05-14,9.5,5.3,13.6,0.7873996,0.40131977,0.0
2005-05-15,8.7,6.5,13.1,0.71119964,0.3632198,0.0050799972
2005-05-16,7.9,3.2,12.0,0.60959965,0.31495982,0.007619996
2005-05-17,2.8,1.4,5.2,0.5587997,0.27685985,0.0050799972
2005-05-18,5.6,2.3,9.5,0.48259974,0.24129987,0.0050799972
2005-05-19,5.1,2.6,7.9,0.4063998,0.20065989,0.0101599945
2005-05-20,6.1,1.6,11.3,0.3301998,0.15239991,0.0101599945
2005-05-21,4.0,0.3,7.2,0.25399986,0.10159995,0.0
2005-05-22,6.0,0.3,10.7,0.15239991,0.05841997,0.0101599945
2005-05-23,3.1,-0.3,7.0,0.025399987,0.020319989,0.0
2005-05-24,3.3,0.5,6.9,0.0,0.0,0.0
2005-05-25,4.5,0.3,9.0,0.0,0.0,0.0
2005-05-26,7.2,1.5,11.2,0.0,0.0,0.0
2005-05-27,10.5,5.2,17.1,0.0,0.0,0.0
2005-05-28,10.7,5.5,16.1,0.0,0.0,0.0
2005-05-29,6.6,3.2,9.7,0.0,0.0,0.0
2005-05-30,7.1,2.0,12.5,0.0,0.0,0.0
2005-05-31,7.2,4.3,12.8,0.0,0.0,0.0
2005-06-01,2.5,1.6,4.4,0.0,0.0,0.033019982
2005-06-02,2.6,1.4,5.0,0.025399987,0.012699993,0.0101599945
2005-06-03,4.6,2.9,6.3,0.025399987,0.007619996,0.0101599945
2005-06-04,7.5,3.8,11.9,0.0,0.0,0.0
2005-06-05,8.8,3.2,14.8,0.0,0.0,0.0101599945
2005-06-06,3.9,2.1,7.9,0.0,0.0,0.0
2005-06-07,2.3,0.8,4.4,0.0,0.0,0.0025399986
2005-06-08,3.5,1.7,5.8,0.0,0.0,0.0
2005-06-09,4.8,2.6,7.0,0.0,0.0,0.0
2005-06-10,6.7,4.5,9.6,0.0,0.0,0.0
2005-06-11,8.2,5.5,12.2,0.0,0.0,0.0
2005-06-12,3.5,2.0,5.9,0.0,0.0,0.012699993
2005-06-13,5.1,0.8,9.2,0.0,0.0,0.0
2005-06-14,10.0,4.6,16.2,0.0,0.0,0.0025399986
2005-06-15,12.1,8.6,14.9,0.0,0.0,0.0
2005-06-16,11.0,7.9,17.1,0.0,0.0,0.012699993
2005-06-17,8.0,3.4,13.4,0.0,0.0,0.015239992
2005-06-18,6.7,3.5,11.0,0.0,0.0,0.0
2005-06-19,10.6,5.2,16.3,0.0,0.0,0.0
2005-06-20,16.6,9.1,23.1,0.0,0.0,0.0
2005-06-21,19.1,12.8,26.7,0.0,0.0,0.0
2005-06-22,16.9,11.8,22.4,0.0,0.0,0.0
2005-06-23,11.0,7.4,15.6,0.0,0.0,0.0
2005-06-24,12.9,8.1,17.6,0.0,0.0,0.0
2005-06-25,11.4,8.1,15.9,0.0,0.0,0.0025399986
2005-06-26,8.8,7.2,12.4,0.0,0.0,0.0025399986
2005-06-27,9.3,7.2,14.8,0.0,0.0,0.0050799972
2005-06-28,8.2,6.3,11.8,0.0,0.0,0.0050799972
2005-06-29,8.8,6.4,13.0,0.0,0.0,0.0101599945
2005-06-30,12.3,7.7,16.8,0.0,0.0,0.0
2005-07-01,14.3,10.5,18.2,0.0,0.0,0.0
2005-07-02,10.6,5.8,13.8,0.0,0.0,0.0
2005-07-03,10.1,5.4,15.0,0.0,0.0,0.0
2005-07-04,13.1,8.6,17.6,0.0,0.0,0.0
2005-07-05,16.5,11.4,21.3,0.0,0.0,0.0
2005-07-06,17.6,13.1,21.9,0.0,0.0,0.0
2005-07-07,15.6,11.5,20.1,0.0,0.0,0.0
2005-07-08,19.6,14.0,24.6,0.0,0.0,0.0
2005-07-09,10.2,6.3,16.9,0.0,0.0,0.0
2005-07-10,10.9,6.0,16.1,0.0,0.0,0.0
2005-07-11,13.4,8.7,18.9,0.0,0.0,0.0
2005-07-12,20.4,13.3,26.5,0.0,0.0,0.0
2005-07-13,18.1,10.5,22.5,0.0,0.0,0.0
2005-07-14,14.9,8.3,20.2,0.0,0.0,0.0
2005-07-15,19.6,14.1,24.7,0.0,0.0,0.0
2005-07-16,13.1,6.7,17.6,0.0,0.0,0.0
2005-07-17,10.8,6.0,17.2,0.0,0.0,0.0
2005-07-18,15.9,10.3,21.4,0.0,0.0,0.0
2005-07-19,17.8,14.0,22.5,0.0,0.0,0.0
2005-07-20,18.0,12.9,23.4,0.0,0.0,0.0
2005-07-21,19.1,13.4,25.5,0.0,0.0,0.0
2005-07-22,19.4,13.5,24.1,0.0,0.0,0.0
2005-07-23,14.7,11.0,19.4,0.0,0.0,0.0
2005-07-24,15.5,7.6,22.3,0.0,0.0,0.0
2005-07-25,8.0,5.7,12.8,0.0,0.0,0.0
2005-07-26,13.1,5.7,18.7,0.0,0.0,0.0
2005-07-27,17.1,12.0,21.8,0.0,0.0,0.0
2005-07-28,18.5,14.8,23.7,0.0,0.0,0.0
2005-07-29,19.7,15.4,25.3,0.0,0.0,0.0
2005-07-30,19.2,14.0,24.1,0.0,0.0,0.0
2005-07-31,19.9,15.0,24.9,0.0,0.0,0.0
2005-08-01,17.9,11.0,23.6,0.0,0.0,0.0
2005-08-02,14.8,11.9,19.2,0.0,0.0,0.0
2005-08-03,13.8,9.3,19.0,0.0,0.0,0.0
2005-08-04,17.6,10.6,23.8,0.0,0.0,0.0
2005-08-05,20.1,15.0,25.9,0.0,0.0,0.0
2005-08-06,20.8,16.5,25.9,0.0,0.0,0.0
2005-08-07,20.3,15.8,25.7,0.0,0.0,0.0
2005-08-08,17.4,9.5,22.1,0.0,0.0,0.0
2005-08-09,15.4,7.5,23.2,0.0,0.0,0.0
2005-08-10,13.8,8.5,22.9,0.0,0.0,0.0
2005-08-11,12.0,6.5,19.8,0.0,0.0,0.0025399986
2005-08-12,5.2,2.4,8.7,0.0,0.0,0.007619996
2005-08-13,7.3,2.8,13.8,0.0,0.0,0.0
2005-08-14,13.0,6.5,19.1,0.0,0.0,0.0
2005-08-15,16.4,11.7,21.8,0.0,0.0,0.0
2005-08-16,17.3,13.2,22.6,0.0,0.0,0.0
2005-08-17,12.5,5.8,18.2,0.0,0.0,0.0
2005-08-18,7.5,3.8,13.3,0.0,0.0,0.0
2005-08-19,11.5,6.1,16.7,0.0,0.0,0.0
2005-08-20,16.9,12.1,22.4,0.0,0.0,0.0
2005-08-21,20.7,15.6,26.0,0.0,0.0,0.0
2005-08-22,18.4,12.1,25.1,0.0,0.0,0.0
2005-08-23,12.5,4.9,18.8,0.0,0.0,0.007619996
2005-08-24,6.2,4.1,9.6,0.0,0.0,0.0
2005-08-25,10.3,5.2,15.0,0.0,0.0,0.0
2005-08-26,14.1,9.7,19.0,0.0,0.0,0.0
2005-08-27,16.5,12.0,21.8,0.0,0.0,0.0
2005-08-28,17.9,13.4,23.3,0.0,0.0,0.0
2005-08-29,16.8,6.2,25.8,0.0,0.0,0.0
2005-08-30,6.2,3.1,11.0,0.0,0.0,0.0
2005-08-31,9.6,4.4,14.5,0.0,0.0,0.0
2005-09-01,12.7,7.8,18.3,0.0,0.0,0.0
2005-09-02,17.1,12.7,21.7,0.0,0.0,0.0
2005-09-03,16.8,12.0,21.5,0.0,0.0,0.0
2005-09-04,14.0,8.8,19.4,0.0,0.0,0.0
2005-09-05,9.9,5.9,14.3,0.0,0.0,0.0
2005-09-06,13.3,7.3,18.9,0.0,0.0,0.0
2005-09-07,15.2,11.6,19.9,0.0,0.0,0.0
2005-09-08,16.7,12.0,20.9,0.0,0.0,0.0
2005-09-09,13.9,4.1,20.3,0.0,0.0,0.0
2005-09-10,2.6,1.4,4.4,0.0,0.0,0.012699993
2005-09-11,4.0,0.9,7.6,0.025399987,0.0025399986,0.0
2005-09-12,4.5,2.7,8.8,0.025399987,0.0025399986,0.0025399986
2005-09-13,4.4,2.0,6.9,0.0,0.0,0.0025399986
2005-09-14,7.8,4.6,11.7,0.0,0.0,0.0
2005-09-15,10.6,7.2,15.9,0.0,0.0,0.0
2005-09-16,8.8,4.0,14.5,0.0,0.0,0.0050799972
2005-09-17,4.9,3.4,6.5,0.0,0.0,0.015239992
2005-09-18,5.7,4.1,8.5,0.0,0.0,0.0
2005-09-19,9.7,5.5,13.5,0.0,0.0,0.0
2005-09-20,11.8,7.8,15.6,0.0,0.0,0.0
2005-09-21,7.8,4.8,12.8,0.0,0.0,0.0
2005-09-22,7.7,2.8,11.9,0.0,0.0,0.0
2005-09-23,0.9,-0.5,3.1,0.0,0.0,0.0050799972
2005-09-24,0.6,-1.4,2.9,0.025399987,0.0025399986,0.012699993
2005-09-25,3.6,-1.0,7.0,0.050799973,0.0101599945,0.0
2005-09-26,9.3,4.4,13.0,0.050799973,0.0050799972,0.0
2005-09-27,4.9,-2.4,12.5,0.0,0.0,0.0
2005-09-28,7.7,-1.7,12.0,0.0,0.0,0.0
2005-09-29,9.4,8.1,12.2,0.0,0.0,0.020319989
2005-09-30,9.7,8.5,11.0,0.0,0.0,0.0
2005-10-01,4.8,0.4,12.2,0.0,0.0,0.0101599945
2005-10-02,1.4,-0.3,4.0,0.0,0.0,0.0025399986
2005-10-03,0.2,-1.5,1.9,0.0,0.0,0.0050799972
2005-10-04,-0.7,-3.5,3.5,0.0,0.0050799972,0.0
2005-10-05,0.2,-4.8,4.5,0.0,0.0,0.0
2005-10-06,5.4,1.1,8.2,0.0,0.0,0.0
2005-10-07,4.8,2.4,7.6,0.0,0.0,0.0
2005-10-08,3.0,0.6,6.5,0.0,0.0,0.0
2005-10-09,3.2,-0.4,8.1,0.0,0.0,0.0
2005-10-10,5.1,0.3,9.7,0.0,0.0,0.0
2005-10-11,6.3,3.0,11.0,0.0,0.0,0.0
2005-10-12,6.3,2.3,10.1,0.0,0.0,0.0
2005-10-13,5.5,3.8,8.2,0.0,0.0,0.0
2005-10-14,10.6,5.2,16.0,0.0,0.0,0.0
2005-10-15,11.3,6.2,15.5,0.0,0.0,0.0
2005-10-16,4.1,2.8,6.3,0.0,0.0,0.0
2005-10-17,8.3,5.2,11.3,0.0,0.0,0.0
2005-10-18,9.4,2.2,12.9,0.0,0.0,0.0
2005-10-19,8.3,2.4,13.8,0.0,0.0,0.007619996
2005-10-20,3.4,1.6,5.9,0.0,0.0,0.0025399986
2005-10-21,3.8,0.0,7.7,0.0,0.0,0.0
2005-10-22,8.0,2.3,13.1,0.0,0.0,0.0
2005-10-23,11.9,7.3,15.7,0.0,0.0,0.0
2005-10-24,12.2,9.7,15.4,0.0,0.0,0.0
2005-10-25,12.2,9.5,15.9,0.0,0.0,0.0
2005-10-26,8.9,5.1,12.1,0.0,0.0,0.0
2005-10-27,3.5,0.9,6.5,0.0,0.0,0.0101599945
2005-10-28,2.8,-0.4,4.7,0.0,0.0,0.0
2005-10-29,-1.0,-2.1,0.4,0.0,0.0,0.0
2005-10-30,-0.8,-1.9,1.3,0.0,0.0,0.0025399986
2005-10-31,0.2,-1.4,1.6,0.0,0.0,0.017779991
2005-11-01,3.9,-1.0,8.4,0.2031999,0.017779991,0.022859987
2005-11-02,-1.8,-3.2,0.6,0.15239991,0.040639978,0.0025399986
2005-11-03,-2.3,-4.3,0.0,0.12699993,0.040639978,0.0025399986
2005-11-04,-3.0,-4.1,-0.9,0.12699993,0.038099978,0.007619996
2005-11-05,-4.3,-5.3,-3.4,0.17779991,0.045719974,0.007619996
2005-11-06,-2.6,-4.0,-1.4,0.22859988,0.05333997,0.012699993
2005-11-07,-2.5,-4.0,0.6,0.30479982,0.066039965,0.015239992
2005-11-08,-4.7,-5.9,-2.3,0.43179977,0.081279956,0.0025399986
2005-11-09,0.0,-5.7,5.8,0.43179977,0.081279956,0.020319989
2005-11-10,6.4,4.2,8.9,0.4063998,0.10159995,0.0
2005-11-11,1.2,-3.4,4.4,0.3809998,0.10159995,0.0
2005-11-12,-4.9,-7.4,-3.3,0.35559982,0.10159995,0.0050799972
2005-11-13,-3.7,-6.4,-0.4,0.3809998,0.10667994,0.015239992
2005-11-14,-7.1,-11.6,-2.3,0.5079997,0.12191994,0.0101599945
2005-11-15,-7.6,-9.4,-4.3,0.5587997,0.12953994,0.0050799972
2005-11-16,-2.2,-6.0,1.1,0.58419967,0.13461992,0.0025399986
2005-11-17,-0.8,-4.3,3.8,0.5079997,0.13715993,0.007619996
2005-11-18,0.9,-1.4,3.6,0.5333997,0.14477992,0.015239992
2005-11-19,3.6,-2.3,8.4,0.5587997,0.16001992,0.0
2005-11-20,6.5,2.9,10.2,0.5333997,0.16001992,0.0
2005-11-21,6.3,2.9,9.0,0.5079997,0.16001992,0.0
2005-11-22,7.5,2.8,11.0,0.5079997,0.16001992,0.0
2005-11-23,7.1,2.1,11.0,0.48259974,0.15747991,0.0
2005-11-24,4.7,0.3,7.3,0.48259974,0.15493992,0.0
2005-11-25,2.6,-0.5,6.0,0.45719975,0.15493992,0.0025399986
2005-11-26,-4.6,-7.4,-0.5,0.48259974,0.15747991,0.040639978
2005-11-27,-7.1,-8.7,-4.9,0.71119964,0.1981199,0.007619996
2005-11-28,-9.6,-12.9,-4.5,0.7873996,0.20573989,0.0
2005-11-29,-8.4,-12.0,-5.2,0.7619996,0.20573989,0.0050799972
2005-11-30,-10.8,-16.3,-6.6,0.7619996,0.21081989,0.012699993
2005-12-01,-10.3,-13.0,-3.7,0.8889995,0.22097988,0.012699993
2005-12-02,-6.6,-11.3,-4.3,0.9651995,0.23367988,0.012699993
2005-12-03,-9.3,-12.2,-7.5,1.1429994,0.24637987,0.0025399986
2005-12-04,-11.8,-13.7,-9.0,1.1175994,0.24891986,0.007619996
2005-12-05,-11.1,-18.5,-7.3,1.0667994,0.25653985,0.012699993
2005-12-06,-17.5,-20.1,-9.6,1.2191993,0.26923984,0.0025399986
2005-12-07,-13.3,-19.6,-6.6,1.1429994,0.26923984,0.0
2005-12-08,-7.5,-14.0,-2.7,1.0667994,0.26923984,0.020319989
2005-12-09,-4.0,-6.1,-1.1,1.0667994,0.28955984,0.083819956
2005-12-10,-0.7,-4.7,2.7,1.2191993,0.3733798,0.0025399986
2005-12-11,3.7,0.5,6.3,1.1429994,0.3759198,0.0
2005-12-12,5.1,-3.6,9.3,1.1175994,0.3759198,0.0
2005-12-13,-7.2,-9.4,-3.5,1.1175994,0.3759198,0.0
2005-12-14,-9.1,-11.6,-6.4,1.1175994,0.3759198,0.0025399986
2005-12-15,-9.2,-12.9,-4.7,1.1429994,0.37845978,0.0
2005-12-16,-11.2,-17.7,-4.1,1.1175994,0.37845978,0.0
2005-12-17,-17.3,-19.7,-11.8,1.1175994,0.37845978,0.0
2005-12-18,-11.6,-18.6,-5.2,1.0921994,0.37845978,0.0
2005-12-19,-2.8,-9.2,0.5,1.0921994,0.37845978,0.0025399986
2005-12-20,2.8,-0.5,5.6,1.0667994,0.37845978,0.0025399986
2005-12-21,3.3,2.1,4.4,1.0667994,0.3809998,0.0025399986
2005-12-22,1.7,-0.4,3.1,1.0667994,0.3835398,0.020319989
2005-12-23,-0.6,-1.6,1.0,1.1683993,0.4038598,0.015239992
2005-12-24,2.5,-1.4,5.6,1.1937994,0.41909978,0.007619996
2005-12-25,4.0,0.8,7.7,1.1937994,0.42671975,0.0
2005-12-26,1.5,-1.3,2.9,1.1683993,0.42671975,0.007619996
2005-12-27,-1.9,-3.3,-1.0,1.1937994,0.43433976,0.022859987
2005-12-28,0.5,-1.5,2.3,1.2953993,0.45719975,0.020319989
2005-12-29,-3.6,-6.0,-0.5,1.3715993,0.47751975,0.0025399986
2005-12-30,-2.9,-6.4,0.5,1.3715993,0.48005974,0.007619996
2005-12-31,1.2,-0.4,2.9,1.3461993,0.48767975,0.0101599945
2006-01-01,-1.7,-3.3,2.3,1.3969992,0.49783972,0.017779991
2006-01-02,-1.4,-2.8,-0.1,1.5239992,0.5156197,0.0050799972
2006-01-03,-2.8,-3.9,-0.6,1.5239992,0.52069974,0.0
2006-01-04,-3.2,-6.0,-1.8,1.4985992,0.52069974,0.012699993
2006-01-05,2.1,-2.5,4.5,1.5747992,0.5333997,0.020319989
2006-01-06,4.3,2.9,6.4,1.6001991,0.5537197,0.0025399986
2006-01-07,1.0,-1.9,4.2,1.5747992,0.5562597,0.0025399986
2006-01-08,-4.4,-6.4,-1.2,1.6001991,0.5587997,0.0101599945
2006-01-09,-4.4,-7.2,-1.7,1.6255991,0.5689597,0.027939985
2006-01-10,-0.2,-2.2,1.1,1.701799,0.5968997,0.05587997
2006-01-11,-2.7,-4.9,1.3,1.904999,0.65277964,0.022859987
2006-01-12,-5.1,-5.8,-4.3,1.955799,0.6756396,0.0050799972
2006-01-13,1.1,-5.1,4.9,1.9811989,0.6807196,0.022859987
2006-01-14,2.4,-0.1,4.3,1.9811989,0.7010396,0.0050799972
2006-01-15,-5.3,-9.0,0.2,2.006599,0.7061196,0.0050799972
2006-01-16,-7.8,-9.6,-4.3,2.0319989,0.7086596,0.015239992
2006-01-17,-1.4,-4.8,-0.5,2.0319989,0.7238996,0.030479984
2006-01-18,-4.3,-5.9,-1.1,2.184399,0.7543796,0.0025399986
2006-01-19,-5.9,-6.9,-2.6,2.1589987,0.75691956,0.007619996
2006-01-20,-5.4,-6.6,-4.2,2.1589987,0.7645396,0.017779991
2006-01-21,-7.1,-8.0,-5.8,2.3621988,0.7823196,0.007619996
2006-01-22,-6.4,-8.5,-4.5,2.3367987,0.7899396,0.038099978
2006-01-23,-2.3,-5.0,0.9,2.4129987,0.8280395,0.0025399986
2006-01-24,3.1,-0.7,8.0,2.3621988,0.8305796,0.0
2006-01-25,5.6,0.4,9.1,2.2859988,0.8305796,0.0
2006-01-26,-3.8,-6.7,1.7,2.260599,0.8305796,0.0
2006-01-27,-6.0,-6.9,-4.4,2.2351987,0.82549953,0.0025399986
2006-01-28,-5.7,-7.2,-3.6,2.2859988,0.8280395,0.0101599945
2006-01-29,-5.6,-6.5,-3.4,2.3113987,0.83819956,0.015239992
2006-01-30,-1.0,-4.1,1.2,2.3875988,0.8534395,0.022859987
2006-01-31,-5.2,-5.9,-3.0,2.4637988,0.8762995,0.0101599945
2006-02-01,-3.7,-5.2,-2.8,2.4637988,0.8864595,0.030479984
2006-02-02,-3.5,-4.4,-2.2,2.6161985,0.9169395,0.007619996
2006-02-03,-2.7,-4.3,-0.2,2.6161985,0.9245595,0.0025399986
2006-02-04,-1.4,-5.5,2.3,2.5653987,0.9270995,0.007619996
2006-02-05,-5.9,-7.1,-3.3,2.6415985,0.9347195,0.007619996
2006-02-06,-3.9,-8.1,1.6,2.6415985,0.9423395,0.0025399986
2006-02-07,0.7,-3.0,4.3,2.5907986,0.9448795,0.0101599945
2006-02-08,1.5,-2.9,5.5,2.5399985,0.9550395,0.0025399986
2006-02-09,-7.4,-11.3,-2.5,2.5653987,0.9575795,0.0
2006-02-10,-10.1,-13.4,-3.4,2.5653987,0.9575795,0.0
2006-02-11,-2.6,-10.7,3.8,2.5145986,0.9575795,0.0
2006-02-12,1.4,-2.9,5.4,2.5145986,0.9575795,0.0
2006-02-13,-2.8,-6.1,0.5,2.4891987,0.9575795,0.0050799972
2006-02-14,-9.8,-13.5,-2.2,2.5399985,0.9626595,0.0025399986
2006-02-15,-14.5,-18.1,-9.9,2.5653987,0.9651995,0.0
2006-02-16,-24.2,-30.9,-16.2,2.5399985,0.9601195,0.0
2006-02-17,-24.7,-34.3,-15.6,2.5399985,0.9601195,0.0
2006-02-18,-14.4,-21.5,-8.0,2.5145986,0.9601195,0.0
2006-02-19,-10.6,-16.7,-3.7,2.4891987,0.9601195,0.0
2006-02-20,-10.7,-12.9,-8.3,2.4129987,0.9601195,0.0
2006-02-21,-8.0,-10.9,-4.5,2.3875988,0.9601195,0.0050799972
2006-02-22,-5.2,-6.2,-4.0,2.5145986,0.9651995,0.017779991
2006-02-23,-3.5,-4.8,-2.2,2.6415985,0.9829795,0.045719974
2006-02-24,-8.2,-11.0,-4.6,2.8701985,1.0286994,0.0
2006-02-25,-4.5,-11.2,0.0,2.7939985,1.0286994,0.0025399986
2006-02-26,2.6,-0.9,5.3,2.6669986,1.0312394,0.012699993
2006-02-27,3.2,0.4,5.9,2.7177985,1.0439395,0.0025399986
2006-02-28,1.8,-3.8,4.7,2.6923985,1.0464795,0.0025399986
2006-03-01,-2.4,-4.0,1.6,2.6415985,1.0490195,0.007619996
2006-03-02,-1.9,-6.3,4.7,2.7177985,1.0566394,0.0
2006-03-03,-1.1,-8.1,8.4,2.6923985,1.0566394,0.0
2006-03-04,-5.4,-9.9,-1.4,2.6923985,1.0566394,0.0
2006-03-05,-0.7,-5.9,2.6,2.6669986,1.0566394,0.0
2006-03-06,2.1,-1.6,4.8,2.6669986,1.0566394,0.0050799972
2006-03-07,-3.0,-4.7,0.1,2.6669986,1.0617194,0.0025399986
2006-03-08,-4.4,-5.7,-2.8,2.6923985,1.0642594,0.017779991
2006-03-09,-9.2,-11.5,-3.8,2.7177985,1.0820394,0.0101599945
2006-03-10,-8.3,-11.5,-2.9,2.8193984,1.0921994,0.0
2006-03-11,-10.1,-14.2,-4.4,2.7939985,1.0921994,0.0
2006-03-12,-10.2,-17.1,-1.8,2.7685986,1.0921994,0.0
2006-03-13,-6.9,-9.5,-3.5,2.7431986,1.0921994,0.0
2006-03-14,-4.7,-8.1,-1.3,2.7177985,1.0896595,0.0
2006-03-15,-4.8,-7.1,0.0,2.7177985,1.0871195,0.0
2006-03-16,-2.6,-7.7,4.4,2.7177985,1.0871195,0.0
2006-03-17,0.5,-4.2,6.5,2.6923985,1.0871195,0.0
2006-03-18,-2.1,-6.0,2.7,2.6669986,1.0871195,0.0050799972
2006-03-19,-7.7,-12.1,-1.9,2.7177985,1.0896595,0.0
2006-03-20,-6.2,-11.0,2.7,2.6923985,1.0845795,0.0
2006-03-21,-2.2,-8.6,5.6,2.6669986,1.0820394,0.0
2006-03-22,0.1,-4.7,4.7,2.6415985,1.0769594,0.0
2006-03-23,2.8,-2.0,8.2,2.6415985,1.0744194,0.0050799972
2006-03-24,4.1,0.7,10.4,2.6161985,1.0794994,0.0025399986
2006-03-25,4.1,0.0,8.4,2.6415985,1.0820394,0.0050799972
2006-03-26,-3.4,-6.1,0.3,2.6161985,1.0820394,0.0
2006-03-27,-0.2,-6.5,5.1,2.6161985,1.0820394,0.007619996
2006-03-28,4.2,-0.1,11.1,2.6161985,1.0896595,0.0025399986
2006-03-29,1.0,-1.0,4.2,2.5653987,1.0921994,0.015239992
2006-03-30,2.0,-0.9,9.4,2.7431986,1.1074394,0.0050799972
2006-03-31,2.3,-0.7,7.7,2.6923985,1.1125194,0.0
2006-04-01,1.6,-2.6,9.5,2.6669986,1.1125194,0.0101599945
2006-04-02,-0.4,-3.8,4.8,2.7431986,1.1226794,0.007619996
2006-04-03,3.5,-2.0,9.0,2.7177985,1.1302994,0.0050799972
2006-04-04,4.4,1.4,6.9,2.6669986,1.1353794,0.0025399986
2006-04-05,2.5,1.6,6.7,2.6415985,1.1353794,0.020319989
2006-04-06,2.2,-0.1,6.5,2.6415985,1.1556994,0.0101599945
2006-04-07,3.1,-1.0,9.3,2.6415985,1.1658593,0.015239992
2006-04-08,3.8,0.1,7.5,2.6161985,1.1810994,0.007619996
2006-04-09,1.0,-1.1,4.9,2.5907986,1.1887194,0.017779991
2006-04-10,1.1,-1.6,5.8,2.5653987,1.2064993,0.0025399986
2006-04-11,1.7,-0.9,5.4,2.5653987,1.2090393,0.0025399986
2006-04-12,4.2,0.6,9.4,2.5399985,1.2115793,0.0
2006-04-13,2.1,0.8,4.2,2.5145986,1.2115793,0.017779991
2006-04-14,5.1,2.2,8.5,2.5145986,1.2293594,0.0025399986
2006-04-15,3.1,0.0,7.3,2.4891987,1.2293594,0.0101599945
2006-04-16,-0.5,-2.8,4.4,2.4891987,1.2217393,0.007619996
2006-04-17,-1.9,-4.7,4.6,2.5399985,1.2268194,0.007619996
2006-04-18,-1.5,-5.0,4.6,2.5399985,1.2115793,0.0
2006-04-19,1.3,-4.9,7.2,2.5653987,1.2064993,0.0
2006-04-20,8.2,1.1,14.9,2.5145986,1.2014194,0.0
2006-04-21,10.4,5.5,14.8,2.4637988,1.1887194,0.0
2006-04-22,4.3,-2.1,13.4,2.4129987,1.1836394,0.0
2006-04-23,-3.0,-4.5,0.0,2.3875988,1.1810994,0.0
2006-04-24,-1.5,-4.4,3.8,2.3875988,1.1633193,0.0
2006-04-25,1.6,-4.2,8.4,2.3621988,1.1506194,0.0025399986
2006-04-26,4.2,0.1,8.2,2.3875988,1.1455394,0.007619996
2006-04-27,4.6,0.3,10.5,2.3113987,1.1531594,0.0
2006-04-28,8.2,2.4,14.7,2.260599,1.1506194,0.0
2006-04-29,11.1,5.7,18.6,2.2097988,1.1480794,0.0
2006-04-30,2.3,-0.7,8.1,2.1335988,1.1226794,0.0
2006-05-01,1.6,-3.3,7.2,2.108199,1.0896595,0.0
2006-05-02,-0.7,-4.3,5.0,2.0573988,1.0439395,0.0
2006-05-03,-1.1,-3.5,4.4,2.0573988,1.0185394,0.0
2006-05-04,2.2,-4.3,10.6,2.0573988,1.0159994,0.0
2006-05-05,8.2,1.6,12.9,2.006599,1.0058395,0.0
2006-05-06,7.2,3.2,11.1,1.955799,0.99567944,0.0
2006-05-07,1.9,0.3,4.7,1.904999,0.98551947,0.0050799972
2006-05-08,-0.4,-3.6,3.8,1.904999,0.9524995,0.0050799972
2006-05-09,0.4,-4.3,6.6,1.955799,0.9550395,0.0025399986
2006-05-10,4.7,-2.2,10.7,1.904999,0.9550395,0.0
2006-05-11,8.3,5.1,12.6,1.854199,0.9550395,0.0
2006-05-12,6.0,3.7,9.7,1.803399,0.9372595,0.0
2006-05-13,8.3,1.9,15.7,1.752599,0.9194795,0.0
2006-05-14,13.6,6.6,22.0,1.701799,0.90423954,0.0
2006-05-15,16.5,10.2,22.5,1.6255991,0.87883955,0.0
2006-05-16,17.9,13.5,23.5,1.5493991,0.84073955,0.0
2006-05-17,17.7,13.6,21.8,1.4731992,0.7924796,0.0
2006-05-18,17.7,13.9,22.1,1.3715993,0.7721596,0.0
2006-05-19,14.1,10.1,19.4,1.2699993,0.68579966,0.0
2006-05-20,11.3,8.2,16.0,1.1429994,0.5740397,0.0025399986
2006-05-21,13.0,7.6,18.2,1.0667994,0.49275973,0.0
2006-05-22,13.9,9.4,17.6,0.9651995,0.43941978,0.0
2006-05-23,9.1,6.8,12.9,0.9143995,0.42163977,0.0
2006-05-24,11.1,6.5,16.2,0.7873996,0.37845978,0.0
2006-05-25,9.0,3.9,13.7,0.71119964,0.3479798,0.0025399986
2006-05-26,4.5,2.4,8.6,0.60959965,0.30987984,0.012699993
2006-05-27,1.7,0.2,3.4,0.5587997,0.28447986,0.007619996
2006-05-28,2.2,-0.4,5.2,0.60959965,0.28955984,0.012699993
2006-05-29,2.5,0.9,4.1,0.60959965,0.30225983,0.0101599945
2006-05-30,6.4,2.0,10.9,0.63499963,0.31241983,0.0
2006-05-31,10.8,5.1,15.5,0.5587997,0.29971984,0.0
2006-06-01,14.9,9.9,19.4,0.45719975,0.26161987,0.0
2006-06-02,15.0,7.8,21.3,0.3809998,0.2082799,0.0
2006-06-03,8.8,7.0,12.0,0.25399986,0.14223993,0.0
2006-06-04,8.9,5.1,16.3,0.15239991,0.071119964,0.0101599945
2006-06-05,9.6,4.7,15.3,0.076199956,0.035559982,0.0
2006-06-06,14.4,9.0,22.2,0.0,0.0,0.0
2006-06-07,13.3,10.4,19.1,0.0,0.0,0.0025399986
2006-06-08,10.8,8.5,13.8,0.0,0.0,0.007619996
2006-06-09,9.1,6.3,13.4,0.0,0.0,0.017779991
2006-06-10,5.2,3.3,7.1,0.0,0.0,0.0101599945
2006-06-11,8.4,4.4,14.2,0.0,0.0,0.0
2006-06-12,9.7,6.6,12.0,0.0,0.0,0.0
2006-06-13,14.8,10.3,20.9,0.0,0.0,0.0
2006-06-14,8.7,4.3,13.6,0.0,0.0,0.0025399986
2006-06-15,4.2,3.6,5.1,0.0,0.0,0.007619996
2006-06-16,7.5,4.5,11.9,0.0,0.0,0.012699993
2006-06-17,6.9,3.5,10.3,0.0,0.0,0.0050799972
2006-06-18,10.1,4.0,15.8,0.0,0.0,0.0
2006-06-19,9.8,6.7,12.6,0.0,0.0,0.0
2006-06-20,8.1,4.3,12.6,0.0,0.0,0.0
2006-06-21,10.1,4.7,14.6,0.0,0.0,0.0
2006-06-22,12.4,8.2,17.0,0.0,0.0,0.0
2006-06-23,12.1,8.0,17.4,0.0,0.0,0.0
2006-06-24,13.0,7.6,19.7,0.0,0.0,0.0
2006-06-25,15.9,10.1,21.7,0.0,0.0,0.0
2006-06-26,15.9,11.5,21.3,0.0,0.0,0.0
2006-06-27,18.6,12.0,24.3,0.0,0.0,0.0
2006-06-28,19.7,16.1,23.5,0.0,0.0,0.0
2006-06-29,16.2,10.7,23.0,0.0,0.0,0.0
2006-06-30,14.4,10.1,19.7,0.0,0.0,0.0
2006-07-01,16.3,12.3,21.2,0.0,0.0,0.0
2006-07-02,17.6,12.9,23.0,0.0,0.0,0.0
2006-07-03,14.8,12.0,19.4,0.0,0.0,0.0
2006-07-04,18.6,11.9,25.0,0.0,0.0,0.0
2006-07-05,16.4,11.6,22.5,0.0,0.0,0.0
2006-07-06,15.3,10.4,22.3,0.0,0.0,0.0
2006-07-07,13.9,9.4,18.1,0.0,0.0,0.0
2006-07-08,17.6,11.0,23.0,0.0,0.0,0.0
2006-07-09,19.2,14.3,24.6,0.0,0.0,0.0
2006-07-10,17.0,12.5,20.7,0.0,0.0,0.0025399986
2006-07-11,17.6,11.1,23.9,0.0,0.0,0.0
2006-07-12,15.2,10.1,21.9,0.0,0.0,0.0
2006-07-13,13.1,8.8,18.1,0.0,0.0,0.0
2006-07-14,18.2,13.1,23.3,0.0,0.0,0.0
2006-07-15,19.0,14.9,23.9,0.0,0.0,0.0
2006-07-16,18.2,13.5,23.5,0.0,0.0,0.0
2006-07-17,19.6,15.4,24.6,0.0,0.0,0.0
2006-07-18,16.3,12.9,20.6,0.0,0.0,0.0
2006-07-19,17.1,11.4,23.3,0.0,0.0,0.0
2006-07-20,18.3,12.8,23.9,0.0,0.0,0.0
2006-07-21,18.5,12.7,24.9,0.0,0.0,0.0
2006-07-22,22.9,16.0,28.9,0.0,0.0,0.0
2006-07-23,23.0,18.7,27.9,0.0,0.0,0.0
2006-07-24,19.7,14.8,26.6,0.0,0.0,0.0
2006-07-25,20.5,14.8,25.8,0.0,0.0,0.0
2006-07-26,19.3,14.1,24.5,0.0,0.0,0.0
2006-07-27,20.1,15.8,25.1,0.0,0.0,0.0
2006-07-28,21.7,16.8,26.8,0.0,0.0,0.0
2006-07-29,21.7,16.8,26.7,0.0,0.0,0.0
2006-07-30,14.7,7.7,18.3,0.0,0.0,0.0
2006-07-31,11.3,5.1,17.0,0.0,0.0,0.0
2006-08-01,13.1,10.4,17.2,0.0,0.0,0.0
2006-08-02,12.9,7.8,18.2,0.0,0.0,0.0
2006-08-03,15.4,10.1,20.8,0.0,0.0,0.0
2006-08-04,16.8,10.7,22.2,0.0,0.0,0.0
2006-08-05,13.4,5.0,20.5,0.0,0.0,0.0
2006-08-06,18.7,12.8,23.8,0.0,0.0,0.0
2006-08-07,21.0,16.0,27.1,0.0,0.0,0.0
2006-08-08,19.5,15.3,28.0,0.0,0.0,0.0
2006-08-09,15.5,11.7,20.2,0.0,0.0,0.0
2006-08-10,16.8,11.2,23.7,0.0,0.0,0.0
2006-08-11,12.1,8.3,16.5,0.0,0.0,0.0
2006-08-12,10.7,5.9,17.0,0.0,0.0,0.0025399986
2006-08-13,12.1,5.6,17.4,0.0,0.0,0.0
2006-08-14,16.5,11.2,21.1,0.0,0.0,0.0
2006-08-15,15.7,11.9,20.3,0.0,0.0,0.0
2006-08-16,11.8,7.8,17.5,0.0,0.0,0.0050799972
2006-08-17,8.1,6.4,10.4,0.0,0.0,0.007619996
2006-08-18,13.2,7.2,18.4,0.0,0.0,0.0
2006-08-19,16.2,11.7,21.0,0.0,0.0,0.0
2006-08-20,16.1,11.4,21.9,0.0,0.0,0.0
2006-08-21,18.9,13.7,24.2,0.0,0.0,0.0
2006-08-22,19.5,15.4,24.4,0.0,0.0,0.0
2006-08-23,16.7,10.8,21.8,0.0,0.0,0.0
2006-08-24,12.9,7.6,17.8,0.0,0.0,0.0
2006-08-25,7.3,6.1,9.5,0.0,0.0,0.015239992
2006-08-26,12.9,7.2,17.8,0.0,0.0,0.0
2006-08-27,15.9,10.6,21.9,0.0,0.0,0.0
2006-08-28,18.6,13.3,23.5,0.0,0.0,0.0
2006-08-29,18.1,12.6,23.8,0.0,0.0,0.0
2006-08-30,7.1,2.5,14.6,0.0,0.0,0.0
2006-08-31,4.6,1.8,10.3,0.0,0.0,0.0025399986
2006-09-01,9.1,1.8,15.7,0.0,0.0,0.0
2006-09-02,15.7,8.6,22.4,0.0,0.0,0.0
2006-09-03,18.8,14.0,25.0,0.0,0.0,0.0
2006-09-04,19.5,14.3,25.2,0.0,0.0,0.0
2006-09-05,20.0,16.1,25.1,0.0,0.0,0.0
2006-09-06,18.0,15.1,23.8,0.0,0.0,0.0
2006-09-07,17.0,13.6,21.8,0.0,0.0,0.0
2006-09-08,15.3,11.2,20.8,0.0,0.0,0.0
2006-09-09,14.1,10.8,19.1,0.0,0.0,0.0
2006-09-10,11.8,9.1,16.3,0.0,0.0,0.0
2006-09-11,15.2,8.5,20.7,0.0,0.0,0.0
2006-09-12,15.0,9.0,21.0,0.0,0.0,0.0
2006-09-13,12.4,4.9,16.3,0.0,0.0,0.0050799972
2006-09-14,4.3,2.6,7.4,0.0,0.0,0.0050799972
2006-09-15,2.1,0.8,4.2,0.0,0.0,0.007619996
2006-09-16,1.1,-1.6,3.9,0.0,0.0,0.007619996
2006-09-17,3.5,1.3,7.4,0.0,0.0,0.0
2006-09-18,7.8,1.0,13.6,0.0,0.0,0.0
2006-09-19,9.0,5.2,13.7,0.0,0.0,0.0
2006-09-20,4.2,2.0,6.3,0.0,0.0,0.007619996
2006-09-21,2.4,0.9,6.1,0.025399987,0.0025399986,0.0050799972
2006-09-22,1.7,0.1,5.5,0.0,0.0,0.0025399986
2006-09-23,4.3,0.5,8.4,0.025399987,0.0025399986,0.0
2006-09-24,8.4,3.4,12.9,0.0,0.0,0.0
2006-09-25,11.6,6.3,16.8,0.0,0.0,0.0
2006-09-26,10.6,5.9,15.1,0.0,0.0,0.0
2006-09-27,8.6,2.9,13.7,0.0,0.0,0.0
2006-09-28,12.2,9.4,16.0,0.0,0.0,0.0
2006-09-29,12.9,9.6,16.7,0.0,0.0,0.0
2006-09-30,13.4,9.8,17.6,0.0,0.0,0.0
2006-10-01,10.7,7.4,14.5,0.0,0.0,0.0025399986
2006-10-02,7.7,3.4,14.1,0.0,0.0,0.0
2006-10-03,7.0,3.1,12.3,0.0,0.0,0.0
2006-10-04,7.5,4.1,12.3,0.0,0.0,0.0
2006-10-05,10.6,4.9,17.2,0.0,0.0,0.0025399986
2006-10-06,9.2,7.1,12.3,0.0,0.0,0.0
2006-10-07,2.4,-1.1,7.6,0.0,0.0,0.0025399986
2006-10-08,0.9,-1.4,6.9,0.0,0.0,0.007619996
2006-10-09,-1.7,-3.7,1.5,0.025399987,0.007619996,0.0
2006-10-10,1.3,-4.5,5.1,0.025399987,0.007619996,0.0
2006-10-11,5.1,0.5,10.5,0.025399987,0.007619996,0.0
2006-10-12,7.8,4.5,13.1,0.0,0.0,0.0
2006-10-13,7.9,3.9,13.4,0.0,0.0,0.0
2006-10-14,9.1,4.5,13.7,0.0,0.0,0.0
2006-10-15,4.8,2.0,9.0,0.0,0.0,0.0050799972
2006-10-16,-1.1,-4.7,2.5,0.025399987,0.0025399986,0.007619996
2006-10-17,-3.0,-5.8,1.4,0.10159995,0.0101599945,0.0025399986
2006-10-18,-0.5,-2.5,1.3,0.076199956,0.012699993,0.0025399986
2006-10-19,2.0,0.6,3.7,0.050799973,0.012699993,0.0101599945
2006-10-20,0.1,-2.7,6.6,0.10159995,0.017779991,0.0101599945
2006-10-21,-1.5,-4.7,4.8,0.12699993,0.025399987,0.007619996
2006-10-22,2.1,-5.1,7.2,0.2031999,0.033019982,0.0
2006-10-23,4.4,2.2,7.0,0.17779991,0.030479984,0.0
2006-10-24,3.6,-1.0,6.8,0.12699993,0.027939985,0.0
2006-10-25,-0.9,-2.7,4.3,0.12699993,0.027939985,0.0
2006-10-26,0.2,-2.7,3.7,0.12699993,0.027939985,0.0
2006-10-27,2.8,0.1,7.1,0.12699993,0.027939985,0.0
2006-10-28,5.9,3.1,9.5,0.10159995,0.027939985,0.0025399986
2006-10-29,0.3,-14.4,7.7,0.10159995,0.030479984,0.020319989
2006-10-30,-12.4,-16.9,-7.1,0.27939984,0.040639978,0.0025399986
2006-10-31,-9.8,-12.2,-6.4,0.25399986,0.040639978,0.0
2006-11-01,-5.3,-10.9,1.0,0.22859988,0.040639978,0.0025399986
2006-11-02,1.0,-5.2,4.1,0.22859988,0.043179978,0.0025399986
2006-11-03,2.5,1.3,3.6,0.2031999,0.045719974,0.0101599945
2006-11-04,2.7,2.0,3.7,0.17779991,0.05587997,0.0101599945
2006-11-05,2.1,1.0,3.3,0.2031999,0.06095997,0.015239992
2006-11-06,6.3,2.5,8.1,0.27939984,0.073659964,0.063499965
2006-11-07,7.2,3.2,8.3,0.10159995,0.045719974,0.11429994
2006-11-08,-0.8,-3.6,3.6,0.025399987,0.0101599945,0.0050799972
2006-11-09,-2.4,-5.9,2.0,0.025399987,0.0101599945,0.0
2006-11-10,-1.8,-4.4,0.7,0.025399987,0.007619996,0.0025399986
2006-11-11,-2.6,-5.6,-0.5,0.025399987,0.007619996,0.0101599945
2006-11-12,-3.7,-5.6,-1.5,0.076199956,0.017779991,0.007619996
2006-11-13,-2.9,-4.0,-1.2,0.17779991,0.025399987,0.043179978
2006-11-14,-4.6,-6.2,-2.8,0.5079997,0.068579964,0.0101599945
2006-11-15,-0.5,-5.9,4.3,0.5333997,0.076199956,0.027939985
2006-11-16,-1.1,-5.0,1.6,0.5333997,0.10413995,0.05587997
2006-11-17,-2.1,-4.5,0.2,0.68579966,0.16001992,0.0025399986
2006-11-18,-0.2,-2.1,1.9,0.60959965,0.15239991,0.0
2006-11-19,4.1,-0.5,6.3,0.5587997,0.15239991,0.0
2006-11-20,2.6,0.3,4.8,0.5333997,0.15239991,0.015239992
2006-11-21,2.5,-3.5,7.5,0.5587997,0.16763991,0.007619996
2006-11-22,-0.6,-3.9,2.5,0.58419967,0.1752599,0.0050799972
2006-11-23,-4.1,-6.5,2.1,0.5333997,0.1752599,0.015239992
2006-11-24,-5.3,-6.2,-4.6,0.6603996,0.1904999,0.025399987
2006-11-25,-7.1,-9.7,-5.2,0.8889995,0.21589988,0.017779991
2006-11-26,-7.9,-11.7,-2.7,1.1175994,0.23113987,0.0050799972
2006-11-27,-10.9,-20.3,-2.7,0.99059945,0.23367988,0.0
2006-11-28,-15.3,-21.5,-7.6,0.9143995,0.23367988,0.0025399986
2006-11-29,-15.0,-19.8,-9.3,0.9143995,0.23367988,0.05841997
2006-11-30,-8.0,-10.7,-6.0,1.0413995,0.29209983,0.027939985
2006-12-01,-9.8,-12.8,-5.2,1.2191993,0.32003984,0.0025399986
2006-12-02,-11.0,-13.5,-7.4,1.2445993,0.32257983,0.0025399986
2006-12-03,-4.9,-9.8,-1.4,1.2191993,0.32257983,0.05841997
2006-12-04,-1.6,-3.0,1.0,1.2953993,0.3809998,0.017779991
2006-12-05,-3.4,-5.3,-2.3,1.2953993,0.39877978,0.0050799972
2006-12-06,-1.1,-5.1,4.0,1.3461993,0.4038598,0.0
2006-12-07,4.6,1.6,8.7,1.2953993,0.4038598,0.0
2006-12-08,5.4,2.7,7.8,1.2699993,0.4038598,0.0
2006-12-09,3.8,0.5,6.6,1.2191993,0.4038598,0.0
2006-12-10,1.4,-1.5,4.3,1.2191993,0.4038598,0.0
2006-12-11,-1.2,-2.2,0.2,1.1937994,0.4038598,0.0025399986
2006-12-12,-1.7,-3.5,0.3,1.1937994,0.4063998,0.022859987
2006-12-13,-1.4,-3.3,1.1,1.2445993,0.42925978,0.038099978
2006-12-14,-1.4,-4.1,3.3,1.3715993,0.46735975,0.022859987
2006-12-15,-4.9,-9.2,3.4,1.4985992,0.49021974,0.025399987
2006-12-16,-10.0,-12.0,-7.4,1.6255991,0.5156197,0.007619996
2006-12-17,-7.4,-11.2,-1.5,1.6001991,0.52069974,0.0025399986
2006-12-18,-6.2,-9.9,-3.5,1.5747992,0.52323973,0.0
2006-12-19,-2.4,-6.3,2.5,1.4477992,0.5079997,0.0
2006-12-20,-1.1,-7.1,4.1,1.3461993,0.49021974,0.0
2006-12-21,-1.1,-5.8,2.4,1.3461993,0.49021974,0.0
2006-12-22,-6.0,-8.1,-2.7,1.3461993,0.49021974,0.0
2006-12-23,-4.8,-8.1,-2.7,1.3207992,0.48767975,0.007619996
2006-12-24,-4.2,-7.2,-0.4,1.3715993,0.49529973,0.0025399986
2006-12-25,0.0,-2.3,1.4,1.3461993,0.49783972,0.022859987
2006-12-26,0.3,-0.5,1.1,1.4731992,0.52069974,0.007619996
2006-12-27,0.0,-5.3,4.2,1.4477992,0.5283197,0.0050799972
2006-12-28,-8.3,-12.7,-5.3,1.5239992,0.5333997,0.0025399986
2006-12-29,-5.2,-12.8,3.5,1.4985992,0.5359397,0.0025399986
2006-12-30,-4.3,-8.9,0.4,1.4985992,0.5384797,0.0
2006-12-31,-3.6,-8.8,1.6,1.4477992,0.5384797,0.0
2007-01-01,-4.0,-7.2,-1.0,1.3715993,0.5384797,0.030479984
2007-01-02,0.8,-1.8,2.2,1.4985992,0.5689597,0.030479984
2007-01-03,-1.0,-4.0,0.8,1.6001991,0.5994397,0.050799973
2007-01-04,-6.2,-7.9,-4.0,1.930399,0.65023965,0.017779991
2007-01-05,-9.3,-10.9,-7.4,2.0573988,0.66293967,0.020319989
2007-01-06,-7.8,-9.7,-6.3,2.1589987,0.6832596,0.012699993
2007-01-07,-5.8,-9.9,-2.2,2.2859988,0.6959596,0.050799973
2007-01-08,-3.7,-5.2,-2.2,2.4383986,0.7467596,0.020319989
2007-01-09,0.3,-3.0,1.9,2.4129987,0.7670796,0.0101599945
2007-01-10,-10.1,-24.3,1.5,2.3367987,0.77723956,0.0
2007-01-11,-23.8,-27.2,-19.1,2.3367987,0.77723956,0.0
2007-01-12,-17.8,-25.6,-8.6,2.3113987,0.77469957,0.0
2007-01-13,-13.9,-18.3,-6.9,2.260599,0.77469957,0.0
2007-01-14,-14.3,-18.6,-6.5,2.2351987,0.7721596,0.0025399986
2007-01-15,-9.5,-17.2,-2.8,2.2351987,0.7721596,0.0025399986
2007-01-16,-2.3,-5.0,0.8,2.184399,0.7721596,0.0
2007-01-17,-9.5,-12.0,-4.5,2.1589987,0.7721596,0.0
2007-01-18,-9.6,-12.5,-5.3,2.1589987,0.7721596,0.038099978
2007-01-19,-3.3,-5.5,-2.1,2.2097988,0.8102596,0.007619996
2007-01-20,-5.0,-7.6,-2.7,2.2097988,0.81787956,0.0025399986
2007-01-21,-7.5,-8.9,-5.8,2.2351987,0.82041955,0.0
2007-01-22,-2.8,-6.3,-0.1,2.1335988,0.8127996,0.0025399986
2007-01-23,0.0,-1.8,2.2,2.108199,0.8127996,0.0025399986
2007-01-24,2.8,0.3,6.2,2.108199,0.8102596,0.0
2007-01-25,4.7,-0.9,8.0,2.082799,0.8102596,0.0
2007-01-26,-3.3,-12.4,4.3,2.0573988,0.8077196,0.0
2007-01-27,-5.8,-13.4,0.9,2.0573988,0.80517954,0.0
2007-01-28,-3.3,-8.2,1.4,2.0573988,0.80517954,0.0
2007-01-29,-7.3,-10.5,-2.0,2.0573988,0.80517954,0.0025399986
2007-01-30,-6.5,-10.3,-0.9,2.0319989,0.8077196,0.0025399986
2007-01-31,-9.3,-12.5,-6.1,2.0573988,0.8102596,0.0025399986
2007-02-01,-15.0,-20.8,-10.1,2.108199,0.8127996,0.0
2007-02-02,-11.3,-14.6,-8.7,2.108199,0.8127996,0.0
2007-02-03,-4.2,-8.9,0.4,2.0573988,0.8127996,0.0
2007-02-04,-0.5,-4.2,3.3,2.0573988,0.8127996,0.0
2007-02-05,4.5,2.5,6.3,2.0573988,0.8127996,0.015239992
2007-02-06,4.4,1.4,9.5,2.006599,0.8127996,0.0
2007-02-07,2.8,0.0,6.2,2.006599,0.8127996,0.0
2007-02-08,-0.8,-4.6,2.5,1.9811989,0.8102596,0.0025399986
2007-02-09,-0.9,-2.9,1.8,1.9811989,0.8102596,0.0050799972
2007-02-10,-1.1,-2.8,1.8,2.0319989,0.81533957,0.0050799972
2007-02-11,-2.2,-12.9,3.4,2.1335988,0.82041955,0.0
2007-02-12,-12.3,-15.8,-5.9,2.108199,0.82041955,0.0
2007-02-13,-4.4,-8.5,-0.2,2.108199,0.82041955,0.0
2007-02-14,-5.2,-9.0,0.7,2.082799,0.82041955,0.0050799972
2007-02-15,-1.5,-4.2,0.8,2.082799,0.82549953,0.045719974
2007-02-16,-2.8,-4.8,0.8,2.184399,0.8712195,0.007619996
2007-02-17,-0.5,-4.3,2.3,2.2351987,0.87883955,0.012699993
2007-02-18,-1.9,-6.2,2.3,2.2097988,0.8915395,0.0050799972
2007-02-19,-5.6,-7.2,-3.3,2.260599,0.8966195,0.020319989
2007-02-20,-3.5,-7.6,-1.1,2.3621988,0.9169395,0.035559982
2007-02-21,-6.5,-8.6,-4.0,2.5653987,0.9524995,0.0050799972
2007-02-22,-0.9,-5.5,2.9,2.5399985,0.9575795,0.020319989
2007-02-23,-4.5,-9.0,-0.8,2.6923985,0.9778995,0.0
2007-02-24,-7.2,-9.8,-5.0,2.6669986,0.9778995,0.0025399986
2007-02-25,-3.3,-6.5,2.5,2.6415985,0.9804395,0.0050799972
2007-02-26,-5.1,-8.2,-2.1,2.6161985,0.98551947,0.0025399986
2007-02-27,-7.0,-9.7,-2.9,2.6669986,0.98805946,0.0
2007-02-28,-7.1,-9.5,-3.3,2.6415985,0.98805946,0.0025399986
2007-03-01,-9.7,-12.1,-6.2,2.6415985,0.99059945,0.0
2007-03-02,-8.4,-14.4,-1.6,2.6161985,0.99059945,0.0025399986
2007-03-03,-3.0,-7.8,-0.4,2.6161985,0.99313945,0.015239992
2007-03-04,1.7,-1.8,6.7,2.5653987,1.0083795,0.007619996
2007-03-05,2.3,0.6,6.8,2.5145986,1.0159994,0.0
2007-03-06,3.7,0.6,8.3,2.4891987,1.0159994,0.0
2007-03-07,4.7,2.1,8.0,2.4891987,1.0159994,0.0
2007-03-08,-1.8,-4.0,2.9,2.4637988,1.0159994,0.0025399986
2007-03-09,-1.0,-3.5,2.3,2.4383986,1.0159994,0.0050799972
2007-03-10,0.9,-2.3,2.9,2.5145986,1.0210794,0.0
2007-03-11,4.4,1.6,7.7,2.4891987,1.0210794,0.0025399986
2007-03-12,4.8,1.5,8.2,2.4129987,1.0109195,0.043179978
2007-03-13,0.9,-1.9,3.7,2.3875988,1.0540994,0.025399987
2007-03-14,-3.6,-6.5,-0.4,2.4383986,1.0794994,0.0
2007-03-15,-2.6,-7.5,1.4,2.4129987,1.0794994,0.0025399986
2007-03-16,2.2,-2.2,4.4,2.4129987,1.0744194,0.0050799972
2007-03-17,6.7,3.5,10.4,2.3621988,1.0744194,0.0
2007-03-18,3.7,1.1,6.3,2.3367987,1.0744194,0.0
2007-03-19,5.2,0.7,8.7,2.3113987,1.0718794,0.0
2007-03-20,0.6,-4.7,5.9,2.2859988,1.0642594,0.0025399986
2007-03-21,-3.9,-6.5,-0.5,2.2859988,1.0642594,0.0025399986
2007-03-22,-0.9,-4.5,1.5,2.3621988,1.0667994,0.0025399986
2007-03-23,3.0,-0.5,9.5,2.3621988,1.0693394,0.007619996
2007-03-24,6.5,3.0,10.9,2.3113987,1.0718794,0.0
2007-03-25,3.4,-3.2,9.2,2.260599,1.0693394,0.0025399986
2007-03-26,0.2,-5.5,6.4,2.2351987,1.0617194,0.007619996
2007-03-27,0.2,-2.3,4.3,2.2351987,1.0693394,0.017779991
2007-03-28,-3.0,-7.3,1.4,2.4129987,1.0769594,0.0025399986
2007-03-29,0.3,-9.6,10.5,2.3621988,1.0667994,0.0050799972
2007-03-30,4.5,-4.4,14.3,2.3113987,1.0693394,0.0
2007-03-31,2.1,-0.5,6.6,2.260599,1.0667994,0.0
2007-04-01,-0.4,-3.8,3.8,2.260599,1.0667994,0.0
2007-04-02,-4.0,-7.5,0.3,2.2097988,1.0667994,0.0
2007-04-03,-5.3,-9.4,2.4,2.2097988,1.0591794,0.0025399986
2007-04-04,-1.4,-8.5,4.2,2.184399,1.0566394,0.0
2007-04-05,-2.6,-5.6,5.6,2.184399,1.0490195,0.0050799972
2007-04-06,-3.8,-6.4,1.1,2.184399,1.0540994,0.0025399986
2007-04-07,-0.4,-6.9,9.2,2.184399,1.0566394,0.0101599945
2007-04-08,7.4,-0.7,15.2,2.2351987,1.0667994,0.007619996
2007-04-09,1.2,-3.8,6.1,2.184399,1.0744194,0.030479984
2007-04-10,-4.3,-5.6,-3.2,2.3621988,1.1048994,0.0
2007-04-11,-2.1,-5.0,3.4,2.3621988,1.1048994,0.007619996
2007-04-12,-0.9,-5.9,7.2,2.3621988,1.1023594,0.0025399986
2007-04-13,1.8,-3.3,6.2,2.3367987,1.0998194,0.0
2007-04-14,6.9,2.7,12.1,2.2859988,1.0998194,0.0
2007-04-15,2.1,-1.4,7.8,2.2351987,1.0820394,0.033019982
2007-04-16,4.3,-2.0,9.3,2.260599,1.1150594,0.0
2007-04-17,3.5,-0.5,8.0,2.2351987,1.1048994,0.007619996
2007-04-18,-0.3,-2.2,4.6,2.3113987,1.1125194,0.012699993
2007-04-19,-1.7,-4.1,0.7,2.4129987,1.1201394,0.0025399986
2007-04-20,-1.6,-5.3,3.4,2.4383986,1.1226794,0.0025399986
2007-04-21,2.3,-3.2,7.8,2.3621988,1.1226794,0.0
2007-04-22,5.1,0.6,11.4,2.3113987,1.1226794,0.0
2007-04-23,6.1,2.3,13.3,2.260599,1.1175994,0.0
2007-04-24,6.3,3.8,9.9,2.2351987,1.1023594,0.045719974
2007-04-25,4.2,0.8,9.8,2.184399,1.1480794,0.0025399986
2007-04-26,2.5,-0.2,6.3,2.1589987,1.1379194,0.0025399986
2007-04-27,5.9,1.4,10.9,2.1335988,1.1074394,0.0
2007-04-28,9.8,7.0,13.1,2.082799,1.0947394,0.0
2007-04-29,9.5,5.4,15.2,1.9811989,1.0667994,0.0
2007-04-30,7.4,1.6,12.3,1.904999,1.0007595,0.0
2007-05-01,11.8,5.3,16.9,1.854199,0.9423395,0.0
2007-05-02,9.3,3.3,15.4,1.752599,0.9093195,0.007619996
2007-05-03,-0.5,-3.6,4.1,1.752599,0.8991595,0.017779991
2007-05-04,-2.2,-4.2,1.8,1.752599,0.8889995,0.0025399986
2007-05-05,2.0,-3.4,8.4,1.7271991,0.8508995,0.0025399986
2007-05-06,4.7,-1.0,9.6,1.701799,0.8483595,0.0
2007-05-07,7.8,3.9,11.6,1.6255991,0.84073955,0.0
2007-05-08,12.3,7.0,17.7,1.5493991,0.81533957,0.0025399986
2007-05-09,10.7,6.0,14.8,1.4731992,0.77723956,0.0
2007-05-10,9.1,4.4,15.9,1.3969992,0.7264396,0.0050799972
2007-05-11,11.6,4.9,16.7,1.3207992,0.67309964,0.0025399986
2007-05-12,14.3,10.1,20.5,1.2699993,0.6222997,0.0
2007-05-13,7.0,1.5,12.0,1.1683993,0.5740397,0.0
2007-05-14,4.4,0.8,10.6,1.1429994,0.5410197,0.0
2007-05-15,9.5,2.6,16.5,1.0667994,0.5283197,0.0
2007-05-16,13.8,7.5,20.0,1.0159994,0.5105397,0.0
2007-05-17,14.5,10.3,20.1,0.9397995,0.47243974,0.0
2007-05-18,12.8,8.4,18.3,0.86359954,0.43433976,0.0
2007-05-19,10.5,5.4,15.3,0.7365996,0.37845978,0.0
2007-05-20,5.3,2.1,9.6,0.6603996,0.33527982,0.0050799972
2007-05-21,2.3,-0.4,7.7,0.63499963,0.31241983,0.0101599945
2007-05-22,1.3,-0.7,5.1,0.63499963,0.30987984,0.017779991
2007-05-23,3.9,0.1,11.0,0.7873996,0.32511982,0.0025399986
2007-05-24,3.5,-0.5,10.0,0.71119964,0.32765982,0.015239992
2007-05-25,4.1,-0.6,10.5,0.68579966,0.33527982,0.0
2007-05-26,8.8,2.6,13.8,0.63499963,0.32765982,0.0
2007-05-27,8.4,3.5,14.3,0.5587997,0.29971984,0.007619996
2007-05-28,3.3,0.6,7.8,0.48259974,0.25907987,0.0050799972
2007-05-29,5.2,0.7,11.4,0.4063998,0.22859988,0.0
2007-05-30,8.9,3.7,13.6,0.3809998,0.20573989,0.0
2007-05-31,12.1,7.3,17.6,0.30479982,0.16001992,0.0
2007-06-01,14.3,10.2,19.6,0.22859988,0.10159995,0.0
2007-06-02,15.5,12.0,21.5,0.15239991,0.050799973,0.0
2007-06-03,15.1,11.6,20.2,0.0,0.0,0.0
2007-06-04,14.7,10.5,20.4,0.0,0.0,0.0025399986
2007-06-05,10.9,4.1,17.3,0.0,0.0,0.0101599945
2007-06-06,3.4,1.4,5.7,0.0,0.0,0.020319989
2007-06-07,4.3,1.5,8.4,0.0,0.0,0.0
2007-06-08,7.4,4.5,11.0,0.0,0.0,0.0
2007-06-09,10.9,7.2,15.7,0.0,0.0,0.0
2007-06-10,7.8,5.1,10.2,0.0,0.0,0.0050799972
2007-06-11,7.2,4.0,11.0,0.0,0.0,0.0
2007-06-12,8.4,4.3,12.4,0.0,0.0,0.0025399986
2007-06-13,9.1,6.3,13.2,0.0,0.0,0.0025399986
2007-06-14,8.2,4.9,11.6,0.0,0.0,0.0
2007-06-15,9.6,4.0,15.6,0.0,0.0,0.0
2007-06-16,12.4,6.7,19.2,0.0,0.0,0.0050799972
2007-06-17,3.2,1.0,6.9,0.0,0.0,0.012699993
2007-06-18,6.2,3.6,9.7,0.0,0.0,0.0
2007-06-19,11.5,5.1,18.0,0.0,0.0,0.0
2007-06-20,17.1,10.5,22.8,0.0,0.0,0.0
2007-06-21,16.6,10.3,21.6,0.0,0.0,0.0
2007-06-22,18.0,12.6,22.2,0.0,0.0,0.0
2007-06-23,14.3,10.0,18.2,0.0,0.0,0.0
2007-06-24,12.8,8.3,17.9,0.0,0.0,0.0
2007-06-25,5.3,2.4,8.4,0.0,0.0,0.0
2007-06-26,10.2,3.1,17.4,0.0,0.0,0.0
2007-06-27,15.7,9.1,21.9,0.0,0.0,0.0
2007-06-28,20.0,13.6,27.9,0.0,0.0,0.0
2007-06-29,18.0,12.3,22.9,0.0,0.0,0.0
2007-06-30,13.7,9.8,18.3,0.0,0.0,0.0
2007-07-01,16.9,10.8,22.4,0.0,0.0,0.0
2007-07-02,18.1,13.6,22.4,0.0,0.0,0.0
2007-07-03,16.5,12.1,21.5,0.0,0.0,0.0
2007-07-04,19.3,13.5,25.5,0.0,0.0,0.0
2007-07-05,22.6,16.2,27.9,0.0,0.0,0.0
2007-07-06,24.4,17.4,29.7,0.0,0.0,0.0
2007-07-07,19.6,14.2,24.8,0.0,0.0,0.0
2007-07-08,17.0,13.1,21.7,0.0,0.0,0.0
2007-07-09,13.8,7.2,21.5,0.0,0.0,0.0
2007-07-10,13.5,6.4,22.1,0.0,0.0,0.0
2007-07-11,17.1,11.0,24.2,0.0,0.0,0.0
2007-07-12,19.5,14.7,24.7,0.0,0.0,0.0
2007-07-13,21.8,17.1,28.2,0.0,0.0,0.0
2007-07-14,22.7,18.4,29.2,0.0,0.0,0.0
2007-07-15,21.8,17.4,29.1,0.0,0.0,0.0
2007-07-16,21.2,14.8,27.8,0.0,0.0,0.0
2007-07-17,19.1,13.2,24.7,0.0,0.0,0.007619996
2007-07-18,19.6,13.1,26.5,0.0,0.0,0.0
2007-07-19,20.0,14.3,25.5,0.0,0.0,0.0
2007-07-20,20.0,13.9,25.3,0.0,0.0,0.0
2007-07-21,19.8,15.8,24.2,0.0,0.0,0.0
2007-07-22,22.0,16.8,27.0,0.0,0.0,0.0
2007-07-23,24.1,19.5,28.6,0.0,0.0,0.0
2007-07-24,20.0,15.5,23.7,0.0,0.0,0.0050799972
2007-07-25,17.8,13.1,24.4,0.0,0.0,0.0
2007-07-26,17.3,13.3,23.8,0.0,0.0,0.0
2007-07-27,20.8,16.7,26.5,0.0,0.0,0.0
2007-07-28,22.2,18.5,27.5,0.0,0.0,0.0
2007-07-29,22.4,16.6,28.4,0.0,0.0,0.0
2007-07-30,21.0,16.7,27.1,0.0,0.0,0.0
2007-07-31,19.0,14.2,23.0,0.0,0.0,0.0
2007-08-01,15.0,8.7,21.5,0.0,0.0,0.0
2007-08-02,19.7,13.1,25.6,0.0,0.0,0.0
2007-08-03,20.0,15.3,25.0,0.0,0.0,0.0
2007-08-04,16.9,12.9,21.4,0.0,0.0,0.0025399986
2007-08-05,13.9,8.7,20.3,0.0,0.0,0.0025399986
2007-08-06,15.3,9.4,21.3,0.0,0.0,0.0
2007-08-07,15.4,11.5,19.7,0.0,0.0,0.0
2007-08-08,14.1,10.1,19.2,0.0,0.0,0.0
2007-08-09,15.7,10.9,21.8,0.0,0.0,0.0050799972
2007-08-10,12.6,7.7,16.7,0.0,0.0,0.0
2007-08-11,13.7,5.4,20.8,0.0,0.0,0.0
2007-08-12,18.0,11.3,23.2,0.0,0.0,0.0
2007-08-13,17.0,10.8,23.3,0.0,0.0,0.0
2007-08-14,17.6,10.1,23.4,0.0,0.0,0.0
2007-08-15,18.7,14.2,24.3,0.0,0.0,0.0
2007-08-16,17.5,13.9,24.8,0.0,0.0,0.0
2007-08-17,17.4,13.3,24.9,0.0,0.0,0.0025399986
2007-08-18,15.8,12.6,19.9,0.0,0.0,0.0050799972
2007-08-19,13.8,4.3,22.7,0.0,0.0,0.020319989
2007-08-20,5.9,4.1,8.7,0.0,0.0,0.0025399986
2007-08-21,7.8,6.1,11.0,0.0,0.0,0.0025399986
2007-08-22,10.0,5.8,15.2,0.0,0.0,0.0
2007-08-23,10.5,4.9,16.9,0.0,0.0,0.0
2007-08-24,11.5,4.5,17.0,0.0,0.0,0.0
2007-08-25,15.5,11.1,20.3,0.0,0.0,0.0
2007-08-26,12.5,9.3,16.1,0.0,0.0,0.0
2007-08-27,10.2,5.0,14.8,0.0,0.0,0.0
2007-08-28,10.8,3.2,16.6,0.0,0.0,0.0
2007-08-29,16.7,10.1,22.4,0.0,0.0,0.0
2007-08-30,20.6,15.5,25.9,0.0,0.0,0.0
2007-08-31,17.6,10.1,21.3,0.0,0.0,0.0050799972
2007-09-01,14.6,10.2,19.0,0.0,0.0,0.0
2007-09-02,18.1,13.6,22.0,0.0,0.0,0.0
2007-09-03,19.2,15.0,23.9,0.0,0.0,0.0
2007-09-04,17.4,12.4,22.1,0.0,0.0,0.0025399986
2007-09-05,13.7,10.5,18.4,0.0,0.0,0.0
2007-09-06,10.9,5.6,15.5,0.0,0.0,0.0025399986
2007-09-07,9.0,2.5,16.6,0.0,0.0,0.0
2007-09-08,4.2,1.7,9.1,0.0,0.0,0.0025399986
2007-09-09,6.2,2.0,11.5,0.0,0.0,0.0
2007-09-10,11.8,6.0,17.6,0.0,0.0,0.0
2007-09-11,14.9,10.9,19.7,0.0,0.0,0.0
2007-09-12,8.3,0.8,13.8,0.0,0.0,0.0
2007-09-13,6.8,-0.8,14.1,0.0,0.0,0.0
2007-09-14,13.0,5.7,19.8,0.0,0.0,0.0
2007-09-15,15.4,10.6,19.9,0.0,0.0,0.0
2007-09-16,11.8,6.6,16.9,0.0,0.0,0.0025399986
2007-09-17,5.8,3.2,8.9,0.0,0.0,0.0025399986
2007-09-18,4.7,1.4,10.2,0.0,0.0,0.007619996
2007-09-19,1.9,0.4,3.9,0.0,0.0,0.0025399986
2007-09-20,3.1,1.3,6.1,0.0,0.0,0.0050799972
2007-09-21,6.6,1.1,11.0,0.0,0.0,0.0
2007-09-22,9.6,5.2,12.3,0.0,0.0,0.0050799972
2007-09-23,1.7,-0.5,5.3,0.0,0.0,0.0101599945
2007-09-24,1.8,-1.6,5.1,0.050799973,0.007619996,0.0
2007-09-25,3.7,1.3,8.1,0.050799973,0.0050799972,0.0
2007-09-26,6.1,3.4,10.1,0.050799973,0.0050799972,0.0
2007-09-27,10.2,4.5,14.6,0.050799973,0.0050799972,0.0
2007-09-28,10.1,3.4,14.7,0.050799973,0.0050799972,0.0
2007-09-29,0.5,,4.5,0.050799973,0.0050799972,0.0050799972
2007-09-30,4.1,-2.1,9.4,0.076199956,0.007619996,0.0
2007-10-01,2.6,0.6,6.0,0.050799973,0.007619996,0.0050799972
2007-10-02,2.0,0.1,4.0,0.076199956,0.0101599945,0.0025399986
2007-10-03,0.7,-1.6,3.9,0.050799973,0.007619996,0.017779991
2007-10-04,1.2,-2.6,9.0,0.15239991,0.022859987,0.0
2007-10-05,-0.2,-1.7,1.7,0.12699993,0.022859987,0.0050799972
2007-10-06,-0.3,-2.4,3.5,0.17779991,0.025399987,0.0
2007-10-07,2.5,-2.6,5.7,0.15239991,0.022859987,0.0
2007-10-08,6.2,4.0,10.2,0.10159995,0.017779991,0.0
2007-10-09,10.2,4.8,15.5,0.076199956,0.007619996,0.0
2007-10-10,9.1,2.5,16.0,0.050799973,0.007619996,0.020319989
2007-10-11,3.6,1.9,7.0,0.050799973,0.007619996,0.0
2007-10-12,6.2,2.9,9.8,0.050799973,0.007619996,0.0
2007-10-13,5.4,3.0,9.4,0.050799973,0.0050799972,0.0
2007-10-14,7.4,3.2,12.1,0.050799973,0.0050799972,0.0
2007-10-15,10.0,6.3,13.9,0.050799973,0.0050799972,0.0
2007-10-16,6.3,2.6,11.0,0.050799973,0.0050799972,0.0025399986
2007-10-17,-0.1,-2.4,3.1,0.10159995,0.007619996,0.0
2007-10-18,-0.7,-3.0,1.6,0.076199956,0.007619996,0.0050799972
2007-10-19,1.3,-1.3,3.3,0.076199956,0.012699993,0.030479984
2007-10-20,-1.4,-2.8,3.5,0.17779991,0.038099978,0.0
2007-10-21,-1.5,-3.0,0.7,0.17779991,0.035559982,0.0
2007-10-22,2.3,-1.5,6.1,0.15239991,0.035559982,0.0
2007-10-23,9.3,5.8,13.8,0.15239991,0.033019982,0.0
2007-10-24,11.4,7.1,14.9,0.12699993,0.012699993,0.0
2007-10-25,1.8,-1.2,7.2,0.10159995,0.007619996,0.0025399986
2007-10-26,-0.1,-4.3,5.4,0.076199956,0.007619996,0.0
2007-10-27,4.3,-2.7,8.6,0.050799973,0.007619996,0.0
2007-10-28,7.7,5.2,10.8,0.050799973,0.007619996,0.0
2007-10-29,7.6,5.2,10.2,0.050799973,0.007619996,0.0
2007-10-30,1.9,-1.2,5.2,0.050799973,0.007619996,0.0025399986
2007-10-31,1.5,-1.5,4.1,0.076199956,0.0101599945,0.0
2007-11-01,-0.5,-3.9,2.4,0.076199956,0.0101599945,0.0
2007-11-02,-1.2,-4.4,2.0,0.076199956,0.007619996,0.0025399986
2007-11-03,2.2,-0.6,4.9,0.076199956,0.0101599945,0.0
2007-11-04,3.2,-4.7,6.6,0.076199956,0.0101599945,0.0
2007-11-05,0.6,-5.5,6.5,0.076199956,0.0101599945,0.0
2007-11-06,6.0,4.0,8.7,0.076199956,0.007619996,0.0
2007-11-07,5.0,2.7,7.3,0.050799973,0.007619996,0.0
2007-11-08,5.4,2.7,7.9,0.050799973,0.007619996,0.0
2007-11-09,6.7,4.7,9.5,0.050799973,0.007619996,0.0
2007-11-10,2.5,-3.7,6.2,0.050799973,0.007619996,0.007619996
2007-11-11,-2.3,-4.1,2.2,0.10159995,0.015239992,0.0025399986
2007-11-12,0.6,-3.9,3.5,0.10159995,0.017779991,0.012699993
2007-11-13,-4.7,-6.5,0.5,0.12699993,0.030479984,0.0101599945
2007-11-14,-3.3,-7.4,1.4,0.22859988,0.038099978,0.0
2007-11-15,2.9,-0.9,4.8,0.2031999,0.038099978,0.0025399986
2007-11-16,2.3,1.2,3.7,0.10159995,0.040639978,0.017779991
2007-11-17,2.2,1.1,3.5,0.22859988,0.05841997,0.025399987
2007-11-18,-1.8,-3.7,1.2,0.30479982,0.083819956,0.0101599945
2007-11-19,-5.2,-8.5,-2.5,0.35559982,0.088899955,0.015239992
2007-11-20,-7.7,-11.6,-0.8,0.5079997,0.10413995,0.0050799972
2007-11-21,-9.6,-12.8,-4.1,0.48259974,0.10159995,0.0
2007-11-22,-8.8,-13.1,-0.8,0.45719975,0.10159995,0.0
2007-11-23,-6.8,-13.7,-0.7,0.45719975,0.10159995,0.0
2007-11-24,-1.8,-4.2,1.2,0.4063998,0.10159995,0.040639978
2007-11-25,-5.8,-8.9,-3.3,0.48259974,0.14223993,0.0050799972
2007-11-26,-3.9,-8.7,0.8,0.48259974,0.14731993,0.007619996
2007-11-27,-5.7,-8.1,-0.5,0.48259974,0.15493992,0.035559982
2007-11-28,-8.5,-9.4,-6.3,0.7873996,0.1904999,0.0050799972
2007-11-29,-11.9,-16.6,-7.8,0.7365996,0.1955799,0.0025399986
2007-11-30,-12.0,-16.3,-4.2,0.71119964,0.1955799,0.0
2007-12-01,-14.8,-18.4,-9.1,0.71119964,0.1955799,0.0025399986
2007-12-02,-5.7,-10.0,-2.1,0.71119964,0.1955799,0.025399987
2007-12-03,0.6,-2.4,2.2,0.8889995,0.22097988,0.083819956
2007-12-04,1.4,-0.5,2.9,1.1937994,0.30479982,0.027939985
2007-12-05,-2.1,-5.1,-0.1,1.1175994,0.32765982,0.0025399986
2007-12-06,-5.9,-10.7,-3.7,1.0667994,0.32765982,0.0025399986
2007-12-07,-11.1,-13.3,-8.4,1.1175994,0.3301998,0.0025399986
2007-12-08,-10.5,-14.1,-3.7,1.1175994,0.33273983,0.0
2007-12-09,-10.1,-15.1,-4.9,1.0921994,0.33273983,0.020319989
2007-12-10,-8.8,-11.5,-3.6,1.1175994,0.3530598,0.0025399986
2007-12-11,-6.8,-12.8,-2.6,1.1683993,0.35559982,0.025399987
2007-12-12,-6.6,-9.3,-3.6,1.2191993,0.3809998,0.020319989
2007-12-13,-9.0,-9.7,-7.0,1.2699993,0.40131977,0.0050799972
2007-12-14,-8.5,-10.0,-6.6,1.2953993,0.4063998,0.0
2007-12-15,-6.0,-8.0,-4.5,1.2699993,0.4063998,0.012699993
2007-12-16,-5.3,-6.7,-2.5,1.3461993,0.41909978,0.0101599945
2007-12-17,-4.3,-5.7,-2.4,1.3969992,0.42925978,0.0050799972
2007-12-18,-2.8,-5.3,-0.8,1.4223993,0.43433976,0.020319989
2007-12-19,-2.5,-3.4,-1.5,1.4477992,0.45465976,0.030479984
2007-12-20,-3.8,-8.2,-1.8,1.6763991,0.48513973,0.022859987
2007-12-21,-9.5,-12.1,-7.3,1.752599,0.5079997,0.0025399986
2007-12-22,-7.7,-12.2,-4.0,1.752599,0.5105397,0.035559982
2007-12-23,-4.3,-6.1,1.5,1.854199,0.5460997,0.025399987
2007-12-24,-4.6,-8.1,1.1,1.854199,0.5714997,0.017779991
2007-12-25,-8.2,-8.8,-7.3,1.955799,0.5892797,0.0050799972
2007-12-26,-9.0,-10.1,-8.0,1.955799,0.5943597,0.0050799972
2007-12-27,-10.2,-11.6,-7.4,1.9811989,0.5994397,0.0025399986
2007-12-28,-9.3,-11.7,-7.7,1.9811989,0.6019797,0.0101599945
2007-12-29,-8.5,-10.1,-6.4,2.1589987,0.61213964,0.017779991
2007-12-30,-8.7,-9.9,-7.6,2.260599,0.62991965,0.022859987
2007-12-31,-9.5,-10.5,-8.3,2.4383986,0.65277964,0.0025399986
2008-01-01,-6.7,-12.6,1.5,2.3621988,0.65531963,0.0025399986
2008-01-02,2.3,0.1,4.5,2.260599,0.6578596,0.0025399986
2008-01-03,1.9,-1.3,3.7,2.2097988,0.6603996,0.0
2008-01-04,0.4,-1.6,2.4,2.1335988,0.6603996,0.0025399986
2008-01-05,-3.7,-7.0,0.8,2.108199,0.66293967,0.012699993
2008-01-06,-7.2,-9.6,-5.3,2.2097988,0.6756396,0.0050799972
2008-01-07,-8.4,-10.0,-5.9,2.2351987,0.6807196,0.0025399986
2008-01-08,-8.0,-10.8,-5.3,2.184399,0.6832596,0.0050799972
2008-01-09,-6.2,-9.8,-2.9,2.2097988,0.68833965,0.0050799972
2008-01-10,-5.9,-9.9,-3.3,2.1589987,0.69341964,0.017779991
2008-01-11,-2.9,-3.9,-0.7,2.2351987,0.71119964,0.0050799972
2008-01-12,-3.6,-4.9,-1.6,2.2097988,0.7162796,0.0050799972
2008-01-13,-2.9,-3.7,-1.0,2.2097988,0.7213596,0.0025399986
2008-01-14,0.7,-3.2,3.6,2.1589987,0.7238996,0.007619996
2008-01-15,-11.0,-16.6,-3.0,2.1335988,0.7289796,0.012699993
2008-01-16,-14.1,-16.9,-11.5,2.2859988,0.7416796,0.015239992
2008-01-17,-8.4,-12.7,-5.2,2.2351987,0.75691956,0.06095997
2008-01-18,-8.1,-9.9,-4.7,2.3621988,0.81787956,0.0025399986
2008-01-19,-6.2,-15.7,-2.1,2.3367987,0.82041955,0.007619996
2008-01-20,-21.5,-25.6,-15.6,2.4383986,0.82549953,0.0
2008-01-21,-15.5,-23.1,-7.9,2.3875988,0.82549953,0.0
2008-01-22,-10.9,-17.0,-3.9,2.3875988,0.82549953,0.0
2008-01-23,-7.1,-12.8,-5.1,2.3875988,0.82549953,0.020319989
2008-01-24,-4.5,-8.9,4.6,2.4383986,0.84581953,0.0025399986
2008-01-25,-6.4,-7.7,-5.0,2.3875988,0.8483595,0.0025399986
2008-01-26,-3.3,-6.4,-0.5,2.3621988,0.8508995,0.017779991
2008-01-27,-1.3,-5.6,0.2,2.4637988,0.8686795,0.0101599945
2008-01-28,-15.2,-25.3,-5.6,2.5907986,0.87883955,0.0025399986
2008-01-29,-9.6,-13.2,-7.3,2.5653987,0.87883955,0.022859987
2008-01-30,-9.5,-10.3,-8.3,2.6669986,0.9016995,0.012699993
2008-01-31,-7.3,-9.7,-5.6,2.7939985,0.9143995,0.022859987
2008-02-01,-7.8,-9.0,-6.7,3.0479984,0.9372595,0.022859987
2008-02-02,-8.9,-10.2,-7.1,3.0733984,0.9601195,0.0101599945
2008-02-03,-8.8,-12.2,-1.8,3.0987983,0.97027946,0.0
2008-02-04,-9.9,-12.3,-5.3,3.0225983,0.9651995,0.0025399986
2008-02-05,-7.8,-11.0,-4.7,3.0479984,0.96773946,0.017779991
2008-02-06,-8.3,-9.6,-6.2,2.9971983,0.98551947,0.017779991
2008-02-07,-6.6,-9.0,-4.4,3.0479984,1.0032995,0.030479984
2008-02-08,-6.1,-7.3,-4.7,3.3273983,1.0337794,0.038099978
2008-02-09,-1.7,-4.8,0.1,3.4543982,1.0718794,0.020319989
2008-02-10,-0.9,-3.7,0.4,3.3527982,1.0921994,0.040639978
2008-02-11,-4.0,-5.2,-2.6,3.505198,1.1328394,0.007619996
2008-02-12,-0.7,-2.8,1.1,3.479798,1.1404594,0.020319989
2008-02-13,-5.8,-8.1,-1.0,3.479798,1.1607794,0.0025399986
2008-02-14,-6.7,-9.1,-3.8,3.505198,1.1633193,0.0
2008-02-15,-1.4,-7.0,4.3,3.4543982,1.1633193,0.0101599945
2008-02-16,-3.8,-9.2,-0.3,3.555998,1.1734793,0.0025399986
2008-02-17,-6.4,-10.0,-1.4,3.479798,1.1760193,0.0
2008-02-18,-0.4,-8.4,4.6,3.3781981,1.1760193,0.0
2008-02-19,5.1,1.3,9.1,3.3273983,1.1760193,0.0
2008-02-20,3.2,-3.3,11.5,3.2765982,1.1734793,0.0
2008-02-21,2.0,-2.3,10.5,3.2511983,1.1683993,0.0
2008-02-22,0.8,-2.8,6.0,3.2257984,1.1658593,0.0
2008-02-23,-1.1,-4.4,4.1,3.2003982,1.1633193,0.0
2008-02-24,-3.8,-6.6,-0.5,3.1749983,1.1582394,0.0025399986
2008-02-25,-3.5,-7.2,4.4,3.2003982,1.1607794,0.0
2008-02-26,-2.4,-4.8,0.8,3.1749983,1.1607794,0.0025399986
2008-02-27,-0.1,-1.8,5.3,3.1749983,1.1633193,0.0050799972
2008-02-28,-0.9,-2.3,2.2,3.1495984,1.1683993,0.007619996
2008-02-29,2.5,-2.7,6.5,3.2003982,1.1760193,0.0050799972
2008-03-01,-2.0,-6.7,4.2,3.2003982,1.1810994,0.0
2008-03-02,-5.3,-7.4,-0.5,3.1749983,1.1810994,0.0050799972
2008-03-03,-5.0,-7.4,-2.5,3.2003982,1.1861794,0.027939985
2008-03-04,-6.3,-11.6,-0.2,3.2765982,1.2141193,0.0025399986
2008-03-05,-5.3,-8.5,1.4,3.3273983,1.2166593,0.0050799972
2008-03-06,-3.4,-7.0,0.2,3.3273983,1.2217393,0.007619996
2008-03-07,-1.1,-3.3,1.4,3.2765982,1.2293594,0.0
2008-03-08,-1.3,-4.1,2.1,3.2511983,1.2293594,0.0
2008-03-09,-0.7,-3.4,2.5,3.2257984,1.2293594,0.0
2008-03-10,3.2,-1.7,8.1,3.1749983,1.2293594,0.0
2008-03-11,-0.5,-5.0,4.7,3.1495984,1.2293594,0.012699993
2008-03-12,-3.9,-6.0,-0.7,3.2765982,1.2420594,0.007619996
2008-03-13,-1.8,-5.6,5.5,3.2765982,1.2496793,0.0050799972
2008-03-14,-3.1,-5.8,1.0,3.2257984,1.2547593,0.0
2008-03-15,-3.4,-7.1,4.0,3.2257984,1.2522193,0.0
2008-03-16,-4.4,-7.6,2.3,3.2257984,1.2496793,0.0
2008-03-17,-4.3,-6.4,0.0,3.2003982,1.2496793,0.007619996
2008-03-18,-2.7,-4.8,-0.1,3.2511983,1.2522193,0.012699993
2008-03-19,-3.3,-6.7,1.2,3.3273983,1.2649193,0.0050799972
2008-03-20,-4.4,-6.4,0.2,3.3019981,1.2699993,0.0
2008-03-21,-5.6,-7.7,-2.3,3.3019981,1.2699993,0.0025399986
2008-03-22,-4.3,-9.8,1.1,3.3781981,1.2725393,0.012699993
2008-03-23,0.0,-4.8,4.4,3.3019981,1.2852393,0.012699993
2008-03-24,-4.6,-9.9,-0.9,3.3019981,1.2979393,0.0050799972
2008-03-25,-6.3,-10.7,-1.6,3.3781981,1.3030193,0.0
2008-03-26,-4.3,-8.3,1.6,3.3527982,1.3030193,0.0025399986
2008-03-27,-7.5,-9.8,-5.5,3.3273983,1.3055593,0.007619996
2008-03-28,-6.5,-11.2,-0.3,3.4543982,1.3131793,0.015239992
2008-03-29,-8.1,-11.1,-4.9,3.555998,1.3284193,0.0
2008-03-30,-7.0,-11.4,3.9,3.5305982,1.3284193,0.0
2008-03-31,-7.4,-12.9,-0.1,3.5305982,1.3284193,0.0
2008-04-01,-7.1,-9.4,-1.8,3.505198,1.3284193,0.0
2008-04-02,-5.8,-9.3,-0.2,3.479798,1.3284193,0.0
2008-04-03,-2.8,-7.5,2.1,3.4289982,1.3284193,0.0
2008-04-04,0.2,-3.4,6.3,3.3781981,1.3284193,0.0
2008-04-05,-4.2,-6.2,-0.3,3.3781981,1.3284193,0.0050799972
2008-04-06,-2.7,-6.9,1.2,3.4289982,1.3334993,0.0025399986
2008-04-07,-2.5,-5.1,2.7,3.3781981,1.3334993,0.0
2008-04-08,-2.9,-6.2,3.5,3.3527982,1.3334993,0.0
2008-04-09,-0.6,-4.6,8.5,3.3527982,1.3334993,0.0
2008-04-10,-3.7,-6.4,0.6,3.3273983,1.3284193,0.0
2008-04-11,-0.9,-5.1,3.7,3.3273983,1.3233393,0.0025399986
2008-04-12,4.3,-2.3,11.0,3.3273983,1.3258793,0.0025399986
2008-04-13,9.8,4.9,13.8,3.2765982,1.3284193,0.022859987
2008-04-14,7.9,-1.5,14.8,3.2003982,1.3512793,0.017779991
2008-04-15,-3.4,-6.2,2.4,3.1241982,1.3690592,0.007619996
2008-04-16,-3.8,-6.4,-0.5,3.1495984,1.3766793,0.0101599945
2008-04-17,1.4,-3.0,6.2,3.1749983,1.3817593,0.0025399986
2008-04-18,2.7,-1.7,6.5,3.1241982,1.3792193,0.0
2008-04-19,-7.8,-15.9,0.1,3.0987983,1.3766793,0.007619996
2008-04-20,-11.6,-17.0,-5.1,3.2511983,1.3842993,0.0025399986
2008-04-21,-7.2,-9.8,-3.7,3.3019981,1.3868393,0.0025399986
2008-04-22,-3.6,-8.1,2.2,3.2765982,1.3868393,0.007619996
2008-04-23,-0.8,-4.6,7.2,3.3527982,1.3944592,0.0025399986
2008-04-24,-1.3,-5.0,4.7,3.3273983,1.3944592,0.0050799972
2008-04-25,-3.0,-5.1,3.5,3.3019981,1.3969992,0.0050799972
2008-04-26,0.5,-4.9,6.6,3.3273983,1.4020792,0.0
2008-04-27,7.0,-0.6,13.8,3.2765982,1.4020792,0.0025399986
2008-04-28,8.6,4.6,14.7,3.2003982,1.4046192,0.045719974
2008-04-29,5.0,-4.1,12.9,3.1241982,1.4503392,0.0025399986
2008-04-30,-2.5,-6.0,2.1,3.0987983,1.4528792,0.0
2008-05-01,-0.1,-6.7,7.8,3.0733984,1.4452592,0.0
2008-05-02,3.3,-1.6,10.5,3.0479984,1.4452592,0.0
2008-05-03,5.5,0.5,11.7,2.9971983,1.4452592,0.0025399986
2008-05-04,6.7,2.4,12.0,2.9463985,1.4477992,0.0
2008-05-05,7.7,4.3,12.8,2.8955984,1.4477992,0.0
2008-05-06,5.3,2.2,10.7,2.8447986,1.4452592,0.0
2008-05-07,3.5,1.0,8.8,2.7939985,1.4249393,0.0025399986
2008-05-08,1.4,-1.4,4.9,2.7685986,1.4071592,0.0025399986
2008-05-09,-0.1,-3.5,6.2,2.7685986,1.3919193,0.0025399986
2008-05-10,2.5,-4.1,7.3,2.7177985,1.3766793,0.0
2008-05-11,2.7,-1.7,5.9,2.6923985,1.3766793,0.0
2008-05-12,0.8,-2.1,9.5,2.6669986,1.3614392,0.0025399986
2008-05-13,2.6,-1.0,6.8,2.6669986,1.3538193,0.0
2008-05-14,4.4,1.5,9.4,2.6415985,1.3487393,0.0025399986
2008-05-15,9.8,3.4,16.1,2.5907986,1.3512793,0.0
2008-05-16,13.3,7.4,19.5,2.5145986,1.3411193,0.0
2008-05-17,15.7,9.7,20.8,2.4129987,1.3207992,0.0
2008-05-18,13.6,10.3,17.2,2.3367987,1.2979393,0.0
2008-05-19,11.9,7.8,17.7,2.2097988,1.2471393,0.0025399986
2008-05-20,11.5,2.1,19.5,2.1335988,1.2217393,0.007619996
2008-05-21,2.1,0.5,6.1,2.0319989,1.1988794,0.0025399986
2008-05-22,2.3,0.6,5.3,2.0573988,1.2014194,0.012699993
2008-05-23,2.9,1.5,6.5,2.1335988,1.2141193,0.020319989
2008-05-24,4.4,1.7,8.3,2.1335988,1.1785594,0.012699993
2008-05-25,3.3,1.8,6.8,2.108199,1.1531594,0.0050799972
2008-05-26,2.4,1.1,3.7,2.082799,1.1125194,0.0025399986
2008-05-27,2.9,0.6,5.4,2.0573988,1.0744194,0.0
2008-05-28,7.8,1.5,18.0,2.0573988,1.0591794,0.0025399986
2008-05-29,7.2,4.4,11.4,1.9811989,1.0464795,0.0
2008-05-30,8.0,5.3,14.5,1.854199,1.0388595,0.0101599945
2008-05-31,10.2,5.1,17.0,1.803399,1.0286994,0.0
2008-06-01,9.6,5.6,15.8,1.7271991,0.9829795,0.0
2008-06-02,5.4,1.8,10.0,1.6763991,0.9372595,0.007619996
2008-06-03,5.2,1.0,10.3,1.6255991,0.8915395,0.0
2008-06-04,4.6,2.4,7.0,1.6001991,0.84581953,0.0050799972
2008-06-05,7.0,2.5,11.8,1.5747992,0.80263954,0.0050799972
2008-06-06,2.2,-0.1,5.3,1.4731992,0.75691956,0.0025399986
2008-06-07,0.8,-1.0,3.7,1.4477992,0.71119964,0.012699993
2008-06-08,3.4,0.9,6.3,1.4985992,0.7238996,0.022859987
2008-06-09,5.5,2.5,9.4,1.4731992,0.7467596,0.0050799972
2008-06-10,-0.1,-2.8,6.2,1.4223993,0.7492996,0.007619996
2008-06-11,0.8,-2.6,3.5,1.4477992,0.7518396,0.015239992
2008-06-12,4.0,0.7,10.0,1.6001991,0.7670796,0.0
2008-06-13,8.0,3.3,11.6,1.4985992,0.7289796,0.0
2008-06-14,9.4,6.4,13.9,1.3969992,0.69087964,0.0
2008-06-15,10.4,5.1,15.3,1.2953993,0.65277964,0.0
2008-06-16,13.2,8.1,17.8,1.2191993,0.6146797,0.0
2008-06-17,14.6,9.2,20.1,1.1429994,0.5791197,0.0
2008-06-18,10.8,6.1,16.0,1.0159994,0.5105397,0.0
2008-06-19,10.4,5.6,15.3,0.9651995,0.45465976,0.0
2008-06-20,14.0,7.6,19.3,0.86359954,0.40893978,0.0
2008-06-21,17.6,11.5,23.1,0.7619996,0.3632198,0.0
2008-06-22,12.4,7.0,16.5,0.63499963,0.31495982,0.0
2008-06-23,12.7,8.0,17.6,0.5079997,0.25145987,0.0
2008-06-24,11.7,8.3,15.9,0.43179977,0.2082799,0.0
2008-06-25,13.4,9.1,18.5,0.27939984,0.15239991,0.0
2008-06-26,11.7,8.0,15.9,0.22859988,0.088899955,0.0
2008-06-27,11.9,7.5,17.3,0.10159995,0.050799973,0.0
2008-06-28,15.7,9.0,22.3,0.076199956,0.033019982,0.0
2008-06-29,20.5,13.8,25.6,0.050799973,0.022859987,0.0
2008-06-30,21.3,15.2,26.7,0.0,0.0,0.0
2008-07-01,14.5,10.1,19.6,0.0,0.0,0.0050799972
2008-07-02,11.7,9.8,16.8,0.0,0.0,0.0025399986
2008-07-03,17.6,10.1,24.1,0.0,0.0,0.0
2008-07-04,18.6,12.0,24.9,0.0,0.0,0.0
2008-07-05,13.2,10.5,17.4,0.0,0.0,0.0
2008-07-06,13.1,9.4,17.2,0.0,0.0,0.0
2008-07-07,13.6,8.4,18.7,0.0,0.0,0.0
2008-07-08,14.2,9.7,19.1,0.0,0.0,0.0
2008-07-09,15.9,11.5,20.6,0.0,0.0,0.0
2008-07-10,14.8,8.7,19.0,0.0,0.0,0.0
2008-07-11,8.7,3.7,13.5,0.0,0.0,0.0
2008-07-12,13.4,6.9,18.9,0.0,0.0,0.0
2008-07-13,15.9,12.1,20.3,0.0,0.0,0.0
2008-07-14,15.9,11.3,20.9,0.0,0.0,0.0
2008-07-15,14.2,11.0,17.6,0.0,0.0,0.0
2008-07-16,15.1,9.8,20.2,0.0,0.0,0.0
2008-07-17,14.6,8.0,20.2,0.0,0.0,0.0
2008-07-18,14.7,9.9,19.2,0.0,0.0,0.0
2008-07-19,13.6,8.2,18.6,0.0,0.0,0.0
2008-07-20,18.5,12.4,24.0,0.0,0.0,0.0
2008-07-21,20.0,14.7,25.1,0.0,0.0,0.0
2008-07-22,14.7,9.7,20.7,0.0,0.0,0.0101599945
2008-07-23,13.7,8.8,20.0,0.0,0.0,0.0025399986
2008-07-24,12.5,8.9,18.6,0.0,0.0,0.0
2008-07-25,16.1,8.7,23.4,0.0,0.0,0.0
2008-07-26,19.1,15.0,23.3,0.0,0.0,0.0
2008-07-27,16.5,12.9,21.1,0.0,0.0,0.0
2008-07-28,14.8,10.5,20.3,0.0,0.0,0.0
2008-07-29,16.8,12.2,23.3,0.0,0.0,0.0
2008-07-30,11.8,9.0,15.0,0.0,0.0,0.0
2008-07-31,14.9,7.7,21.2,0.0,0.0,0.0
2008-08-01,17.0,12.9,21.3,0.0,0.0,0.0
2008-08-02,13.0,9.0,18.3,0.0,0.0,0.0
2008-08-03,12.4,7.2,17.9,0.0,0.0,0.0
2008-08-04,13.6,6.7,19.7,0.0,0.0,0.0
2008-08-05,16.8,11.4,23.2,0.0,0.0,0.0
2008-08-06,17.7,10.7,24.8,0.0,0.0,0.0
2008-08-07,20.1,15.7,26.4,0.0,0.0,0.0
2008-08-08,17.5,14.0,22.8,0.0,0.0,0.0
2008-08-09,16.5,12.5,22.7,0.0,0.0,0.0
2008-08-10,13.1,7.8,18.0,0.0,0.0,0.0
2008-08-11,10.4,6.3,15.7,0.0,0.0,0.0
2008-08-12,13.4,8.1,19.5,0.0,0.0,0.0
2008-08-13,15.2,12.3,19.1,0.0,0.0,0.0
2008-08-14,13.9,8.8,18.5,0.0,0.0,0.0
2008-08-15,14.6,9.4,20.5,0.0,0.0,0.0
2008-08-16,18.8,11.2,25.2,0.0,0.0,0.0
2008-08-17,20.5,16.2,26.4,0.0,0.0,0.0
2008-08-18,22.1,16.5,27.8,0.0,0.0,0.0
2008-08-19,16.6,9.1,23.7,0.0,0.0,0.007619996
2008-08-20,11.3,8.1,15.7,0.0,0.0,0.007619996
2008-08-21,6.0,3.1,9.2,0.0,0.0,0.030479984
2008-08-22,9.0,3.6,15.0,0.0,0.0,0.0
2008-08-23,15.7,9.8,21.2,0.0,0.0,0.0
2008-08-24,19.1,13.6,24.2,0.0,0.0,0.0
2008-08-25,17.6,7.8,22.8,0.0,0.0,0.0
2008-08-26,5.2,2.8,7.8,0.0,0.0,0.0101599945
2008-08-27,5.3,3.2,6.5,0.0,0.0,0.007619996
2008-08-28,8.0,5.0,11.0,0.0,0.0,0.0
2008-08-29,13.6,9.1,18.2,0.0,0.0,0.0
2008-08-30,14.4,8.0,18.4,0.0,0.0,0.0025399986
2008-08-31,4.7,0.6,8.6,0.0,0.0,0.030479984
2008-09-01,2.1,-0.1,7.5,0.076199956,0.007619996,0.020319989
2008-09-02,5.6,1.8,9.3,0.10159995,0.020319989,0.0
2008-09-03,7.5,4.0,11.3,0.050799973,0.0050799972,0.0
2008-09-04,4.3,2.3,7.6,0.0,0.0,0.0050799972
2008-09-05,5.8,3.3,9.5,0.0,0.0,0.0
2008-09-06,4.6,1.6,7.0,0.0,0.0,0.012699993
2008-09-07,4.1,1.9,8.3,0.076199956,0.007619996,0.0
2008-09-08,8.6,2.7,12.9,0.0,0.0,0.0
2008-09-09,10.8,4.2,14.3,0.0,0.0,0.0
2008-09-10,3.2,1.9,5.3,0.0,0.0,0.0025399986
2008-09-11,7.8,1.0,13.1,0.0,0.0,0.0
2008-09-12,12.2,5.6,17.3,0.0,0.0,0.0
2008-09-13,6.2,1.6,11.3,0.0,0.0,0.0
2008-09-14,12.0,5.7,18.2,0.0,0.0,0.0
2008-09-15,15.4,10.7,19.2,0.0,0.0,0.0
2008-09-16,15.9,12.4,20.0,0.0,0.0,0.0
2008-09-17,16.5,12.5,21.6,0.0,0.0,0.0
2008-09-18,17.4,12.7,21.4,0.0,0.0,0.0
2008-09-19,17.4,14.1,22.4,0.0,0.0,0.0025399986
2008-09-20,14.1,7.5,19.3,0.0,0.0,0.0
2008-09-21,4.6,2.9,7.5,0.0,0.0,0.020319989
2008-09-22,2.4,-1.1,4.8,0.0,0.0,0.0101599945
2008-09-23,2.4,-1.1,6.4,0.0,0.0,0.0025399986
2008-09-24,9.9,4.6,14.4,0.0,0.0,0.0
2008-09-25,11.3,6.2,14.6,0.0,0.0,0.0
2008-09-26,8.9,4.6,13.1,0.0,0.0,0.0
2008-09-27,10.2,7.3,13.7,0.0,0.0,0.0
2008-09-28,10.1,6.6,15.0,0.0,0.0,0.0
2008-09-29,13.3,7.5,19.1,0.0,0.0,0.0
2008-09-30,16.7,12.3,21.0,0.0,0.0,0.0
2008-10-01,17.5,13.4,21.5,0.0,0.0,0.0
2008-10-02,16.2,11.9,20.2,0.0,0.0,0.0
2008-10-03,10.5,8.5,13.8,0.0,0.0,0.0
2008-10-04,7.1,3.8,10.0,0.0,0.0,0.0050799972
2008-10-05,2.3,0.2,4.2,0.025399987,0.0025399986,0.0050799972
2008-10-06,2.9,-0.4,5.9,0.025399987,0.0025399986,0.0
2008-10-07,4.1,-0.2,7.3,0.025399987,0.0025399986,0.0101599945
2008-10-08,-1.0,-4.0,0.9,0.0,0.0,0.0050799972
2008-10-09,-3.2,-5.3,-1.2,0.0,0.0,0.0050799972
2008-10-10,-5.2,-6.8,-3.2,0.050799973,0.0050799972,0.0050799972
2008-10-11,-6.0,-7.0,-3.1,0.076199956,0.0101599945,0.007619996
2008-10-12,-4.3,-7.4,1.2,0.17779991,0.017779991,0.0050799972
2008-10-13,2.0,-1.7,5.8,0.15239991,0.022859987,0.0
2008-10-14,2.5,-1.3,5.5,0.10159995,0.020319989,0.0
2008-10-15,1.5,-2.5,4.7,0.076199956,0.017779991,0.0
2008-10-16,1.2,-0.2,3.7,0.050799973,0.017779991,0.0
2008-10-17,7.8,3.4,11.2,0.050799973,0.015239992,0.0
2008-10-18,7.2,4.2,10.7,0.050799973,0.0025399986,0.0025399986
2008-10-19,4.0,1.2,8.0,0.076199956,0.0050799972,0.0
2008-10-20,4.8,-0.9,10.4,0.025399987,0.0050799972,0.007619996
2008-10-21,-2.1,-3.7,1.5,0.050799973,0.0101599945,0.007619996
2008-10-22,0.7,-3.9,6.3,0.12699993,0.017779991,0.0
2008-10-23,5.8,1.5,8.7,0.076199956,0.012699993,0.0025399986
2008-10-24,3.2,1.3,6.2,0.050799973,0.015239992,0.0
2008-10-25,2.8,-0.5,5.5,0.050799973,0.0101599945,0.0
2008-10-26,1.8,-8.2,8.9,0.025399987,0.0050799972,0.0
2008-10-27,10.5,7.0,12.8,0.0,0.0,0.0
2008-10-28,12.8,8.9,15.2,0.0,0.0,0.0
2008-10-29,9.9,7.6,12.1,0.0,0.0,0.0
2008-10-30,9.1,5.9,13.0,0.0,0.0,0.0
2008-10-31,9.5,6.3,14.3,0.0,0.0,0.0
2008-11-01,8.4,5.5,11.3,0.0,0.0,0.0
2008-11-02,4.8,0.8,8.2,0.0,0.0,0.017779991
2008-11-03,0.3,-1.0,1.6,0.050799973,0.0050799972,0.0
2008-11-04,-0.4,-3.5,1.7,0.025399987,0.0050799972,0.0101599945
2008-11-05,-4.4,-6.1,-2.3,0.076199956,0.015239992,0.0025399986
2008-11-06,-2.4,-8.6,1.4,0.050799973,0.012699993,0.0025399986
2008-11-07,2.9,0.9,5.6,0.050799973,0.012699993,0.0025399986
2008-11-08,4.5,2.6,6.4,0.050799973,0.0101599945,0.0
2008-11-09,3.5,0.1,7.7,0.025399987,0.007619996,0.0
2008-11-10,0.4,-0.9,2.7,0.025399987,0.007619996,0.0
2008-11-11,-1.0,-2.3,0.3,0.025399987,0.007619996,0.0025399986
2008-11-12,3.1,0.1,5.0,0.050799973,0.0101599945,0.086359955
2008-11-13,-1.6,-5.6,1.9,0.025399987,0.012699993,0.0050799972
2008-11-14,-4.5,-8.7,-1.0,0.10159995,0.017779991,0.0
2008-11-15,2.8,-1.4,5.8,0.050799973,0.007619996,0.0
2008-11-16,4.9,2.3,8.1,0.025399987,0.007619996,0.0
2008-11-17,8.4,4.8,12.5,0.025399987,0.007619996,0.0
2008-11-18,7.6,4.3,10.1,0.025399987,0.007619996,0.0
2008-11-19,-2.7,-7.3,5.0,0.025399987,0.007619996,0.0025399986
2008-11-20,-3.0,-8.2,2.8,0.025399987,0.0101599945,0.0025399986
2008-11-21,-2.7,-4.5,-0.7,0.050799973,0.012699993,0.0050799972
2008-11-22,-2.2,-5.1,1.1,0.050799973,0.012699993,0.007619996
2008-11-23,-3.5,-6.3,1.4,0.050799973,0.020319989,0.0050799972
2008-11-24,2.5,0.2,5.3,0.050799973,0.025399987,0.0050799972
2008-11-25,3.6,2.0,6.1,0.050799973,0.030479984,0.0050799972
2008-11-26,-1.1,-4.8,2.7,0.050799973,0.035559982,0.0025399986
2008-11-27,0.5,-4.5,5.2,0.076199956,0.038099978,0.0025399986
2008-11-28,-2.2,-3.5,0.9,0.076199956,0.040639978,0.0025399986
2008-11-29,-0.1,-2.2,1.6,0.076199956,0.043179978,0.0
2008-11-30,2.0,0.3,6.6,0.076199956,0.043179978,0.0
2008-12-01,4.0,1.7,6.5,0.076199956,0.043179978,0.0
2008-12-02,-5.7,-10.8,1.8,0.050799973,0.043179978,0.030479984
2008-12-03,-11.5,-14.2,-7.8,0.3809998,0.073659964,0.0
2008-12-04,-10.6,-17.7,-3.4,0.3809998,0.073659964,0.017779991
2008-12-05,-2.4,-4.6,-0.1,0.35559982,0.09143995,0.0101599945
2008-12-06,2.3,-0.4,5.1,0.35559982,0.10159995,0.0
2008-12-07,-1.3,-5.1,1.3,0.3301998,0.10159995,0.015239992
2008-12-08,-5.7,-8.3,-1.7,0.45719975,0.11683994,0.0050799972
2008-12-09,-4.7,-6.5,-1.6,0.48259974,0.12191994,0.020319989
2008-12-10,-1.3,-2.8,0.0,0.5333997,0.14223993,0.033019982
2008-12-11,-2.2,-3.9,1.0,0.58419967,0.1752599,0.0
2008-12-12,-2.0,-4.0,0.1,0.58419967,0.1752599,0.0050799972
2008-12-13,-23.9,-33.1,-4.1,0.6603996,0.1803399,0.0
2008-12-14,-30.0,-34.8,-24.2,0.6603996,0.1803399,0.0025399986
2008-12-15,-23.7,-28.7,-17.5,0.63499963,0.1803399,0.0
2008-12-16,-13.5,-21.8,-9.4,0.60959965,0.1803399,0.0025399986
2008-12-17,-12.7,-15.0,-10.7,0.60959965,0.1828799,0.025399987
2008-12-18,-11.5,-16.6,-7.2,0.68579966,0.2082799,0.0050799972
2008-12-19,-22.1,-27.6,-16.1,0.7619996,0.21335988,0.007619996
2008-12-20,-18.9,-21.9,-14.7,0.8127996,0.22097988,0.0025399986
2008-12-21,-11.3,-19.9,-5.9,0.7873996,0.22351988,0.0025399986
2008-12-22,-12.5,-18.5,-5.8,0.7873996,0.22605988,0.0025399986
2008-12-23,-13.6,-18.9,-9.7,0.83819956,0.22859988,0.015239992
2008-12-24,-10.2,-13.7,-7.4,0.9143995,0.24383987,0.015239992
2008-12-25,-7.2,-12.5,-2.3,0.99059945,0.25907987,0.012699993
2008-12-26,-11.7,-13.3,-9.4,1.0667994,0.27177987,0.020319989
2008-12-27,-6.1,-11.2,-2.5,1.2445993,0.29209983,0.035559982
2008-12-28,-2.0,-4.7,0.1,1.2953993,0.32765982,0.05841997
2008-12-29,-4.5,-8.8,0.7,1.5239992,0.3860798,0.043179978
2008-12-30,-8.6,-9.7,-6.7,1.7271991,0.42925978,0.020319989
2008-12-31,-5.5,-9.2,-2.7,1.752599,0.44957975,0.040639978
2009-01-01,-5.7,-9.2,-2.2,1.879599,0.49021974,0.027939985
2009-01-02,-5.1,-12.7,0.2,2.0573988,0.51815975,0.022859987
2009-01-03,-14.4,-17.2,-11.7,2.1589987,0.5410197,0.0050799972
2009-01-04,-11.2,-14.2,-8.9,2.082799,0.5460997,0.0050799972
2009-01-05,-6.4,-9.7,-4.4,2.0319989,0.5511797,0.012699993
2009-01-06,-3.2,-4.9,-0.1,2.1335988,0.56387967,0.025399987
2009-01-07,0.3,-0.7,1.3,2.2859988,0.5892797,0.05333997
2009-01-08,-0.5,-3.0,1.5,2.4637988,0.64261967,0.040639978
2009-01-09,-4.5,-6.5,-2.3,2.5653987,0.6832596,0.007619996
2009-01-10,-4.0,-4.8,-3.1,2.4891987,0.69087964,0.0101599945
2009-01-11,-2.4,-4.2,-0.4,2.4383986,0.7010396,0.007619996
2009-01-12,-2.6,-5.5,-0.2,2.4129987,0.7086596,0.012699993
2009-01-13,-0.1,-1.4,3.2,2.4383986,0.7213596,0.007619996
2009-01-14,-0.4,-1.5,0.9,2.3875988,0.7289796,0.0
2009-01-15,0.3,-2.0,4.3,2.3367987,0.7289796,0.0
2009-01-16,2.7,-0.9,5.4,2.3113987,0.7289796,0.0
2009-01-17,4.9,-0.3,11.1,2.260599,0.7264396,0.0
2009-01-18,5.8,0.1,11.9,2.2351987,0.7264396,0.0
2009-01-19,8.6,4.5,12.7,2.2097988,0.7264396,0.0
2009-01-20,8.6,4.8,11.8,2.184399,0.7264396,0.0
2009-01-21,4.3,1.5,6.9,2.184399,0.7264396,0.0
2009-01-22,-5.3,-19.0,2.8,2.1589987,0.7238996,0.0
2009-01-23,-12.7,-22.5,-1.7,2.1335988,0.7213596,0.0
2009-01-24,-15.2,-22.8,-1.5,2.1335988,0.7213596,0.0
2009-01-25,-18.9,-23.8,-12.5,2.1335988,0.7188196,0.0
2009-01-26,-16.4,-22.2,-9.2,2.1335988,0.7188196,0.0
2009-01-27,-10.2,-14.4,-6.7,2.108199,0.7086596,0.063499965
2009-01-28,-6.8,-7.8,-3.9,2.2859988,0.7721596,0.007619996
2009-01-29,-4.8,-7.5,-2.2,2.3113987,0.77977955,0.007619996
2009-01-30,-0.4,-3.8,3.7,2.3621988,0.7873996,0.0
2009-01-31,-5.4,-8.9,0.5,2.2351987,0.7873996,0.007619996
2009-02-01,-7.7,-9.9,-5.3,2.3113987,0.79501957,0.0
2009-02-02,-2.2,-5.5,0.5,2.260599,0.79501957,0.0
2009-02-03,2.9,-0.2,7.6,2.2351987,0.79501957,0.0
2009-02-04,4.8,1.8,7.2,2.2097988,0.79501957,0.0
2009-02-05,3.9,0.8,6.7,2.2097988,0.79501957,0.0025399986
2009-02-06,-0.9,-3.2,1.7,2.184399,0.79755956,0.0050799972
2009-02-07,-3.2,-5.5,1.3,2.2097988,0.79755956,0.0050799972
2009-02-08,-0.4,-5.8,5.8,2.184399,0.80263954,0.0
2009-02-09,-3.8,-6.9,1.2,2.1589987,0.80263954,0.0
2009-02-10,-8.6,-10.5,-6.0,2.1589987,0.80263954,0.0
2009-02-11,-7.7,-10.7,-5.0,2.1335988,0.80263954,0.0050799972
2009-02-12,-6.8,-9.2,-1.7,2.184399,0.8077196,0.0
2009-02-13,-8.2,-10.8,-3.2,2.184399,0.8077196,0.0025399986
2009-02-14,-9.1,-11.5,-4.5,2.1589987,0.8102596,0.0025399986
2009-02-15,-5.3,-8.5,-1.2,2.2097988,0.8127996,0.0025399986
2009-02-16,-1.9,-4.9,1.6,2.184399,0.81533957,0.0
2009-02-17,-2.4,-5.6,1.7,2.184399,0.81533957,0.0
2009-02-18,-3.2,-4.3,-1.4,2.1589987,0.81533957,0.0025399986
2009-02-19,-2.5,-4.3,-0.1,2.1589987,0.81787956,0.0101599945
2009-02-20,-3.4,-8.0,1.9,2.184399,0.8280395,0.0
2009-02-21,0.5,-4.6,5.8,2.1589987,0.8280395,0.0
2009-02-22,3.4,-1.1,7.8,2.1589987,0.8280395,0.0025399986
2009-02-23,2.6,0.5,5.1,2.1335988,0.8280395,0.0025399986
2009-02-24,-1.4,-2.6,1.5,2.1335988,0.8305796,0.020319989
2009-02-25,-3.2,-10.8,1.8,2.2351987,0.8508995,0.015239992
2009-02-26,-6.6,-11.1,-0.5,2.3875988,0.86613953,0.0101599945
2009-02-27,-8.0,-10.7,-4.0,2.4891987,0.8762995,0.007619996
2009-02-28,-1.4,-7.6,3.3,2.4891987,0.88391954,0.0050799972
2009-03-01,4.2,0.4,7.7,2.4383986,0.8889995,0.0025399986
2009-03-02,6.1,3.3,9.1,2.4129987,0.8915395,0.0
2009-03-03,0.5,-1.8,4.0,2.3621988,0.8915395,0.0
2009-03-04,-2.0,-5.0,1.4,2.3367987,0.8915395,0.0025399986
2009-03-05,-8.0,-18.4,-3.2,2.3367987,0.8940795,0.017779991
2009-03-06,-11.6,-20.9,-2.4,2.6923985,0.9118595,0.0
2009-03-07,-7.8,-11.5,-4.0,2.6669986,0.9118595,0.020319989
2009-03-08,-14.8,-23.9,-9.1,2.5907986,0.9321795,0.0025399986
2009-03-09,-17.4,-24.4,-7.0,2.6161985,0.9347195,0.0025399986
2009-03-10,-17.4,-22.0,-12.4,2.5653987,0.9372595,0.0
2009-03-11,-11.2,-16.2,-5.4,2.5653987,0.9372595,0.007619996
2009-03-12,-5.0,-11.3,-0.1,2.5653987,0.9448795,0.0025399986
2009-03-13,-0.6,-4.9,2.8,2.5145986,0.9448795,0.0
2009-03-14,0.5,-2.1,5.1,2.4891987,0.9448795,0.0
2009-03-15,-0.9,-3.3,1.3,2.4637988,0.9448795,0.0101599945
2009-03-16,-4.8,-5.8,-3.1,2.5399985,0.9550395,0.017779991
2009-03-17,-4.3,-5.7,-2.1,2.6161985,0.97281945,0.015239992
2009-03-18,-2.4,-5.0,0.0,2.7431986,0.98805946,0.0050799972
2009-03-19,1.5,-1.8,6.0,2.6669986,0.99313945,0.0050799972
2009-03-20,4.3,-0.1,8.9,2.6161985,0.99313945,0.0025399986
2009-03-21,5.2,1.5,12.8,2.5399985,0.99313945,0.0
2009-03-22,0.9,-4.6,6.3,2.5145986,0.99313945,0.0025399986
2009-03-23,-3.0,-6.0,1.8,2.5145986,0.99567944,0.0025399986
2009-03-24,-4.5,-7.5,-1.6,2.5399985,0.9982195,0.007619996
2009-03-25,-7.3,-15.2,1.1,2.5145986,1.0058395,0.007619996
2009-03-26,-10.1,-16.1,-0.7,2.6415985,1.0134594,0.0025399986
2009-03-27,-4.9,-9.1,-0.5,2.5907986,1.0159994,0.007619996
2009-03-28,-1.4,-3.0,2.5,2.5653987,1.0236194,0.020319989
2009-03-29,-5.6,-8.2,-2.5,2.6415985,1.0439395,0.0
2009-03-30,-6.0,-10.1,-1.4,2.5653987,1.0312394,0.017779991
2009-03-31,-4.4,-6.7,-0.7,2.7177985,1.0490195,0.015239992
2009-04-01,-4.7,-6.5,-0.9,2.7431986,1.0642594,0.007619996
2009-04-02,-2.9,-6.5,4.0,2.8193984,1.0718794,0.0025399986
2009-04-03,-3.4,-7.4,8.0,2.7685986,1.0744194,0.0
2009-04-04,-4.2,-7.0,1.5,2.7685986,1.0744194,0.0
2009-04-05,-0.3,-6.6,5.1,2.7431986,1.0744194,0.0
2009-04-06,4.4,0.6,8.6,2.6923985,1.0744194,0.0025399986
2009-04-07,5.9,1.5,11.7,2.6415985,1.0769594,0.007619996
2009-04-08,7.1,3.4,14.3,2.5907986,1.0845795,0.0
2009-04-09,3.0,0.8,6.2,2.5653987,1.0820394,0.0
2009-04-10,4.0,0.2,9.8,2.5399985,1.0794994,0.0
2009-04-11,4.1,-0.7,9.7,2.5145986,1.0769594,0.0
2009-04-12,2.0,-1.8,5.9,2.4637988,1.0769594,0.0
2009-04-13,0.0,-4.5,3.1,2.4383986,1.0718794,0.022859987
2009-04-14,-2.2,-6.3,3.9,2.4891987,1.0947394,0.0025399986
2009-04-15,-4.6,-6.1,-0.8,2.4637988,1.0921994,0.0025399986
2009-04-16,-1.6,-5.3,4.9,2.4637988,1.0947394,0.0025399986
2009-04-17,3.0,-3.7,8.4,2.4637988,1.0972794,0.0025399986
2009-04-18,3.1,0.1,6.9,2.4129987,1.0896595,0.0
2009-04-19,5.4,1.6,9.7,2.3875988,1.0871195,0.0
2009-04-20,8.2,4.3,13.2,2.3621988,1.0617194,0.0025399986
2009-04-21,10.6,6.5,15.2,2.3113987,1.0642594,0.0
2009-04-22,8.1,4.4,11.7,2.260599,1.0286994,0.0
2009-04-23,-3.8,-11.6,5.3,2.184399,1.0032995,0.015239992
2009-04-24,-3.7,-6.9,0.6,2.3113987,1.0185394,0.0025399986
2009-04-25,-1.2,-6.1,5.9,2.2859988,1.0210794,0.0050799972
2009-04-26,-2.0,-4.3,3.7,2.2351987,1.0210794,0.0025399986
2009-04-27,-3.2,-5.9,0.7,2.2351987,1.0236194,0.0025399986
2009-04-28,-4.0,-5.6,-2.3,2.2859988,1.0261594,0.0
2009-04-29,-5.2,-6.6,-1.6,2.260599,1.0159994,0.0050799972
2009-04-30,-3.0,-7.0,3.9,2.2351987,1.0083795,0.0050799972
2009-05-01,1.3,-4.9,8.1,2.2097988,0.9982195,0.017779991
2009-05-02,3.6,-1.5,8.8,2.184399,1.0159994,0.0025399986
2009-05-03,3.5,-0.5,10.2,2.1589987,1.0185394,0.0025399986
2009-05-04,2.5,-1.6,6.5,2.1335988,1.0210794,0.0050799972
2009-05-05,2.2,-0.6,8.5,2.082799,1.0261594,0.0101599945
2009-05-06,2.1,-1.2,5.6,2.1335988,1.0363195,0.0025399986
2009-05-07,-0.7,-3.0,2.9,2.108199,1.0363195,0.0101599945
2009-05-08,1.4,-2.1,7.3,2.2351987,1.0464795,0.007619996
2009-05-09,4.1,-2.1,10.2,2.1589987,1.0490195,0.0
2009-05-10,5.0,0.7,12.8,2.108199,1.0337794,0.0050799972
2009-05-11,4.7,2.3,8.9,2.082799,1.0388595,0.0
2009-05-12,-0.2,-4.6,3.8,2.082799,1.0363195,0.0
2009-05-13,0.5,-4.3,4.3,2.0573988,1.0134594,0.0
2009-05-14,1.7,-0.7,5.3,2.0573988,1.0134594,0.007619996
2009-05-15,3.4,-1.0,8.3,2.108199,1.0210794,0.0050799972
2009-05-16,7.6,2.2,12.6,2.0319989,1.0159994,0.0
2009-05-17,12.8,9.1,19.1,1.9811989,0.99313945,0.0
2009-05-18,15.1,10.2,19.8,1.904999,0.9804395,0.0
2009-05-19,8.9,0.7,14.5,1.803399,0.9753595,0.0
2009-05-20,1.8,-0.5,5.5,1.701799,0.9372595,0.0
2009-05-21,5.7,-0.5,11.5,1.701799,0.8991595,0.0
2009-05-22,7.3,2.7,13.9,1.6255991,0.86105955,0.0
2009-05-23,12.5,5.9,18.8,1.5747992,0.82295954,0.0
2009-05-24,7.6,4.9,10.9,1.4985992,0.7848596,0.0101599945
2009-05-25,9.4,5.3,16.5,1.4731992,0.7467596,0.0
2009-05-26,10.6,6.5,15.6,1.4223993,0.7061196,0.0
2009-05-27,10.0,5.2,15.5,1.3461993,0.66547966,0.0
2009-05-28,12.3,7.4,17.4,1.1937994,0.6172197,0.0
2009-05-29,14.6,10.0,19.3,1.1429994,0.5587997,0.0
2009-05-30,14.8,12.0,19.2,1.0667994,0.5079997,0.0
2009-05-31,13.8,10.0,18.4,0.9651995,0.45973974,0.0
2009-06-01,3.3,1.9,11.7,0.9143995,0.4165598,0.0
2009-06-02,4.9,2.4,7.5,0.86359954,0.41147977,0.0
2009-06-03,9.3,2.8,16.0,0.8127996,0.40893978,0.0
2009-06-04,12.5,7.6,17.1,0.7619996,0.37845978,0.0
2009-06-05,9.9,1.8,15.9,0.63499963,0.3403598,0.0
2009-06-06,0.2,-1.7,2.4,0.5587997,0.29463986,0.0050799972
2009-06-07,0.5,-2.6,6.8,0.5587997,0.29209983,0.0
2009-06-08,1.0,-1.3,6.6,0.5333997,0.28955984,0.0025399986
2009-06-09,3.9,-1.6,9.8,0.5587997,0.29209983,0.0
2009-06-10,6.8,1.9,12.6,0.5587997,0.28701985,0.0
2009-06-11,9.6,4.6,15.0,0.48259974,0.26669985,0.0
2009-06-12,12.9,7.5,18.6,0.43179977,0.23875988,0.0
2009-06-13,13.6,8.2,19.4,0.35559982,0.1930399,0.0
2009-06-14,12.0,8.2,18.0,0.27939984,0.14985992,0.0
2009-06-15,9.9,7.5,15.0,0.2031999,0.10413995,0.0101599945
2009-06-16,11.9,7.3,16.4,0.10159995,0.071119964,0.0
2009-06-17,11.3,7.4,15.1,0.050799973,0.035559982,0.0
2009-06-18,9.4,6.3,12.8,0.0,0.0,0.0
2009-06-19,9.1,6.6,13.7,0.0,0.0,0.0050799972
2009-06-20,8.2,5.3,13.0,0.0,0.0,0.0
2009-06-21,8.7,4.9,14.3,0.0,0.0,0.0
2009-06-22,3.3,1.5,6.3,0.0,0.0,0.0025399986
2009-06-23,8.2,2.1,13.7,0.0,0.0,0.0
2009-06-24,14.8,9.0,20.1,0.0,0.0,0.0
2009-06-25,15.3,9.3,18.4,0.0,0.0,0.0
2009-06-26,10.3,6.2,14.7,0.0,0.0,0.0
2009-06-27,10.9,4.6,15.7,0.0,0.0,0.0
2009-06-28,15.6,11.3,20.4,0.0,0.0,0.0
2009-06-29,15.6,10.4,20.4,0.0,0.0,0.0
2009-06-30,15.6,11.8,20.3,0.0,0.0,0.0
2009-07-01,12.6,6.3,19.3,0.0,0.0,0.0
2009-07-02,14.7,9.5,20.2,0.0,0.0,0.0
2009-07-03,13.8,10.4,17.7,0.0,0.0,0.0025399986
2009-07-04,16.1,9.7,22.3,0.0,0.0,0.0
2009-07-05,15.6,12.2,20.8,0.0,0.0,0.0
2009-07-06,13.4,8.4,20.0,0.0,0.0,0.0025399986
2009-07-07,10.2,6.3,15.1,0.0,0.0,0.0025399986
2009-07-08,7.2,4.3,11.2,0.0,0.0,0.0050799972
2009-07-09,9.1,4.5,14.4,0.0,0.0,0.0
2009-07-10,12.3,6.7,17.5,0.0,0.0,0.0
2009-07-11,16.7,11.6,22.8,0.0,0.0,0.0
2009-07-12,16.0,10.4,21.8,0.0,0.0,0.0
2009-07-13,9.4,5.7,14.3,0.0,0.0,0.0050799972
2009-07-14,9.2,6.1,13.6,0.0,0.0,0.0
2009-07-15,14.0,7.5,19.1,0.0,0.0,0.0
2009-07-16,16.9,12.7,21.8,0.0,0.0,0.0
2009-07-17,18.5,14.2,23.0,0.0,0.0,0.0
2009-07-18,19.7,15.0,24.8,0.0,0.0,0.0
2009-07-19,17.0,12.3,21.1,0.0,0.0,0.0
2009-07-20,14.2,8.6,20.1,0.0,0.0,0.0
2009-07-21,17.4,10.7,22.4,0.0,0.0,0.0
2009-07-22,19.2,14.5,24.1,0.0,0.0,0.0
2009-07-23,20.7,13.8,27.9,0.0,0.0,0.0
2009-07-24,17.5,13.7,21.6,0.0,0.0,0.0
2009-07-25,18.2,14.2,26.0,0.0,0.0,0.0
2009-07-26,16.4,10.2,23.0,0.0,0.0,0.0101599945
2009-07-27,12.4,10.0,16.8,0.0,0.0,0.0025399986
2009-07-28,11.7,8.1,18.3,0.0,0.0,0.0025399986
2009-07-29,9.6,6.2,14.7,0.0,0.0,0.0
2009-07-30,13.7,7.5,18.8,0.0,0.0,0.0
2009-07-31,12.6,7.7,18.0,0.0,0.0,0.0
2009-08-01,18.1,13.2,22.7,0.0,0.0,0.0
2009-08-02,18.5,11.9,23.4,0.0,0.0,0.0
2009-08-03,17.8,13.8,22.4,0.0,0.0,0.0
2009-08-04,16.0,8.7,23.6,0.0,0.0,0.0
2009-08-05,13.8,8.6,20.1,0.0,0.0,0.0
2009-08-06,12.1,8.9,15.8,0.0,0.0,0.0050799972
2009-08-07,7.8,5.6,9.7,0.0,0.0,0.015239992
2009-08-08,9.3,5.5,13.3,0.0,0.0,0.0
2009-08-09,11.5,7.4,16.2,0.0,0.0,0.0
2009-08-10,14.6,10.0,18.8,0.0,0.0,0.0
2009-08-11,17.5,13.2,22.2,0.0,0.0,0.0
2009-08-12,14.9,11.6,19.3,0.0,0.0,0.0
2009-08-13,10.2,7.1,14.0,0.0,0.0,0.0025399986
2009-08-14,8.0,4.2,12.7,0.0,0.0,0.0050799972
2009-08-15,5.3,2.9,8.9,0.0,0.0,0.0
2009-08-16,6.6,4.7,12.1,0.0,0.0,0.0
2009-08-17,10.0,4.4,14.2,0.0,0.0,0.0
2009-08-18,12.9,9.4,16.8,0.0,0.0,0.0
2009-08-19,14.4,9.6,21.2,0.0,0.0,0.0
2009-08-20,17.2,10.8,24.2,0.0,0.0,0.0
2009-08-21,20.7,15.6,26.1,0.0,0.0,0.0
2009-08-22,16.8,13.1,21.2,0.0,0.0,0.0
2009-08-23,15.8,11.1,19.5,0.0,0.0,0.0
2009-08-24,13.2,7.5,17.8,0.0,0.0,0.0
2009-08-25,16.9,12.1,21.6,0.0,0.0,0.0
2009-08-26,18.0,13.9,22.5,0.0,0.0,0.0
2009-08-27,17.4,13.6,23.3,0.0,0.0,0.0
2009-08-28,17.7,13.1,23.7,0.0,0.0,0.0
2009-08-29,16.3,13.4,20.3,0.0,0.0,0.0
2009-08-30,15.6,11.0,20.8,0.0,0.0,0.0
2009-08-31,14.7,10.7,20.9,0.0,0.0,0.0
2009-09-01,16.9,11.8,22.8,0.0,0.0,0.0
2009-09-02,19.0,14.7,23.4,0.0,0.0,0.0
2009-09-03,18.2,11.5,23.8,0.0,0.0,0.0
2009-09-04,14.5,10.0,19.2,0.0,0.0,0.0
2009-09-05,16.8,10.2,24.5,0.0,0.0,0.0
2009-09-06,12.5,6.1,16.6,0.0,0.0,0.0050799972
2009-09-07,6.3,3.2,10.9,0.0,0.0,0.0025399986
2009-09-08,6.8,2.3,11.0,0.0,0.0,0.0
2009-09-09,12.2,8.2,16.4,0.0,0.0,0.0
2009-09-10,11.4,7.2,17.3,0.0,0.0,0.0
2009-09-11,11.4,7.0,17.5,0.0,0.0,0.0
2009-09-12,13.7,8.4,20.7,0.0,0.0,0.0
2009-09-13,11.6,7.2,17.0,0.0,0.0,0.0
2009-09-14,15.0,9.4,19.5,0.0,0.0,0.0
2009-09-15,16.3,12.3,21.9,0.0,0.0,0.0
2009-09-16,18.7,13.1,24.8,0.0,0.0,0.0
2009-09-17,17.1,11.9,21.8,0.0,0.0,0.0
2009-09-18,16.6,9.6,22.2,0.0,0.0,0.0
2009-09-19,16.3,9.2,22.7,0.0,0.0,0.0
2009-09-20,4.5,1.9,9.4,0.0,0.0,0.0050799972
2009-09-21,7.7,2.0,12.1,0.0,0.0,0.0
2009-09-22,13.4,6.2,20.6,0.0,0.0,0.0
2009-09-23,19.1,13.0,25.2,0.0,0.0,0.0
2009-09-24,20.0,17.2,24.4,0.0,0.0,0.0
2009-09-25,16.5,11.7,21.1,0.0,0.0,0.0
2009-09-26,13.2,8.7,17.1,0.0,0.0,0.0
2009-09-27,5.7,-1.2,12.8,0.0,0.0,0.0
2009-09-28,11.3,2.3,19.6,0.0,0.0,0.0
2009-09-29,11.5,1.5,17.4,0.0,0.0,0.012699993
2009-09-30,0.3,-1.1,1.8,0.0,0.0,0.0050799972
2009-10-01,-0.3,-1.1,1.1,0.050799973,0.0050799972,0.0025399986
2009-10-02,2.0,-0.7,5.5,0.0,0.0,0.0025399986
2009-10-03,0.9,-2.4,5.6,0.0,0.0,0.0025399986
2009-10-04,-2.3,-3.4,-1.2,0.025399987,0.0025399986,0.007619996
2009-10-05,-2.2,-4.0,1.2,0.050799973,0.0050799972,0.0025399986
2009-10-06,1.8,-1.3,6.0,0.050799973,0.007619996,0.0025399986
2009-10-07,-4.2,-8.3,0.3,0.025399987,0.0025399986,0.007619996
2009-10-08,-5.3,-11.8,0.1,0.10159995,0.0101599945,0.0
2009-10-09,-13.4,-18.3,-6.9,0.10159995,0.007619996,0.0
2009-10-10,-13.8,-18.8,-5.8,0.10159995,0.007619996,0.0
2009-10-11,-13.5,-18.7,-9.3,0.10159995,0.0050799972,0.0050799972
2009-10-12,-7.4,-15.2,0.2,0.15239991,0.0101599945,0.0050799972
2009-10-13,-1.4,-6.6,6.5,0.10159995,0.015239992,0.0
2009-10-14,3.0,-2.3,7.0,0.076199956,0.015239992,0.007619996
2009-10-15,2.9,1.8,5.4,0.050799973,0.015239992,0.0
2009-10-16,6.7,2.3,10.6,0.025399987,0.0101599945,0.0
2009-10-17,11.9,8.2,15.0,0.0,0.0,0.0
2009-10-18,6.3,2.4,10.7,0.0,0.0,0.0
2009-10-19,2.2,-0.4,4.9,0.0,0.0,0.0050799972
2009-10-20,1.4,-0.6,5.6,0.025399987,0.0025399986,0.0025399986
2009-10-21,2.5,0.2,5.4,0.025399987,0.0050799972,0.0025399986
2009-10-22,2.4,0.5,5.5,0.025399987,0.0050799972,0.0025399986
2009-10-23,1.7,0.2,3.2,0.025399987,0.0025399986,0.0050799972
2009-10-24,-0.3,-3.2,2.4,0.025399987,0.007619996,0.012699993
2009-10-25,-1.2,-4.8,1.9,0.076199956,0.015239992,0.0050799972
2009-10-26,1.6,-3.0,5.8,0.10159995,0.020319989,0.0101599945
2009-10-27,-3.8,-4.8,-1.3,0.12699993,0.027939985,0.007619996
2009-10-28,-4.2,-6.7,1.3,0.2031999,0.033019982,0.0
2009-10-29,-5.1,-8.1,0.3,0.17779991,0.025399987,0.007619996
2009-10-30,2.5,0.2,4.0,0.15239991,0.033019982,0.0025399986
2009-10-31,2.9,0.8,4.4,0.12699993,0.035559982,0.022859987
2009-11-01,-0.9,-4.2,1.3,0.10159995,0.035559982,0.0
2009-11-02,-0.8,-5.9,4.5,0.10159995,0.033019982,0.0
2009-11-03,0.1,-1.7,3.7,0.10159995,0.033019982,0.0
2009-11-04,6.7,1.2,10.2,0.10159995,0.033019982,0.0050799972
2009-11-05,9.4,6.8,12.1,0.10159995,0.038099978,0.0
2009-11-06,1.0,-2.3,7.8,0.076199956,0.038099978,0.007619996
2009-11-07,-1.9,-2.8,0.2,0.15239991,0.045719974,0.0
2009-11-08,-2.2,-3.5,-0.5,0.15239991,0.043179978,0.0025399986
2009-11-09,1.8,-2.6,5.6,0.17779991,0.045719974,0.0
2009-11-10,1.1,-1.3,4.2,0.17779991,0.045719974,0.0
2009-11-11,-0.9,-3.1,1.1,0.17779991,0.045719974,0.0101599945
2009-11-12,-4.7,-7.8,-0.3,0.27939984,0.05587997,0.0025399986
2009-11-13,-7.0,-8.9,-5.1,0.25399986,0.05841997,0.0025399986
2009-11-14,-7.1,-9.1,-5.6,0.22859988,0.06095997,0.0
2009-11-15,-3.9,-9.4,0.1,0.2031999,0.06095997,0.0025399986
2009-11-16,2.5,-0.4,4.7,0.17779991,0.063499965,0.0
2009-11-17,6.0,2.6,9.9,0.17779991,0.063499965,0.0
2009-11-18,-2.1,-5.5,3.3,0.17779991,0.063499965,0.0
2009-11-19,-0.1,-4.0,2.8,0.17779991,0.063499965,0.0025399986
2009-11-20,3.4,-1.3,5.7,0.17779991,0.066039965,0.0
2009-11-21,-5.3,-8.1,-0.8,0.17779991,0.066039965,0.007619996
2009-11-22,-5.6,-8.1,-4.0,0.25399986,0.073659964,0.0050799972
2009-11-23,-4.8,-5.6,-1.9,0.27939984,0.078739956,0.015239992
2009-11-24,-1.9,-3.4,0.1,0.35559982,0.09397995,0.020319989
2009-11-25,2.8,-0.3,5.2,0.4063998,0.11429994,0.0
2009-11-26,4.5,3.2,6.4,0.4063998,0.11429994,0.0
2009-11-27,0.6,-3.6,3.8,0.4063998,0.11429994,0.0
2009-11-28,-4.1,-5.8,-2.4,0.4063998,0.11429994,0.0025399986
2009-11-29,-2.0,-4.1,1.0,0.4063998,0.11683994,0.007619996
2009-11-30,-0.3,-6.5,3.3,0.3809998,0.12445993,0.0025399986
2009-12-01,-9.5,-13.5,-5.1,0.4063998,0.12699993,0.007619996
2009-12-02,-12.6,-15.9,-6.6,0.5079997,0.13461992,0.0
2009-12-03,-11.6,-16.5,-5.0,0.48259974,0.13461992,0.0
2009-12-04,-7.0,-10.9,-3.5,0.48259974,0.13461992,0.0
2009-12-05,-14.4,-19.4,-10.3,0.48259974,0.13461992,0.0
2009-12-06,-23.8,-28.6,-19.3,0.48259974,0.13461992,0.0025399986
2009-12-07,-25.5,-28.3,-18.2,0.48259974,0.13715993,0.0050799972
2009-12-08,-23.0,-27.3,-14.7,0.5079997,0.14223993,0.012699993
2009-12-09,-20.6,-22.1,-19.0,0.5079997,0.15493992,0.033019982
2009-12-10,-15.0,-19.8,-11.1,0.63499963,0.1879599,0.020319989
2009-12-11,-7.9,-11.7,-5.4,0.6603996,0.2082799,0.0025399986
2009-12-12,-9.5,-19.0,-4.6,0.6603996,0.21081989,0.012699993
2009-12-13,-9.8,-18.8,-4.3,0.8127996,0.22351988,0.015239992
2009-12-14,-8.4,-11.1,-5.1,0.99059945,0.23875988,0.020319989
2009-12-15,-2.8,-5.9,-0.4,1.0921994,0.25907987,0.015239992
2009-12-16,-0.4,-1.3,1.1,1.0667994,0.27431986,0.015239992
2009-12-17,-1.6,-3.9,0.8,1.0921994,0.28955984,0.0101599945
2009-12-18,-2.3,-5.4,-0.6,1.1175994,0.29971984,0.045719974
2009-12-19,-0.1,-1.3,1.2,1.2445993,0.34543982,0.0101599945
2009-12-20,1.6,0.5,3.0,1.2191993,0.35559982,0.015239992
2009-12-21,0.8,-1.7,1.9,1.2445993,0.3708398,0.007619996
2009-12-22,-1.1,-4.8,5.9,1.3207992,0.37845978,0.0
2009-12-23,-10.9,-16.6,-4.5,1.3207992,0.37845978,0.0
2009-12-24,-10.8,-12.8,-7.8,1.3207992,0.37845978,0.0
2009-12-25,-8.1,-12.7,-1.6,1.2953993,0.37845978,0.0
2009-12-26,-3.5,-8.0,2.9,1.2953993,0.37845978,0.0
2009-12-27,-1.1,-4.8,6.7,1.2699993,0.37845978,0.0
2009-12-28,-4.3,-6.9,-2.2,1.2445993,0.37845978,0.0025399986
2009-12-29,-5.1,-6.8,-2.0,1.2445993,0.3809998,0.0
2009-12-30,-6.1,-7.1,-1.8,1.2191993,0.3809998,0.0050799972
2009-12-31,-5.4,-6.6,-4.5,1.1937994,0.3835398,0.022859987
2010-01-01,-1.1,-4.6,1.0,1.3969992,0.4063998,0.007619996
2010-01-02,-2.2,-3.4,-1.2,1.4477992,0.41147977,0.012699993
2010-01-03,-3.6,-5.4,-1.7,1.4477992,0.42417976,0.0050799972
2010-01-04,-1.7,-5.0,1.0,1.4223993,0.42925978,0.007619996
2010-01-05,-6.2,-16.5,1.7,1.4223993,0.42925978,0.007619996
2010-01-06,-16.4,-21.7,-9.4,1.5239992,0.43687975,0.0
2010-01-07,-7.7,-15.6,1.7,1.4985992,0.43687975,0.007619996
2010-01-08,2.4,-0.7,6.0,1.4731992,0.44449976,0.0101599945
2010-01-09,0.7,-0.5,2.9,1.4731992,0.45465976,0.007619996
2010-01-10,1.5,-2.2,5.4,1.4985992,0.46227974,0.0
2010-01-11,4.2,1.7,5.9,1.4477992,0.46227974,0.0025399986
2010-01-12,3.7,1.0,6.5,1.4477992,0.46481976,0.0
2010-01-13,1.4,-1.2,6.0,1.4477992,0.46481976,0.007619996
2010-01-14,-1.9,-2.7,0.3,1.4731992,0.47243974,0.012699993
2010-01-15,1.1,-2.3,3.4,1.4985992,0.48513973,0.020319989
2010-01-16,0.0,-1.1,1.0,1.5239992,0.5054597,0.022859987
2010-01-17,1.4,-1.5,3.9,1.6255991,0.5283197,0.0025399986
2010-01-18,0.7,-1.7,4.3,1.6001991,0.5308597,0.0
2010-01-19,-0.9,-2.3,1.0,1.6001991,0.5308597,0.0025399986
2010-01-20,-1.9,-5.0,4.3,1.6001991,0.5308597,0.0
2010-01-21,-2.4,-4.8,1.8,1.5747992,0.5308597,0.0
2010-01-22,-6.5,-10.1,-3.0,1.5493991,0.5308597,0.0025399986
2010-01-23,-9.9,-12.7,-5.8,1.6001991,0.5333997,0.0050799972
2010-01-24,-6.3,-9.6,-0.6,1.6509991,0.5384797,0.0
2010-01-25,-4.5,-9.2,-1.5,1.6509991,0.5384797,0.0050799972
2010-01-26,-4.2,-6.8,-1.5,1.6255991,0.5410197,0.0
2010-01-27,-4.4,-7.7,1.5,1.6255991,0.5410197,0.0
2010-01-28,-2.3,-6.5,1.5,1.6001991,0.5410197,0.0025399986
2010-01-29,-0.2,-3.7,6.7,1.5747992,0.54355973,0.0
2010-01-30,-3.0,-7.0,0.9,1.5747992,0.54355973,0.0
2010-01-31,-5.1,-7.7,-0.6,1.5493991,0.54355973,0.0
2010-02-01,-3.3,-4.5,0.8,1.5493991,0.54355973,0.0025399986
2010-02-02,-3.2,-4.6,-1.3,1.5493991,0.54355973,0.0050799972
2010-02-03,-2.3,-5.2,1.8,1.5747992,0.5486397,0.0
2010-02-04,-2.3,-4.8,3.3,1.5493991,0.5486397,0.0
2010-02-05,-2.1,-4.4,0.2,1.5493991,0.5486397,0.0025399986
2010-02-06,-0.9,-2.6,2.8,1.5493991,0.5511797,0.0
2010-02-07,-2.1,-6.2,4.0,1.5493991,0.5511797,0.0
2010-02-08,-4.5,-10.1,2.4,1.5493991,0.5511797,0.0
2010-02-09,-7.3,-10.6,-4.3,1.5239992,0.5511797,0.0025399986
2010-02-10,-5.3,-6.8,-2.8,1.5239992,0.5537197,0.0101599945
2010-02-11,-3.2,-5.3,-0.5,1.5493991,0.56387967,0.0025399986
2010-02-12,-0.5,-1.5,1.3,1.5493991,0.5664197,0.0025399986
2010-02-13,-1.5,-4.7,1.9,1.5493991,0.5689597,0.0
2010-02-14,-0.9,-5.3,5.9,1.5493991,0.5689597,0.0025399986
2010-02-15,0.0,-2.5,4.7,1.5747992,0.5714997,0.0
2010-02-16,-0.4,-1.8,2.4,1.5747992,0.5714997,0.007619996
2010-02-17,-2.6,-7.1,5.3,1.6509991,0.5791197,0.0025399986
2010-02-18,-6.3,-8.8,-0.5,1.6255991,0.5816597,0.0025399986
2010-02-19,-8.4,-11.9,-3.6,1.6001991,0.5816597,0.0050799972
2010-02-20,-10.4,-13.8,-6.1,1.6509991,0.58673966,0.0
2010-02-21,-8.0,-13.1,-1.6,1.6255991,0.58673966,0.0
2010-02-22,-3.5,-8.9,3.5,1.6255991,0.58673966,0.0
2010-02-23,-0.4,-4.3,2.8,1.6001991,0.58673966,0.012699993
2010-02-24,-1.3,-2.4,0.7,1.6001991,0.5994397,0.0
2010-02-25,-2.2,-3.7,1.3,1.6001991,0.5968997,0.0050799972
2010-02-26,-0.7,-5.1,5.0,1.6255991,0.6019797,0.0025399986
2010-02-27,1.6,-2.2,7.2,1.6255991,0.60451967,0.0
2010-02-28,1.7,-1.7,8.2,1.6255991,0.60451967,0.0
2010-03-01,2.1,-2.7,7.0,1.6001991,0.60451967,0.0
2010-03-02,2.4,0.6,4.8,1.6001991,0.60451967,0.0025399986
2010-03-03,2.7,-0.2,7.2,1.6001991,0.60451967,0.0
2010-03-04,1.5,-2.2,7.7,1.5747992,0.60451967,0.0
2010-03-05,2.0,-1.8,8.0,1.5747992,0.60451967,0.0
2010-03-06,2.4,-2.3,7.3,1.5747992,0.60451967,0.0
2010-03-07,2.3,-0.2,5.4,1.5747992,0.60451967,0.0
2010-03-08,1.4,-1.8,5.5,1.5493991,0.60451967,0.0025399986
2010-03-09,-4.1,-6.7,1.8,1.5747992,0.60705966,0.0025399986
2010-03-10,-7.0,-8.9,-3.3,1.6255991,0.60959965,0.0
2010-03-11,-3.8,-8.2,-0.4,1.6255991,0.60959965,0.015239992
2010-03-12,2.3,-1.5,7.4,1.701799,0.62483966,0.0
2010-03-13,-0.3,-3.3,2.9,1.6763991,0.62483966,0.0
2010-03-14,0.8,-4.2,8.9,1.6763991,0.62483966,0.0025399986
2010-03-15,4.6,-0.7,11.0,1.6509991,0.62483966,0.0
2010-03-16,7.3,4.1,11.8,1.6509991,0.62483966,0.0
2010-03-17,1.9,-3.5,6.3,1.6255991,0.62483966,0.0
2010-03-18,-2.4,-7.1,3.9,1.6001991,0.62483966,0.0
2010-03-19,-4.0,-9.7,3.1,1.6001991,0.6222997,0.0
2010-03-20,0.9,-4.1,5.6,1.6001991,0.6222997,0.0025399986
2010-03-21,2.5,-0.6,6.1,1.6001991,0.62483966,0.0
2010-03-22,-0.9,-3.5,2.6,1.6001991,0.6222997,0.007619996
2010-03-23,-1.2,-4.0,4.2,1.5747992,0.62991965,0.0025399986
2010-03-24,1.5,-4.1,10.2,1.6001991,0.63245964,0.0
2010-03-25,1.5,-2.1,7.5,1.6001991,0.63245964,0.0
2010-03-26,-1.2,-3.1,3.4,1.6001991,0.62483966,0.0025399986
2010-03-27,0.5,-2.7,4.1,1.6001991,0.62737966,0.0
2010-03-28,3.3,0.6,6.5,1.6001991,0.62737966,0.0
2010-03-29,1.5,-1.6,4.0,1.5747992,0.62737966,0.043179978
2010-03-30,-2.7,-4.7,0.2,1.854199,0.67055964,0.0025399986
2010-03-31,-3.9,-7.6,1.5,1.854199,0.67309964,0.0025399986
2010-04-01,-3.2,-9.2,4.0,1.854199,0.6756396,0.0025399986
2010-04-02,-2.9,-6.8,2.6,1.828799,0.6756396,0.0050799972
2010-04-03,-5.1,-7.3,-1.6,1.828799,0.6807196,0.0050799972
2010-04-04,-3.4,-7.9,2.4,1.904999,0.68579966,0.0025399986
2010-04-05,-0.6,-5.3,5.4,1.904999,0.68833965,0.0
2010-04-06,-3.3,-4.8,0.6,1.879599,0.68833965,0.007619996
2010-04-07,-2.0,-5.1,1.6,1.904999,0.6959596,0.022859987
2010-04-08,-2.4,-8.7,4.8,1.930399,0.7188196,0.012699993
2010-04-09,-6.4,-9.6,-0.4,2.0319989,0.7315196,0.015239992
2010-04-10,-0.9,-7.0,7.7,2.0319989,0.7467596,0.0050799972
2010-04-11,-2.8,-5.6,1.5,2.006599,0.7518396,0.0101599945
2010-04-12,-1.7,-3.7,4.2,2.0573988,0.7619996,0.0025399986
2010-04-13,-1.6,-3.8,0.3,2.0573988,0.7645396,0.012699993
2010-04-14,0.9,-0.9,3.7,2.1589987,0.77723956,0.015239992
2010-04-15,3.9,-1.0,9.9,2.2097988,0.7924796,0.0050799972
2010-04-16,9.4,1.5,18.7,2.1589987,0.79755956,0.0
2010-04-17,8.4,5.3,12.9,2.0573988,0.7924796,0.0
2010-04-18,7.4,4.9,11.0,1.9811989,0.77977955,0.0
2010-04-19,10.0,4.4,17.5,1.904999,0.7721596,0.0
2010-04-20,10.5,5.8,16.5,1.828799,0.7619996,0.0
2010-04-21,10.5,7.1,15.3,1.752599,0.7543796,0.0
2010-04-22,8.1,1.6,16.7,1.701799,0.7391396,0.0
2010-04-23,2.6,-0.7,6.9,1.6255991,0.71373963,0.0
2010-04-24,0.6,-3.2,4.2,1.5747992,0.6832596,0.0025399986
2010-04-25,-0.8,-3.9,6.4,1.5747992,0.66801965,0.0
2010-04-26,3.4,-4.3,9.2,1.5747992,0.66801965,0.0025399986
2010-04-27,5.4,1.3,10.1,1.5493991,0.66801965,0.007619996
2010-04-28,-1.7,-2.9,2.0,1.4985992,0.6756396,0.012699993
2010-04-29,-1.2,-3.1,2.8,1.6763991,0.68833965,0.015239992
2010-04-30,0.4,-3.4,6.3,1.7271991,0.6984996,0.0050799972
2010-05-01,0.0,-1.3,4.6,1.701799,0.7010396,0.0
2010-05-02,0.1,-1.7,4.9,1.6763991,0.7010396,0.007619996
2010-05-03,-0.6,-5.1,5.4,1.6763991,0.7086596,0.033019982
2010-05-04,-4.3,-6.2,-1.6,1.828799,0.7416796,0.0101599945
2010-05-05,-4.6,-6.9,1.0,1.879599,0.7518396,0.0025399986
2010-05-06,-4.4,-7.6,3.6,1.828799,0.7492996,0.0050799972
2010-05-07,-1.7,-7.6,6.6,1.777999,0.7518396,0.0025399986
2010-05-08,1.1,-4.3,10.2,1.777999,0.7543796,0.0025399986
2010-05-09,1.2,-1.7,6.6,1.777999,0.75691956,0.0025399986
2010-05-10,2.9,-1.3,7.9,1.752599,0.75691956,0.0
2010-05-11,0.8,-0.8,5.1,1.6763991,0.7492996,0.0025399986
2010-05-12,2.5,-1.1,8.3,1.6509991,0.7442196,0.0
2010-05-13,6.8,0.2,14.3,1.6255991,0.7391396,0.0
2010-05-14,9.5,5.3,13.9,1.5493991,0.7289796,0.0
2010-05-15,10.3,7.5,15.1,1.4477992,0.69087964,0.0
2010-05-16,12.3,7.7,18.5,1.3715993,0.6578596,0.0
2010-05-17,14.5,9.0,21.0,1.2699993,0.6197597,0.0
2010-05-18,11.3,6.0,16.6,1.1683993,0.5740397,0.0025399986
2010-05-19,7.4,3.6,11.5,1.0667994,0.52323973,0.0
2010-05-20,1.5,-2.8,8.7,0.9651995,0.46735975,0.0
2010-05-21,1.4,-3.8,7.3,0.9651995,0.45719975,0.0025399986
2010-05-22,1.2,-1.1,6.8,0.9143995,0.43941978,0.0025399986
2010-05-23,2.2,-1.8,7.2,0.86359954,0.43433976,0.0025399986
2010-05-24,1.4,-0.2,4.2,0.83819956,0.4165598,0.0025399986
2010-05-25,4.8,0.4,10.2,0.86359954,0.41909978,0.0
2010-05-26,7.8,3.9,12.4,0.7873996,0.40131977,0.0
2010-05-27,4.5,1.5,6.6,0.7365996,0.3632198,0.017779991
2010-05-28,1.2,-0.1,3.2,0.71119964,0.35559982,0.012699993
2010-05-29,2.0,-0.7,5.0,0.71119964,0.3606798,0.0050799972
2010-05-30,3.6,1.4,6.8,0.7365996,0.3657598,0.007619996
2010-05-31,5.3,1.9,9.3,0.7619996,0.3708398,0.012699993
2010-06-01,6.0,2.2,11.9,0.71119964,0.35559982,0.012699993
2010-06-02,6.3,4.1,8.1,0.60959965,0.31495982,0.012699993
2010-06-03,5.5,3.0,8.8,0.5587997,0.27431986,0.0025399986
2010-06-04,5.4,3.6,7.4,0.45719975,0.23367988,0.022859987
2010-06-05,6.3,3.3,10.0,0.4063998,0.2082799,0.0025399986
2010-06-06,9.1,5.3,14.1,0.27939984,0.15493992,0.007619996
2010-06-07,6.5,3.6,10.4,0.2031999,0.11937994,0.0025399986
2010-06-08,8.1,3.6,12.6,0.15239991,0.073659964,0.0
2010-06-09,7.4,3.5,9.8,0.10159995,0.035559982,0.0050799972
2010-06-10,4.6,1.0,9.0,0.076199956,0.022859987,0.012699993
2010-06-11,3.4,0.8,6.3,0.050799973,0.017779991,0.0050799972
2010-06-12,6.6,1.6,11.7,0.050799973,0.0101599945,0.0
2010-06-13,11.7,3.3,17.5,0.0,0.0,0.0
2010-06-14,13.2,7.7,17.2,0.0,0.0,0.0
2010-06-15,8.6,5.6,14.0,0.0,0.0,0.0
2010-06-16,5.8,4.1,8.2,0.0,0.0,0.025399987
2010-06-17,1.5,0.5,4.2,0.0,0.0,0.012699993
2010-06-18,5.8,1.2,11.5,0.025399987,0.0050799972,0.0
2010-06-19,10.8,5.8,18.0,0.0,0.0,0.0
2010-06-20,9.9,6.7,15.4,0.0,0.0,0.0050799972
2010-06-21,6.5,4.8,9.0,0.0,0.0,0.0050799972
2010-06-22,8.6,4.6,13.3,0.0,0.0,0.0025399986
2010-06-23,13.2,7.8,17.8,0.0,0.0,0.0
2010-06-24,14.6,10.8,18.8,0.0,0.0,0.0
2010-06-25,13.0,9.4,18.5,0.0,0.0,0.0
2010-06-26,12.0,8.0,16.1,0.0,0.0,0.0
2010-06-27,13.4,7.8,17.9,0.0,0.0,0.0
2010-06-28,17.4,10.9,23.0,0.0,0.0,0.0
2010-06-29,17.2,9.9,24.1,0.0,0.0,0.012699993
2010-06-30,11.9,8.4,16.0,0.0,0.0,0.0050799972
2010-07-01,14.5,10.0,20.3,0.0,0.0,0.0
2010-07-02,9.2,5.3,13.9,0.0,0.0,0.0025399986
2010-07-03,6.2,4.1,9.2,0.0,0.0,0.0050799972
2010-07-04,8.0,4.9,12.3,0.0,0.0,0.0025399986
2010-07-05,5.7,3.4,9.7,0.0,0.0,0.0
2010-07-06,7.2,3.4,11.9,0.0,0.0,0.0
2010-07-07,12.3,7.0,18.6,0.0,0.0,0.0
2010-07-08,15.9,10.1,21.3,0.0,0.0,0.0
2010-07-09,18.7,13.8,23.2,0.0,0.0,0.0
2010-07-10,16.1,9.8,21.9,0.0,0.0,0.0
2010-07-11,13.9,8.8,19.9,0.0,0.0,0.0
2010-07-12,13.9,8.1,18.4,0.0,0.0,0.0
2010-07-13,6.3,4.4,9.2,0.0,0.0,0.0
2010-07-14,10.6,4.3,15.9,0.0,0.0,0.0
2010-07-15,15.0,10.0,19.7,0.0,0.0,0.0
2010-07-16,18.2,13.7,23.2,0.0,0.0,0.0
2010-07-17,16.5,11.8,21.4,0.0,0.0,0.0
2010-07-18,15.8,10.1,21.2,0.0,0.0,0.0
2010-07-19,13.2,6.7,18.3,0.0,0.0,0.0
2010-07-20,12.1,5.3,18.3,0.0,0.0,0.0
2010-07-21,12.0,8.2,17.8,0.0,0.0,0.0
2010-07-22,13.3,8.0,19.0,0.0,0.0,0.0025399986
2010-07-23,11.9,7.8,17.7,0.0,0.0,0.0025399986
2010-07-24,16.0,10.0,21.6,0.0,0.0,0.0
2010-07-25,19.2,14.6,23.7,0.0,0.0,0.0
2010-07-26,18.7,15.2,21.6,0.0,0.0,0.0
2010-07-27,11.6,9.7,17.9,0.0,0.0,0.0
2010-07-28,16.9,11.1,23.9,0.0,0.0,0.0
2010-07-29,16.6,13.2,20.8,0.0,0.0,0.0
2010-07-30,18.5,13.1,25.0,0.0,0.0,0.0
2010-07-31,15.1,9.4,23.9,0.0,0.0,0.012699993
2010-08-01,14.2,10.7,18.4,0.0,0.0,0.0
2010-08-02,14.2,9.3,19.0,0.0,0.0,0.0
2010-08-03,12.6,8.8,17.0,0.0,0.0,0.0
2010-08-04,10.9,8.2,16.1,0.0,0.0,0.0
2010-08-05,15.7,9.4,22.3,0.0,0.0,0.0
2010-08-06,16.3,13.1,21.4,0.0,0.0,0.0
2010-08-07,15.5,11.9,20.0,0.0,0.0,0.0
2010-08-08,14.6,10.3,19.0,0.0,0.0,0.0
2010-08-09,13.7,10.3,20.8,0.0,0.0,0.007619996
2010-08-10,12.5,8.5,16.2,0.0,0.0,0.0
2010-08-11,12.2,8.1,18.0,0.0,0.0,0.0101599945
2010-08-12,10.5,6.9,14.7,0.0,0.0,0.015239992
2010-08-13,7.5,5.1,12.0,0.0,0.0,0.015239992
2010-08-14,8.8,6.9,12.8,0.0,0.0,0.0
2010-08-15,12.4,7.0,18.2,0.0,0.0,0.0
2010-08-16,15.6,10.0,21.4,0.0,0.0,0.0
2010-08-17,17.1,13.5,21.6,0.0,0.0,0.0
2010-08-18,17.5,13.3,24.1,0.0,0.0,0.0
2010-08-19,15.2,11.8,19.5,0.0,0.0,0.0
2010-08-20,15.0,11.0,19.1,0.0,0.0,0.0
2010-08-21,18.4,13.7,23.8,0.0,0.0,0.0
2010-08-22,13.0,6.4,17.4,0.0,0.0,0.0
2010-08-23,8.1,5.0,11.9,0.0,0.0,0.0
2010-08-24,13.2,5.8,18.9,0.0,0.0,0.0
2010-08-25,18.5,13.3,22.5,0.0,0.0,0.0
2010-08-26,20.3,12.0,26.3,0.0,0.0,0.0
2010-08-27,8.9,5.8,12.4,0.0,0.0,0.0
2010-08-28,8.2,5.0,12.4,0.0,0.0,0.0
2010-08-29,4.5,3.2,6.1,0.0,0.0,0.0050799972
2010-08-30,4.7,2.4,8.0,0.0,0.0,0.0050799972
2010-08-31,4.9,3.1,6.3,0.0,0.0,0.0
2010-09-01,4.6,2.3,8.1,0.0,0.0,0.017779991
2010-09-02,8.1,1.8,13.6,0.0,0.0,0.0
2010-09-03,14.2,8.5,18.0,0.0,0.0,0.0
2010-09-04,13.6,9.0,17.8,0.0,0.0,0.0
2010-09-05,4.9,1.4,9.2,0.0,0.0,0.0
2010-09-06,4.6,1.3,8.8,0.0,0.0,0.0
2010-09-07,9.0,3.9,14.3,0.0,0.0,0.0
2010-09-08,9.6,5.9,15.1,0.0,0.0,0.0
2010-09-09,5.1,2.2,6.8,0.0,0.0,0.043179978
2010-09-10,4.6,3.4,7.2,0.0,0.0,0.0
2010-09-11,8.2,3.8,12.1,0.0,0.0,0.0
2010-09-12,11.4,6.2,15.6,0.0,0.0,0.0
2010-09-13,12.2,7.7,17.3,0.0,0.0,0.0
2010-09-14,10.2,5.6,15.9,0.0,0.0,0.0
2010-09-15,10.7,4.9,14.7,0.0,0.0,0.0
2010-09-16,8.1,3.6,12.2,0.0,0.0,0.007619996
2010-09-17,0.9,-0.4,4.2,0.0,0.0,0.0101599945
2010-09-18,8.0,1.4,13.3,0.0,0.0,0.0
2010-09-19,12.1,7.0,17.7,0.0,0.0,0.0
2010-09-20,5.3,3.8,7.2,0.0,0.0,0.0101599945
2010-09-21,6.2,3.0,10.4,0.0,0.0,0.0025399986
2010-09-22,3.7,0.5,7.3,0.0,0.0,0.0
2010-09-23,6.8,4.0,9.5,0.0,0.0,0.0025399986
2010-09-24,6.7,3.6,9.6,0.0,0.0,0.0
2010-09-25,14.2,9.4,18.8,0.0,0.0,0.0
2010-09-26,14.6,10.9,17.4,0.0,0.0,0.0
2010-09-27,14.5,11.1,18.1,0.0,0.0,0.0
2010-09-28,14.8,10.5,19.3,0.0,0.0,0.0
2010-09-29,12.2,8.5,17.3,0.0,0.0,0.0
2010-09-30,12.8,7.0,20.1,0.0,0.0,0.0
2010-10-01,12.6,6.8,18.0,0.0,0.0,0.0
2010-10-02,16.9,13.1,19.7,0.0,0.0,0.0
2010-10-03,18.4,12.3,23.6,0.0,0.0,0.0
2010-10-04,11.0,7.2,14.6,0.0,0.0,0.0025399986
2010-10-05,6.6,5.4,7.6,0.0,0.0,0.0050799972
2010-10-06,11.7,6.3,17.3,0.0,0.0,0.0
2010-10-07,10.9,7.6,14.7,0.0,0.0,0.0
2010-10-08,6.6,5.3,8.5,0.0,0.0,0.0
2010-10-09,8.0,4.4,11.3,0.0,0.0,0.0
2010-10-10,9.0,7.1,11.4,0.0,0.0,0.0
2010-10-11,2.4,-0.7,7.2,0.0,0.0,0.0025399986
2010-10-12,3.7,-0.5,7.6,0.0,0.0,0.0
2010-10-13,9.9,5.3,14.1,0.0,0.0,0.0
2010-10-14,12.1,9.3,15.2,0.0,0.0,0.0
2010-10-15,5.3,-1.1,9.7,0.0,0.0,0.0
2010-10-16,4.1,-1.5,8.4,0.0,0.0,0.0
2010-10-17,4.5,2.2,7.7,0.0,0.0,0.0
2010-10-18,3.8,1.1,7.0,0.0,0.0,0.0
2010-10-19,6.4,2.1,9.9,0.0,0.0,0.0
2010-10-20,10.7,3.5,14.2,0.0,0.0,0.0
2010-10-21,11.2,9.2,14.2,0.0,0.0,0.0
2010-10-22,9.4,6.2,13.6,0.0,0.0,0.0
2010-10-23,5.1,2.0,8.2,0.0,0.0,0.0050799972
2010-10-24,1.4,-1.5,2.8,0.0,0.0,0.0101599945
2010-10-25,-1.4,-2.2,1.1,0.076199956,0.0101599945,0.007619996
2010-10-26,-2.8,-3.6,-1.8,0.076199956,0.012699993,0.0050799972
2010-10-27,-1.8,-3.3,0.0,0.10159995,0.015239992,0.0025399986
2010-10-28,3.1,-1.4,6.5,0.10159995,0.015239992,0.0
2010-10-29,2.4,0.3,5.2,0.050799973,0.015239992,0.007619996
2010-10-30,3.8,0.2,7.5,0.10159995,0.020319989,0.0
2010-10-31,2.3,0.0,4.1,0.10159995,0.020319989,0.0
2010-11-01,3.7,0.6,6.6,0.10159995,0.020319989,0.0025399986
2010-11-02,4.3,0.8,6.8,0.10159995,0.022859987,0.0050799972
2010-11-03,5.3,-0.2,10.5,0.050799973,0.0101599945,0.0
2010-11-04,9.8,5.2,12.8,0.025399987,0.007619996,0.0
2010-11-05,10.6,7.0,13.5,0.0,0.0,0.0
2010-11-06,8.3,5.9,10.9,0.0,0.0,0.0
2010-11-07,6.6,1.5,10.1,0.0,0.0,0.0050799972
2010-11-08,-1.1,-4.1,1.9,0.0,0.0,0.0050799972
2010-11-09,-4.6,-7.0,-1.9,0.050799973,0.0050799972,0.0
2010-11-10,-5.0,-7.0,-2.7,0.050799973,0.0050799972,0.0
2010-11-11,-4.5,-6.8,-2.2,0.0,0.0,0.007619996
2010-11-12,-2.7,-4.8,1.2,0.050799973,0.007619996,0.0025399986
2010-11-13,-4.2,-5.4,-1.2,0.050799973,0.007619996,0.0025399986
2010-11-14,-0.7,-3.5,2.9,0.050799973,0.0101599945,0.0025399986
2010-11-15,0.0,-0.8,1.5,0.050799973,0.012699993,0.012699993
2010-11-16,-5.2,-10.9,1.0,0.10159995,0.025399987,0.030479984
2010-11-17,-1.9,-9.8,0.4,0.48259974,0.05333997,0.012699993
2010-11-18,-3.0,-8.7,2.6,0.43179977,0.063499965,0.0050799972
2010-11-19,-7.2,-9.1,-2.3,0.43179977,0.063499965,0.0025399986
2010-11-20,-17.0,-22.6,-8.0,0.4063998,0.066039965,0.0025399986
2010-11-21,-10.7,-20.5,-1.0,0.48259974,0.068579964,0.0
2010-11-22,-21.2,-25.7,-17.4,0.45719975,0.068579964,0.007619996
2010-11-23,-25.4,-28.3,-21.4,0.5587997,0.076199956,0.0101599945
2010-11-24,-22.1,-23.8,-19.3,0.5333997,0.081279956,0.038099978
2010-11-25,-12.5,-19.5,-6.3,0.60959965,0.11937994,0.1752599
2010-11-26,-3.5,-7.0,-1.3,0.9143995,0.29463986,0.0
2010-11-27,-2.7,-4.7,-1.3,0.9143995,0.29463986,0.0
2010-11-28,-6.7,-9.2,-4.2,0.9143995,0.29463986,0.0050799972
2010-11-29,-10.2,-11.2,-7.8,1.0413995,0.29971984,0.0025399986
2010-11-30,-5.1,-8.7,-2.3,1.0667994,0.30225983,0.020319989
2010-12-01,-2.2,-3.2,-0.9,1.0667994,0.32257983,0.0050799972
2010-12-02,-1.8,-3.1,-0.4,1.0667994,0.32765982,0.012699993
2010-12-03,-6.8,-10.5,-2.8,1.1429994,0.3403598,0.0
2010-12-04,-6.6,-10.6,1.1,1.1175994,0.3403598,0.0
2010-12-05,-1.2,-7.6,5.0,1.0921994,0.3403598,0.0
2010-12-06,0.6,-4.3,5.8,1.0667994,0.3403598,0.0
2010-12-07,-0.4,-4.5,4.8,1.0413995,0.3403598,0.0
2010-12-08,0.6,-1.7,3.5,1.0159994,0.3403598,0.0050799972
2010-12-09,-1.5,-2.4,-0.9,1.0667994,0.34543982,0.020319989
2010-12-10,-3.6,-5.4,-1.1,1.1429994,0.3657598,0.022859987
2010-12-11,-5.1,-6.1,-3.5,1.2953993,0.38861978,0.0050799972
2010-12-12,1.2,-4.5,3.4,1.2953993,0.3911598,0.030479984
2010-12-13,1.3,0.4,2.4,1.3461993,0.42163977,0.015239992
2010-12-14,-1.3,-6.1,3.0,1.3461993,0.43687975,0.017779991
2010-12-15,-6.5,-7.4,-5.5,1.4223993,0.45465976,0.015239992
2010-12-16,-7.7,-10.4,-4.0,1.5493991,0.46989974,0.0
2010-12-17,-10.7,-17.3,-4.4,1.4731992,0.46989974,0.0
2010-12-18,-11.3,-18.0,-4.9,1.4477992,0.46989974,0.0050799972
2010-12-19,-6.1,-9.4,-3.5,1.4731992,0.47497976,0.0050799972
2010-12-20,-6.0,-13.7,-3.5,1.4985992,0.48005974,0.007619996
2010-12-21,-3.9,-7.1,-0.6,1.5493991,0.48767975,0.0025399986
2010-12-22,-1.9,-4.5,2.5,1.5239992,0.48767975,0.0025399986
2010-12-23,-1.9,-4.3,0.6,1.4223993,0.49021974,0.0
2010-12-24,1.8,-4.3,6.2,1.4477992,0.49021974,0.0050799972
2010-12-25,4.7,1.5,7.5,1.4477992,0.49529973,0.0025399986
2010-12-26,0.1,-6.7,5.8,1.3969992,0.49783972,0.0050799972
2010-12-27,-6.5,-7.2,-5.3,1.4223993,0.50291973,0.027939985
2010-12-28,-3.1,-5.7,-1.7,1.6001991,0.5308597,0.043179978
2010-12-29,-11.3,-18.4,-3.3,1.854199,0.5740397,0.015239992
2010-12-30,-19.7,-21.6,-16.4,2.082799,0.5892797,0.0
2010-12-31,-17.0,-20.6,-10.0,2.0319989,0.5892797,0.0025399986
2011-01-01,-13.4,-18.7,-9.8,1.9811989,0.5918197,0.048259974
2011-01-02,-10.0,-11.9,-7.1,2.0573988,0.6400797,0.022859987
2011-01-03,-9.2,-12.8,-4.7,2.006599,0.66293967,0.0
2011-01-04,-7.4,-9.3,-5.1,1.9811989,0.66293967,0.0050799972
2011-01-05,-4.7,-6.3,-2.2,1.930399,0.66293967,0.0050799972
2011-01-06,-0.1,-3.0,1.9,1.955799,0.66801965,0.0
2011-01-07,0.4,-1.2,2.5,1.904999,0.66547966,0.017779991
2011-01-08,-7.9,-15.7,-0.8,1.9811989,0.6832596,0.007619996
2011-01-09,-18.8,-23.7,-11.5,2.0319989,0.69087964,0.0025399986
2011-01-10,-19.7,-24.0,-12.1,2.0573988,0.69341964,0.0
2011-01-11,-12.0,-19.3,-7.5,2.006599,0.69341964,0.0
2011-01-12,-3.5,-8.4,-0.7,1.9811989,0.69341964,0.033019982
2011-01-13,0.3,-1.1,1.1,2.082799,0.7264396,0.035559982
2011-01-14,0.7,0.0,1.7,2.2097988,0.7619996,0.030479984
2011-01-15,-0.1,-1.0,1.6,2.3113987,0.7924796,0.027939985
2011-01-16,1.2,-1.3,2.7,2.3875988,0.82041955,0.040639978
2011-01-17,-0.1,-2.1,1.4,2.4383986,0.86105955,0.050799973
2011-01-18,-4.2,-7.2,-1.9,2.5907986,0.8889995,0.007619996
2011-01-19,-8.3,-10.6,-3.5,2.5399985,0.8966195,0.0025399986
2011-01-20,-7.5,-11.3,-4.0,2.5653987,0.8991595,0.0050799972
2011-01-21,-2.0,-4.9,1.0,2.4891987,0.90423954,0.025399987
2011-01-22,-4.1,-5.3,-1.2,2.5653987,0.9296395,0.012699993
2011-01-23,-3.4,-5.5,-1.3,2.5907986,0.9423395,0.0025399986
2011-01-24,-2.3,-5.6,0.2,2.5907986,0.9448795,0.0050799972
2011-01-25,-0.6,-3.3,2.0,2.5653987,0.94741946,0.0
2011-01-26,-0.5,-2.8,2.1,2.5399985,0.94741946,0.0025399986
2011-01-27,1.8,-0.1,4.1,2.4637988,0.94741946,0.0025399986
2011-01-28,1.9,-1.8,6.8,2.4891987,0.9499595,0.0
2011-01-29,-4.2,-13.9,0.3,2.4637988,0.9499595,0.007619996
2011-01-30,-19.9,-26.4,-13.8,2.5399985,0.9575795,0.0101599945
2011-01-31,-19.2,-24.0,-10.0,2.6669986,0.96773946,0.0
2011-02-01,-17.2,-21.7,-9.8,2.6161985,0.96773946,0.0
2011-02-02,-11.9,-19.3,-3.6,2.5653987,0.96773946,0.0
2011-02-03,-2.1,-10.3,0.9,2.5653987,0.96773946,0.0101599945
2011-02-04,0.0,-1.4,1.8,2.5145986,0.9778995,0.022859987
2011-02-05,-4.3,-8.3,-0.4,2.6415985,1.0007595,0.0
2011-02-06,-9.1,-13.1,-3.2,2.6161985,1.0007595,0.0050799972
2011-02-07,-9.1,-17.5,-1.7,2.6415985,1.0058395,0.0101599945
2011-02-08,-13.6,-17.2,-7.2,2.7431986,1.0159994,0.0
2011-02-09,-10.4,-13.4,-7.5,2.6923985,1.0159994,0.0101599945
2011-02-10,-5.7,-9.0,-2.5,2.6161985,1.0261594,0.012699993
2011-02-11,-2.0,-4.7,0.5,2.6923985,1.0388595,0.015239992
2011-02-12,2.7,-1.2,5.2,2.7177985,1.0540994,0.0
2011-02-13,-1.0,-4.4,2.6,2.6415985,1.0464795,0.0025399986
2011-02-14,2.7,0.4,7.2,2.6161985,1.0490195,0.0
2011-02-15,1.6,-0.3,3.3,2.5907986,1.0490195,0.0050799972
2011-02-16,-1.3,-6.7,2.1,2.6161985,1.0540994,0.0
2011-02-17,-7.6,-9.4,-5.6,2.6161985,1.0540994,0.0101599945
2011-02-18,-8.7,-13.2,-4.7,2.7177985,1.0591794,0.0101599945
2011-02-19,-9.7,-17.9,-3.2,2.8193984,1.0667994,0.007619996
2011-02-20,-12.6,-20.1,-5.1,2.8701985,1.0744194,0.0025399986
2011-02-21,-8.6,-10.3,-6.4,2.8447986,1.0769594,0.022859987
2011-02-22,-8.9,-13.1,-5.8,2.9209983,1.0998194,0.017779991
2011-02-23,-17.3,-23.1,-11.8,3.0987983,1.1150594,0.007619996
2011-02-24,-25.7,-29.1,-19.7,3.1241982,1.1226794,0.0
2011-02-25,-16.1,-25.9,-7.7,3.0733984,1.1226794,0.0025399986
2011-02-26,-14.8,-19.8,-10.7,3.0225983,1.1252193,0.0
2011-02-27,-9.6,-14.3,-5.5,2.9209983,1.1252193,0.012699993
2011-02-28,-5.1,-6.8,-3.9,3.0479984,1.1379194,0.017779991
2011-03-01,-2.6,-5.6,-0.1,3.1749983,1.1556994,0.012699993
2011-03-02,-0.4,-4.4,2.4,3.2003982,1.1683993,0.0050799972
2011-03-03,-3.9,-6.9,-0.5,3.1241982,1.1734793,0.0
2011-03-04,-5.0,-6.9,-2.7,3.0987983,1.1734793,0.0025399986
2011-03-05,-2.7,-6.2,4.9,3.0987983,1.1760193,0.0050799972
2011-03-06,-4.9,-9.8,1.4,3.0733984,1.1810994,0.0
2011-03-07,-4.4,-9.8,4.0,3.0479984,1.1709393,0.0025399986
2011-03-08,-5.7,-7.9,-2.6,3.0225983,1.1734793,0.0
2011-03-09,-1.3,-4.4,1.5,2.9971983,1.1734793,0.012699993
2011-03-10,1.4,-3.7,5.9,2.9971983,1.1861794,0.012699993
2011-03-11,-4.4,-6.6,-2.2,3.0225983,1.1988794,0.0050799972
2011-03-12,-1.9,-7.8,3.3,3.0479984,1.2039593,0.0050799972
2011-03-13,1.1,-3.2,5.5,3.0225983,1.2090393,0.0025399986
2011-03-14,-1.9,-3.8,3.0,2.9971983,1.2115793,0.0025399986
2011-03-15,0.0,-3.6,3.0,2.9971983,1.2141193,0.017779991
2011-03-16,-2.8,-4.7,-0.1,3.0479984,1.2318994,0.0025399986
2011-03-17,-4.2,-6.3,-0.9,3.0733984,1.2318994,0.0
2011-03-18,-1.8,-6.3,3.2,3.0733984,1.2318994,0.0050799972
2011-03-19,-2.0,-4.5,12.1,3.0225983,1.2369794,0.007619996
2011-03-20,-2.3,-6.1,2.3,3.0987983,1.2420594,0.007619996
2011-03-21,-1.9,-3.9,2.3,3.0987983,1.2496793,0.015239992
2011-03-22,-2.6,-6.2,1.7,3.2257984,1.2649193,0.0
2011-03-23,-2.0,-6.6,5.2,3.2003982,1.2623793,0.0025399986
2011-03-24,-0.6,-4.9,7.0,3.1749983,1.2649193,0.0
2011-03-25,-2.3,-5.6,2.4,3.1241982,1.2649193,0.0050799972
2011-03-26,-1.3,-5.1,4.9,3.1749983,1.2699993,0.0025399986
2011-03-27,-1.6,-4.2,5.0,3.1241982,1.2725393,0.0
2011-03-28,-1.9,-6.0,4.3,3.1241982,1.2725393,0.0
2011-03-29,-2.2,-4.8,1.3,3.1241982,1.2725393,0.0050799972
2011-03-30,0.6,-2.3,2.8,3.1241982,1.2776194,0.022859987
2011-03-31,2.0,1.3,2.7,3.1749983,1.3004793,0.038099978
2011-04-01,2.4,0.5,5.8,3.2765982,1.3385793,0.0101599945
2011-04-02,-0.2,-5.3,5.5,3.2257984,1.3487393,0.0025399986
2011-04-03,-3.9,-7.1,4.2,3.2511983,1.3487393,0.007619996
2011-04-04,-2.7,-5.7,-0.1,3.2765982,1.3563592,0.033019982
2011-04-05,-2.8,-5.3,-0.1,3.3781981,1.3893793,0.027939985
2011-04-06,-3.8,-6.0,-0.1,3.606798,1.4173192,0.007619996
2011-04-07,-4.1,-7.8,1.2,3.555998,1.4249393,0.0025399986
2011-04-08,-3.9,-6.7,-0.5,3.555998,1.4274793,0.0
2011-04-09,-1.0,-5.8,4.1,3.4543982,1.4274793,0.0
2011-04-10,-0.5,-3.1,2.8,3.403598,1.4249393,0.0
2011-04-11,-0.1,-4.5,5.1,3.3781981,1.4249393,0.0025399986
2011-04-12,-1.7,-5.5,4.0,3.3781981,1.4274793,0.0025399986
2011-04-13,0.7,-2.4,7.3,3.3527982,1.4300193,0.012699993
2011-04-14,-3.2,-5.0,0.2,3.403598,1.4427192,0.007619996
2011-04-15,-1.4,-4.5,2.1,3.4543982,1.4503392,0.022859987
2011-04-16,1.1,-0.7,3.4,3.5305982,1.4731992,0.015239992
2011-04-17,-1.5,-6.8,1.8,3.5305982,1.4884392,0.0025399986
2011-04-18,-4.8,-9.0,2.6,3.5305982,1.4909792,0.0050799972
2011-04-19,-5.2,-7.8,-0.3,3.581398,1.4960592,0.0050799972
2011-04-20,-1.4,-8.2,4.0,3.555998,1.5011392,0.007619996
2011-04-21,-1.3,-6.5,7.1,3.505198,1.5087591,0.035559982
2011-04-22,-3.4,-6.5,3.1,3.682998,1.5189192,0.0101599945
2011-04-23,-0.1,-5.1,4.8,3.682998,1.5290792,0.0025399986
2011-04-24,3.4,-1.1,9.6,3.606798,1.5316192,0.0025399986
2011-04-25,2.1,-1.8,7.4,3.5305982,1.5341592,0.0025399986
2011-04-26,-1.4,-3.1,1.8,3.505198,1.5366992,0.0025399986
2011-04-27,0.2,-3.1,4.7,3.5305982,1.5392392,0.0101599945
2011-04-28,-2.5,-6.3,1.8,3.5305982,1.5493991,0.012699993
2011-04-29,-3.7,-6.6,0.0,3.606798,1.5620991,0.012699993
2011-04-30,-0.5,-5.6,6.9,3.835398,1.5747992,0.012699993
2011-05-01,0.6,-3.2,7.1,3.682998,1.5874991,0.0
2011-05-02,4.2,-1.6,10.5,3.606798,1.5874991,0.007619996
2011-05-03,-1.4,-3.1,1.6,3.581398,1.5951191,0.0025399986
2011-05-04,1.5,-3.0,5.8,3.606798,1.5976591,0.007619996
2011-05-05,4.8,1.7,9.3,3.5305982,1.6052791,0.0050799972
2011-05-06,2.9,1.2,8.0,3.479798,1.6103591,0.0050799972
2011-05-07,3.4,0.3,7.6,3.4543982,1.6103591,0.0101599945
2011-05-08,3.8,-0.8,12.4,3.403598,1.6027391,0.0
2011-05-09,2.1,0.6,5.5,3.3781981,1.6001991,0.0050799972
2011-05-10,5.6,0.8,12.7,3.3527982,1.5951191,0.0025399986
2011-05-11,9.5,3.0,16.6,3.3019981,1.5798792,0.0
2011-05-12,9.9,5.0,16.2,3.2257984,1.5646392,0.0
2011-05-13,8.9,4.3,13.6,3.1749983,1.5570191,0.015239992
2011-05-14,4.0,-0.3,8.3,3.0733984,1.5722592,0.0
2011-05-15,5.8,-0.5,11.6,3.0225983,1.5239992,0.0
2011-05-16,3.3,-0.7,7.5,2.9717984,1.4757392,0.0
2011-05-17,2.8,-1.7,8.8,2.9209983,1.4274793,0.0
2011-05-18,5.8,0.9,11.0,2.8955984,1.3817593,0.0050799972
2011-05-19,6.1,-0.2,14.2,2.8447986,1.3639792,0.0
2011-05-20,4.8,3.0,7.3,2.7939985,1.3385793,0.0025399986
2011-05-21,7.5,4.7,13.4,2.7177985,1.3233393,0.0
2011-05-22,8.7,4.7,16.9,2.6669986,1.3030193,0.0025399986
2011-05-23,7.4,3.5,16.7,2.5907986,1.2877793,0.0
2011-05-24,4.0,2.4,6.3,2.5145986,1.2649193,0.007619996
2011-05-25,5.7,2.4,10.0,2.4891987,1.1988794,0.0
2011-05-26,0.8,-1.6,6.0,2.4383986,1.1709393,0.012699993
2011-05-27,0.8,-2.1,5.5,2.5399985,1.1480794,0.012699993
2011-05-28,1.5,-1.3,7.5,2.5399985,1.1607794,0.025399987
2011-05-29,1.1,-0.3,4.1,2.5145986,1.1861794,0.040639978
2011-05-30,2.6,0.3,7.5,2.5907986,1.2268194,0.0101599945
2011-05-31,5.9,0.1,14.3,2.5653987,1.2369794,0.007619996
2011-06-01,8.1,3.2,15.4,2.5145986,1.2369794,0.007619996
2011-06-02,1.7,-0.1,4.7,2.4383986,1.2344394,0.022859987
2011-06-03,2.2,-0.1,4.5,2.6161985,1.2572993,0.0
2011-06-04,9.4,3.1,14.7,2.6161985,1.2522193,0.0025399986
2011-06-05,14.4,10.3,19.5,2.5145986,1.2445993,0.017779991
2011-06-06,10.8,6.3,15.8,2.4129987,1.2623793,0.030479984
2011-06-07,6.4,3.2,13.9,2.3113987,1.2928593,0.0101599945
2011-06-08,4.2,3.0,7.2,2.260599,1.2699993,0.012699993
2011-06-09,4.0,2.2,7.2,2.2097988,1.2572993,0.0050799972
2011-06-10,7.1,3.3,11.2,2.2097988,1.2547593,0.0
2011-06-11,7.9,5.3,14.1,2.1589987,1.2547593,0.0
2011-06-12,7.9,4.2,13.5,2.082799,1.2115793,0.0
2011-06-13,6.9,4.7,9.5,2.0319989,1.1937994,0.0
2011-06-14,6.5,3.0,9.9,1.9811989,1.1836394,0.0
2011-06-15,5.4,1.2,8.6,1.904999,1.1709393,0.0
2011-06-16,2.1,0.4,5.5,1.854199,1.1556994,0.007619996
2011-06-17,3.9,0.9,6.2,1.828799,1.1048994,0.0
2011-06-18,7.1,4.5,11.9,1.752599,1.0363195,0.0
2011-06-19,6.4,4.2,10.5,1.6763991,0.99059945,0.0
2011-06-20,8.4,5.0,14.3,1.6001991,0.9372595,0.0
2011-06-21,11.4,7.1,15.7,1.5493991,0.8991595,0.0
2011-06-22,15.0,11.1,20.7,1.4477992,0.86613953,0.0
2011-06-23,12.2,5.5,19.4,1.3207992,0.83565956,0.007619996
2011-06-24,7.1,4.0,11.2,1.2445993,0.7848596,0.0
2011-06-25,7.1,3.3,11.3,1.1429994,0.7315196,0.0
2011-06-26,7.8,3.8,14.3,1.0921994,0.65277964,0.0
2011-06-27,13.1,5.7,18.8,1.0413995,0.58673966,0.0
2011-06-28,17.2,9.9,24.6,0.8889995,0.5283197,0.0050799972
2011-06-29,12.8,7.0,18.5,0.8127996,0.46735975,0.0
2011-06-30,7.8,5.1,11.0,0.68579966,0.38861978,0.0
2011-07-01,9.0,4.2,14.3,0.58419967,0.32257983,0.0
2011-07-02,15.2,10.0,19.5,0.48259974,0.27431986,0.0
2011-07-03,16.9,11.8,20.7,0.3809998,0.21843988,0.0
2011-07-04,15.4,10.5,20.2,0.22859988,0.14223993,0.0
2011-07-05,16.6,13.3,20.9,0.12699993,0.073659964,0.0
2011-07-06,18.2,13.5,22.3,0.0,0.0,0.0
2011-07-07,16.6,11.5,22.3,0.0,0.0,0.0
2011-07-08,10.3,6.0,13.6,0.0,0.0,0.0
2011-07-09,10.4,5.1,15.1,0.0,0.0,0.0
2011-07-10,13.8,8.5,19.8,0.0,0.0,0.0
2011-07-11,15.0,10.1,20.9,0.0,0.0,0.0
2011-07-12,15.2,11.1,22.4,0.0,0.0,0.0025399986
2011-07-13,13.6,9.1,21.0,0.0,0.0,0.0050799972
2011-07-14,10.9,8.1,14.4,0.0,0.0,0.0
2011-07-15,12.2,7.7,16.4,0.0,0.0,0.0
2011-07-16,13.8,9.9,20.2,0.0,0.0,0.0
2011-07-17,18.7,10.1,24.6,0.0,0.0,0.0
2011-07-18,22.3,17.1,26.7,0.0,0.0,0.0
2011-07-19,16.5,5.8,24.4,0.0,0.0,0.0101599945
2011-07-20,8.8,5.8,13.6,0.0,0.0,0.0025399986
2011-07-21,11.7,7.8,16.3,0.0,0.0,0.0
2011-07-22,9.4,6.2,12.5,0.0,0.0,0.0
2011-07-23,11.2,5.5,16.8,0.0,0.0,0.0
2011-07-24,17.2,12.1,21.9,0.0,0.0,0.0
2011-07-25,19.4,13.0,24.8,0.0,0.0,0.0
2011-07-26,11.1,7.3,13.8,0.0,0.0,0.0
2011-07-27,11.1,7.3,14.8,0.0,0.0,0.0
2011-07-28,13.2,7.1,18.3,0.0,0.0,0.0
2011-07-29,15.7,11.9,19.8,0.0,0.0,0.0
2011-07-30,17.5,11.9,23.8,0.0,0.0,0.0
2011-07-31,18.8,14.7,24.9,0.0,0.0,0.0
2011-08-01,16.6,13.1,20.9,0.0,0.0,0.0
2011-08-02,16.2,10.9,22.1,0.0,0.0,0.0
2011-08-03,17.1,13.0,21.3,0.0,0.0,0.0
2011-08-04,18.0,13.7,23.0,0.0,0.0,0.0
2011-08-05,14.5,10.9,18.5,0.0,0.0,0.0025399986
2011-08-06,15.9,11.2,20.8,0.0,0.0,0.0
2011-08-07,15.6,11.7,20.2,0.0,0.0,0.0025399986
2011-08-08,14.2,7.8,21.1,0.0,0.0,0.0
2011-08-09,15.6,11.1,20.4,0.0,0.0,0.0
2011-08-10,14.7,8.6,20.5,0.0,0.0,0.0
2011-08-11,12.7,10.5,16.4,0.0,0.0,0.0
2011-08-12,14.5,9.6,19.5,0.0,0.0,0.0
2011-08-13,18.5,12.4,23.8,0.0,0.0,0.0
2011-08-14,18.0,14.3,22.6,0.0,0.0,0.0
2011-08-15,12.6,6.3,17.3,0.0,0.0,0.0
2011-08-16,11.2,5.6,16.3,0.0,0.0,0.0
2011-08-17,15.1,10.7,19.9,0.0,0.0,0.0
2011-08-18,13.8,9.2,18.5,0.0,0.0,0.0
2011-08-19,12.2,5.3,17.7,0.0,0.0,0.0
2011-08-20,16.0,9.8,21.8,0.0,0.0,0.0
2011-08-21,18.7,14.5,23.2,0.0,0.0,0.0
2011-08-22,19.4,15.0,24.8,0.0,0.0,0.0
2011-08-23,15.8,12.0,19.9,0.0,0.0,0.0
2011-08-24,18.6,11.8,23.2,0.0,0.0,0.0
2011-08-25,18.8,14.6,23.5,0.0,0.0,0.0
2011-08-26,20.0,15.5,25.1,0.0,0.0,0.0
2011-08-27,20.1,15.6,25.1,0.0,0.0,0.0
2011-08-28,19.7,15.2,24.4,0.0,0.0,0.0
2011-08-29,15.3,11.6,18.7,0.0,0.0,0.0025399986
2011-08-30,15.6,12.1,19.8,0.0,0.0,0.0
2011-08-31,8.7,5.0,13.2,0.0,0.0,0.012699993
2011-09-01,6.9,2.9,10.2,0.0,0.0,0.0
2011-09-02,8.1,3.9,12.8,0.0,0.0,0.0
2011-09-03,8.5,1.6,15.8,0.0,0.0,0.0
2011-09-04,14.3,7.1,20.2,0.0,0.0,0.0
2011-09-05,16.7,12.5,20.9,0.0,0.0,0.0
2011-09-06,17.0,12.8,21.7,0.0,0.0,0.0
2011-09-07,18.1,14.1,22.7,0.0,0.0,0.0
2011-09-08,17.7,14.6,22.8,0.0,0.0,0.0
2011-09-09,17.5,14.2,22.3,0.0,0.0,0.0
2011-09-10,17.7,13.6,23.2,0.0,0.0,0.0
2011-09-11,17.5,8.0,22.4,0.0,0.0,0.0
2011-09-12,13.8,5.3,21.0,0.0,0.0,0.0
2011-09-13,9.6,4.8,16.4,0.0,0.0,0.0050799972
2011-09-14,10.1,4.5,16.6,0.0,0.0,0.0
2011-09-15,12.8,8.1,18.5,0.0,0.0,0.0
2011-09-16,7.4,5.1,10.4,0.0,0.0,0.0025399986
2011-09-17,5.9,3.8,9.7,0.0,0.0,0.0
2011-09-18,6.0,3.1,8.9,0.0,0.0,0.007619996
2011-09-19,5.9,1.6,8.8,0.0,0.0,0.0101599945
2011-09-20,7.3,2.9,12.1,0.0,0.0,0.0
2011-09-21,11.9,6.3,18.2,0.0,0.0,0.0
2011-09-22,15.2,11.2,19.3,0.0,0.0,0.0
2011-09-23,16.9,13.1,20.4,0.0,0.0,0.0
2011-09-24,18.6,14.8,23.3,0.0,0.0,0.0
2011-09-25,16.6,7.5,21.5,0.0,0.0,0.0
2011-09-26,10.1,5.2,14.5,0.0,0.0,0.0025399986
2011-09-27,13.0,9.0,17.2,0.0,0.0,0.0
2011-09-28,7.2,3.6,10.8,0.0,0.0,0.0
2011-09-29,11.0,3.3,17.7,0.0,0.0,0.0
2011-09-30,16.9,13.7,21.2,0.0,0.0,0.0
2011-10-01,15.9,10.9,21.5,0.0,0.0,0.0
2011-10-02,13.6,9.9,17.0,0.0,0.0,0.0
2011-10-03,15.8,10.3,31.2,0.0,0.0,0.0
2011-10-04,9.1,4.3,14.5,0.0,0.0,0.015239992
2011-10-05,7.1,4.1,9.3,0.0,0.0,0.0050799972
2011-10-06,4.6,3.6,6.2,0.0,0.0,0.0101599945
2011-10-07,2.4,1.5,4.0,0.0,0.0,0.0025399986
2011-10-08,2.8,1.0,5.1,0.0,0.0,0.0025399986
2011-10-09,4.7,0.6,8.7,0.0,0.0,0.0
2011-10-10,4.9,3.0,8.1,0.0,0.0,0.0050799972
2011-10-11,2.4,1.3,3.7,0.025399987,0.0025399986,0.022859987
2011-10-12,1.6,0.8,2.5,0.076199956,0.007619996,0.0025399986
2011-10-13,1.7,0.3,4.3,0.025399987,0.0050799972,0.0
2011-10-14,3.1,-0.6,6.1,0.0,0.0,0.007619996
2011-10-15,3.6,-0.3,6.5,0.050799973,0.0050799972,0.012699993
2011-10-16,2.4,-0.2,5.3,0.0,0.0,0.0050799972
2011-10-17,1.6,-1.1,5.6,0.0,0.0,0.0
2011-10-18,5.5,-0.7,10.4,0.0,0.0,0.0
2011-10-19,7.8,5.4,11.5,0.0,0.0,0.0
2011-10-20,5.2,3.8,7.5,0.0,0.0,0.0
2011-10-21,3.9,2.7,4.7,0.0,0.0,0.0050799972
2011-10-22,4.1,3.3,5.3,0.0,0.0,0.017779991
2011-10-23,4.1,2.4,5.3,0.0,0.0,0.020319989
2011-10-24,0.0,-3.7,4.0,0.0,0.0,0.0101599945
2011-10-25,-3.3,-5.7,2.2,0.050799973,0.0101599945,0.0025399986
2011-10-26,-2.8,-5.4,-0.3,0.050799973,0.012699993,0.0
2011-10-27,-1.8,-3.2,0.7,0.050799973,0.012699993,0.0025399986
2011-10-28,1.8,-3.1,4.7,0.050799973,0.012699993,0.0025399986
2011-10-29,0.2,-1.3,2.2,0.050799973,0.015239992,0.0050799972
2011-10-30,3.4,-0.5,6.3,0.050799973,0.017779991,0.015239992
2011-10-31,0.1,-3.8,4.4,0.050799973,0.017779991,0.017779991
2011-11-01,-4.6,-7.2,-0.1,0.025399987,0.017779991,0.0050799972
2011-11-02,-0.6,-8.1,3.9,0.076199956,0.022859987,0.0
2011-11-03,3.3,0.9,6.2,0.050799973,0.022859987,0.0
2011-11-04,-1.2,-5.9,2.8,0.050799973,0.022859987,0.0
2011-11-05,-5.8,-8.7,-3.2,0.050799973,0.022859987,0.0050799972
2011-11-06,-7.5,-9.2,-5.1,0.076199956,0.027939985,0.0
2011-11-07,-6.2,-8.0,-4.0,0.076199956,0.027939985,0.0
2011-11-08,-3.9,-5.6,-1.3,0.076199956,0.027939985,0.0050799972
2011-11-09,-0.9,-4.2,2.3,0.10159995,0.033019982,0.0025399986
2011-11-10,1.3,-0.7,3.3,0.10159995,0.033019982,0.0025399986
2011-11-11,2.0,0.1,4.3,0.10159995,0.030479984,0.0
2011-11-12,-4.8,-6.6,0.4,0.076199956,0.030479984,0.0050799972
2011-11-13,-4.1,-5.3,-2.5,0.12699993,0.035559982,0.048259974
2011-11-14,-5.2,-9.4,-3.4,0.45719975,0.083819956,0.048259974
2011-11-15,-10.1,-12.9,-7.7,0.6603996,0.13207993,0.0
2011-11-16,-7.1,-12.8,-2.6,0.63499963,0.13207993,0.0
2011-11-17,-3.8,-7.6,-0.4,0.58419967,0.13207993,0.027939985
2011-11-18,-14.5,-20.2,-6.8,0.71119964,0.16001992,0.022859987
2011-11-19,-12.5,-21.2,-6.8,0.8127996,0.17779991,0.0
2011-11-20,-6.7,-9.4,-3.5,0.8127996,0.17779991,0.0025399986
2011-11-21,-2.5,-4.2,-1.0,0.8127996,0.1803399,0.025399987
2011-11-22,0.5,-2.3,2.6,0.8889995,0.20573989,0.030479984
2011-11-23,4.3,2.2,6.3,1.0159994,0.23621987,0.050799973
2011-11-24,1.2,-1.2,5.0,0.99059945,0.28701985,0.007619996
2011-11-25,-5.5,-8.7,-0.7,0.99059945,0.29463986,0.025399987
2011-11-26,-2.9,-9.8,1.7,1.1429994,0.32003984,0.007619996
2011-11-27,3.5,-0.2,6.5,1.0921994,0.32765982,0.017779991
2011-11-28,-0.6,-1.8,0.7,1.0921994,0.34543982,0.007619996
2011-11-29,0.0,-1.8,2.0,1.1175994,0.3530598,0.0025399986
2011-11-30,-5.0,-11.7,-0.3,1.0921994,0.35559982,0.0050799972
2011-12-01,-5.6,-11.4,-0.9,1.1175994,0.3581398,0.020319989
2011-12-02,-6.0,-9.3,-2.8,1.1683993,0.37845978,0.0050799972
2011-12-03,-8.0,-9.6,-6.1,1.1429994,0.3835398,0.020319989
2011-12-04,-11.4,-14.7,-6.2,1.1683993,0.4038598,0.0025399986
2011-12-05,-9.1,-14.3,-4.7,1.1683993,0.4038598,0.0
2011-12-06,-4.2,-8.1,0.2,1.1429994,0.4038598,0.0025399986
2011-12-07,-4.1,-10.0,-0.4,1.1429994,0.4063998,0.0
2011-12-08,-5.7,-8.4,-3.8,1.1429994,0.4063998,0.0
2011-12-09,-3.6,-7.0,4.2,1.1175994,0.4063998,0.0
2011-12-10,2.3,-0.6,5.0,1.1175994,0.4063998,0.0
2011-12-11,-2.3,-7.4,1.7,1.0921994,0.4063998,0.0
2011-12-12,-6.5,-9.3,-1.3,1.0921994,0.4038598,0.0
2011-12-13,-4.7,-10.2,-3.0,1.0667994,0.4038598,0.0
2011-12-14,-4.0,-5.3,-0.3,1.0667994,0.39877978,0.0
2011-12-15,-4.1,-5.7,-2.3,1.0667994,0.39877978,0.0025399986
2011-12-16,-2.8,-5.3,-0.1,1.1175994,0.40131977,0.020319989
2011-12-17,2.0,-0.7,3.7,1.1683993,0.42163977,0.0025399986
2011-12-18,0.0,-5.8,4.2,1.1683993,0.42417976,0.0
2011-12-19,-3.6,-7.0,-1.2,1.1429994,0.42417976,0.030479984
2011-12-20,-3.0,-4.7,-0.2,1.2445993,0.45465976,0.0
2011-12-21,-7.1,-10.8,-4.4,1.2191993,0.45465976,0.007619996
2011-12-22,-6.3,-9.3,-3.2,1.2953993,0.46227974,0.0025399986
2011-12-23,-2.8,-4.0,-1.1,1.2699993,0.46227974,0.0
2011-12-24,-1.7,-3.9,1.1,1.2445993,0.46227974,0.0
2011-12-25,0.7,-4.5,4.9,1.2191993,0.46227974,0.0025399986
2011-12-26,-5.1,-6.7,-2.4,1.2445993,0.46481976,0.0050799972
2011-12-27,-2.9,-5.0,0.0,1.2191993,0.46989974,0.015239992
2011-12-28,0.6,-0.8,2.0,1.2699993,0.48513973,0.048259974
2011-12-29,-2.0,-3.9,1.5,1.5493991,0.5333997,0.020319989
2011-12-30,-1.3,-5.5,1.8,1.5747992,0.5537197,0.020319989
2011-12-31,-8.0,-9.6,-5.4,1.6509991,0.5740397,0.0101599945
2012-01-01,-3.7,-9.1,3.5,1.6255991,0.58419967,0.007619996
2012-01-02,4.9,2.2,7.9,1.6255991,0.5918197,0.0025399986
2012-01-03,-0.2,-1.6,2.2,1.6255991,0.5943597,0.0
2012-01-04,4.4,0.8,6.8,1.6001991,0.5943597,0.0
2012-01-05,-1.1,-5.9,5.6,1.5747992,0.5943597,0.0101599945
2012-01-06,-6.6,-7.6,-5.6,1.6255991,0.60451967,0.0
2012-01-07,-7.6,-8.7,-6.2,1.6255991,0.60451967,0.0
2012-01-08,-2.3,-7.0,1.3,1.6001991,0.60451967,0.0
2012-01-09,1.4,-1.1,3.0,1.5747992,0.60451967,0.0
2012-01-10,-5.3,-14.9,2.6,1.5747992,0.60451967,0.020319989
2012-01-11,-10.0,-15.7,-4.7,1.701799,0.62483966,0.007619996
2012-01-12,-4.5,-8.0,-0.5,1.6763991,0.63245964,0.0050799972
2012-01-13,-2.1,-5.3,0.9,1.6509991,0.6375397,0.0
2012-01-14,-0.2,-4.7,2.8,1.6509991,0.6375397,0.0050799972
2012-01-15,-11.8,-17.8,-4.5,1.6509991,0.64261967,0.0025399986
2012-01-16,-13.6,-17.3,-10.7,1.701799,0.64515966,0.0050799972
2012-01-17,-11.2,-13.6,-8.9,1.7271991,0.65023965,0.030479984
2012-01-18,-9.0,-11.9,-2.9,2.0319989,0.6807196,0.033019982
2012-01-19,-1.4,-3.8,-0.4,2.260599,0.71373963,0.035559982
2012-01-20,-1.3,-3.2,0.7,2.3875988,0.7492996,0.007619996
2012-01-21,-1.0,-5.9,2.0,2.260599,0.7543796,0.0025399986
2012-01-22,-6.5,-8.3,-4.8,2.260599,0.75691956,0.033019982
2012-01-23,-5.2,-7.2,-3.5,2.3875988,0.7899396,0.0
2012-01-24,-4.8,-9.7,-1.7,2.3367987,0.7899396,0.017779991
2012-01-25,-2.6,-4.6,0.5,2.3367987,0.8077196,0.027939985
2012-01-26,-3.8,-8.4,-0.3,2.4383986,0.83565956,0.035559982
2012-01-27,-9.1,-10.9,-7.3,2.6415985,0.8712195,0.0
2012-01-28,-6.2,-10.0,-0.1,2.5399985,0.8712195,0.015239992
2012-01-29,0.7,-0.5,2.3,2.5653987,0.8864595,0.050799973
2012-01-30,-1.8,-4.1,0.1,2.6415985,0.9372595,0.027939985
2012-01-31,-3.9,-4.8,-2.1,2.7939985,0.9651995,0.0050799972
2012-02-01,-2.5,-5.1,0.0,2.7685986,0.97027946,0.0
2012-02-02,-3.9,-5.7,0.8,2.7177985,0.97027946,0.0025399986
2012-02-03,-3.2,-6.6,3.9,2.6923985,0.97027946,0.0025399986
2012-02-04,-1.3,-5.1,3.8,2.6415985,0.97281945,0.0
2012-02-05,-0.6,-5.4,8.2,2.6415985,0.97281945,0.0025399986
2012-02-06,-5.9,-9.2,-2.8,2.6161985,0.97281945,0.0025399986
2012-02-07,-8.4,-10.1,0.0,2.5907986,0.97281945,0.0
2012-02-08,-2.6,-9.3,1.5,2.5907986,0.97281945,0.0
2012-02-09,-1.4,-4.3,3.0,2.5399985,0.97281945,0.0
2012-02-10,-5.7,-9.0,-0.9,2.5145986,0.97281945,0.0050799972
2012-02-11,-4.0,-9.4,4.3,2.5653987,0.9778995,0.0025399986
2012-02-12,-1.8,-4.1,1.0,2.5653987,0.9804395,0.0025399986
2012-02-13,-3.6,-5.3,-0.5,2.5399985,0.9829795,0.0025399986
2012-02-14,-5.8,-7.7,-1.6,2.5653987,0.98551947,0.0
2012-02-15,-6.2,-8.2,-1.6,2.5653987,0.98551947,0.0025399986
2012-02-16,-5.1,-8.0,0.0,2.5653987,0.98805946,0.0
2012-02-17,-3.1,-5.4,0.5,2.4637988,0.98551947,0.0050799972
2012-02-18,-4.4,-7.2,-0.8,2.4383986,0.99059945,0.0050799972
2012-02-19,-6.5,-7.7,-4.2,2.5145986,0.99567944,0.007619996
2012-02-20,-6.3,-7.7,-4.9,2.5653987,1.0032995,0.007619996
2012-02-21,-1.8,-5.3,1.1,2.5907986,1.0109195,0.038099978
2012-02-22,-2.1,-6.9,0.8,2.7177985,1.0490195,0.045719974
2012-02-23,-6.7,-8.5,-3.2,2.9463985,1.0947394,0.0050799972
2012-02-24,-4.5,-7.8,-0.3,2.8955984,1.0998194,0.007619996
2012-02-25,-5.1,-8.0,-1.3,2.9717984,1.1074394,0.0
2012-02-26,-8.4,-10.6,-5.8,2.9463985,1.1074394,0.0101599945
2012-02-27,-7.7,-11.4,-3.0,2.8955984,1.1175994,0.0025399986
2012-02-28,-5.9,-10.8,-1.6,2.8701985,1.1201394,0.0025399986
2012-02-29,-6.1,-8.6,-2.8,2.8193984,1.1226794,0.0050799972
2012-03-01,-7.8,-9.8,-3.4,2.8955984,1.1277593,0.0
2012-03-02,-7.8,-9.5,-6.1,2.8701985,1.1277593,0.0101599945
2012-03-03,-2.4,-6.5,0.5,2.8955984,1.1379194,0.015239992
2012-03-04,1.2,-1.3,3.8,2.8955984,1.1531594,0.0
2012-03-05,1.5,-2.5,5.3,2.7939985,1.1480794,0.0101599945
2012-03-06,-7.6,-11.0,-2.2,2.8193984,1.1582394,0.0050799972
2012-03-07,-6.8,-11.2,-1.0,2.8955984,1.1633193,0.0025399986
2012-03-08,0.8,-5.8,4.5,2.8701985,1.1658593,0.012699993
2012-03-09,5.0,1.7,7.5,2.8447986,1.1785594,0.0
2012-03-10,4.8,2.3,7.3,2.8193984,1.1785594,0.0025399986
2012-03-11,1.1,-5.8,8.2,2.7939985,1.1810994,0.0
2012-03-12,-1.7,-7.8,3.1,2.7685986,1.1810994,0.007619996
2012-03-13,-1.0,-7.5,4.7,2.8701985,1.1887194,0.0
2012-03-14,-2.5,-6.4,0.3,2.8447986,1.1887194,0.007619996
2012-03-15,3.4,0.1,5.9,2.8193984,1.1963394,0.0101599945
2012-03-16,0.5,-2.1,3.7,2.7939985,1.2064993,0.012699993
2012-03-17,0.2,-3.3,3.8,2.8447986,1.2191993,0.015239992
2012-03-18,-3.0,-5.5,2.0,2.9209983,1.2344394,0.0101599945
2012-03-19,-5.6,-8.8,-2.4,2.9717984,1.2445993,0.0025399986
2012-03-20,-4.6,-8.7,-1.5,2.9971983,1.2471393,0.020319989
2012-03-21,0.4,-4.2,4.4,3.0733984,1.2674593,0.017779991
2012-03-22,3.4,-0.6,7.3,3.1495984,1.2852393,0.0
2012-03-23,-0.2,-2.5,5.8,3.0733984,1.2852393,0.017779991
2012-03-24,2.4,-4.2,10.2,3.2003982,1.3030193,0.0050799972
2012-03-25,8.6,3.2,15.9,3.1495984,1.3080993,0.0025399986
2012-03-26,4.5,-1.6,11.7,3.0479984,1.3106393,0.0
2012-03-27,1.8,-2.3,6.3,2.9717984,1.3055593,0.0025399986
2012-03-28,1.2,-2.8,5.9,2.9463985,1.3055593,0.0050799972
2012-03-29,1.5,-2.6,5.6,2.9717984,1.3106393,0.0025399986
2012-03-30,2.9,-0.4,6.2,2.9463985,1.3131793,0.022859987
2012-03-31,6.0,0.4,12.8,2.9717984,1.3360393,0.0101599945
2012-04-01,-1.9,-5.5,2.3,2.9209983,1.3461993,0.0050799972
2012-04-02,-2.0,-6.2,3.8,2.9209983,1.3334993,0.0050799972
2012-04-03,4.5,-2.3,10.2,2.9209983,1.3385793,0.007619996
2012-04-04,2.5,-5.4,10.5,2.8701985,1.3461993,0.0
2012-04-05,-2.1,-6.5,4.4,2.8701985,1.3385793,0.0025399986
2012-04-06,-3.3,-5.5,2.5,2.8447986,1.3411193,0.015239992
2012-04-07,-3.6,-6.5,1.5,3.0479984,1.3563592,0.0
2012-04-08,1.4,-5.4,8.8,2.9463985,1.3563592,0.0
2012-04-09,4.1,-2.7,13.2,2.8701985,1.3563592,0.007619996
2012-04-10,8.1,2.5,17.2,2.8447986,1.3639792,0.007619996
2012-04-11,10.4,4.5,18.8,2.8193984,1.3715993,0.0101599945
2012-04-12,2.0,-0.3,5.3,2.7939985,1.3817593,0.0
2012-04-13,2.1,-1.6,6.5,2.7939985,1.3817593,0.0
2012-04-14,3.4,-2.1,10.3,2.7431986,1.3817593,0.0
2012-04-15,-2.3,-5.0,2.5,2.7177985,1.3792193,0.015239992
2012-04-16,1.1,-2.0,5.3,2.8447986,1.3944592,0.012699993
2012-04-17,2.0,-1.2,4.9,2.8193984,1.4071592,0.0025399986
2012-04-18,1.2,-1.2,4.5,2.7685986,1.4071592,0.0050799972
2012-04-19,1.6,-1.8,7.8,2.7939985,1.4096992,0.0
2012-04-20,3.5,1.5,5.9,2.7685986,1.4096992,0.020319989
2012-04-21,5.9,1.8,10.1,2.7431986,1.4122392,0.0
2012-04-22,12.9,7.4,18.0,2.6669986,1.3868393,0.0025399986
2012-04-23,14.7,10.4,19.0,2.5907986,1.3563592,0.0
2012-04-24,10.2,6.3,14.0,2.5145986,1.3309593,0.045719974
2012-04-25,10.0,4.8,14.6,2.4129987,1.3766793,0.0
2012-04-26,7.0,1.0,13.3,2.3621988,1.3436593,0.020319989
2012-04-27,-1.6,-2.6,1.1,2.3621988,1.3309593,0.0025399986
2012-04-28,0.7,-2.1,4.9,2.3621988,1.2547593,0.0025399986
2012-04-29,2.6,-0.4,7.7,2.3367987,1.2141193,0.0
2012-04-30,2.9,0.3,6.3,2.2859988,1.2115793,0.017779991
2012-05-01,-0.5,-2.8,2.2,2.3113987,1.2293594,0.0
2012-05-02,-1.0,-3.2,3.8,2.3113987,1.2217393,0.0025399986
2012-05-03,2.5,-3.2,7.1,2.3113987,1.2242793,0.007619996
2012-05-04,3.1,-0.6,10.5,2.2859988,1.2318994,0.007619996
2012-05-05,-1.0,-2.8,3.3,2.3367987,1.2395194,0.0
2012-05-06,1.4,-2.9,5.3,2.2859988,1.2318994,0.0025399986
2012-05-07,6.5,-0.2,14.8,2.260599,1.2293594,0.0025399986
2012-05-08,10.1,5.5,14.1,2.2097988,1.2293594,0.0
2012-05-09,9.4,2.4,13.3,2.1335988,1.2242793,0.0
2012-05-10,0.2,-2.6,3.7,2.0573988,1.1760193,0.0
2012-05-11,2.9,-3.7,8.4,2.0573988,1.1277593,0.0
2012-05-12,7.9,1.5,14.3,2.0319989,1.1023594,0.0
2012-05-13,12.1,5.8,16.1,1.955799,1.0744194,0.0
2012-05-14,14.8,8.5,23.2,1.879599,1.0566394,0.0
2012-05-15,16.0,10.1,21.6,1.828799,1.0312394,0.0
2012-05-16,13.7,8.4,25.3,1.777999,1.0032995,0.0
2012-05-17,8.1,4.3,15.0,1.6763991,0.9651995,0.0
2012-05-18,5.9,2.4,13.5,1.6509991,0.9245595,0.0
2012-05-19,6.2,0.5,10.9,1.6001991,0.8534395,0.0050799972
2012-05-20,9.2,3.8,22.3,1.5493991,0.81787956,0.0
2012-05-21,10.7,6.4,15.0,1.4731992,0.7873996,0.0050799972
2012-05-22,3.6,1.0,6.6,1.4223993,0.7594596,0.007619996
2012-05-23,1.7,-0.3,5.9,1.3715993,0.7162796,0.0050799972
2012-05-24,1.1,-1.5,6.3,1.3715993,0.71119964,0.0050799972
2012-05-25,-0.7,-2.5,0.8,1.4223993,0.71373963,0.0101599945
2012-05-26,-0.4,-1.7,2.0,1.3969992,0.7238996,0.0101599945
2012-05-27,0.9,-2.1,4.6,1.3969992,0.73405963,0.015239992
2012-05-28,7.0,0.9,13.2,1.4731992,0.7492996,0.007619996
2012-05-29,7.2,3.5,11.0,1.4223993,0.7543796,0.0
2012-05-30,6.2,2.4,9.2,1.3461993,0.7543796,0.0
2012-05-31,8.6,6.2,11.4,1.3207992,0.7442196,0.0
2012-06-01,13.0,6.0,21.9,1.2191993,0.7264396,0.0025399986
2012-06-02,10.7,5.3,16.0,1.1683993,0.6807196,0.0025399986
2012-06-03,9.5,5.2,13.8,1.0921994,0.6222997,0.0
2012-06-04,14.3,7.8,21.1,1.0413995,0.5714997,0.0
2012-06-05,11.0,1.5,20.4,0.9397995,0.5257797,0.015239992
2012-06-06,2.1,-0.6,4.9,0.83819956,0.46989974,0.0050799972
2012-06-07,8.3,1.2,14.8,0.83819956,0.45973974,0.0
2012-06-08,6.6,2.0,11.1,0.7873996,0.43433976,0.0025399986
2012-06-09,2.2,-0.1,6.3,0.71119964,0.3936998,0.0025399986
2012-06-10,2.2,0.0,5.2,0.6603996,0.3657598,0.0025399986
2012-06-11,7.9,1.9,12.5,0.68579966,0.3606798,0.0
2012-06-12,10.4,7.0,14.9,0.58419967,0.3301998,0.0
2012-06-13,5.9,4.6,7.9,0.45719975,0.27939984,0.012699993
2012-06-14,8.7,3.7,13.7,0.4063998,0.23875988,0.0
2012-06-15,9.7,6.6,14.1,0.3301998,0.1955799,0.0
2012-06-16,11.2,7.8,14.7,0.22859988,0.13969992,0.0
2012-06-17,9.5,7.4,12.8,0.15239991,0.09397995,0.0101599945
2012-06-18,5.8,1.8,9.2,0.076199956,0.045719974,0.0
2012-06-19,3.8,1.7,7.2,0.0,0.0,0.0
2012-06-20,8.3,2.7,13.2,0.0,0.0,0.0
2012-06-21,14.9,8.6,19.5,0.0,0.0,0.0
2012-06-22,15.2,11.1,19.3,0.0,0.0,0.0
2012-06-23,14.4,10.4,19.8,0.0,0.0,0.0
2012-06-24,18.1,11.8,25.1,0.0,0.0,0.0
2012-06-25,18.9,12.3,25.2,0.0,0.0,0.0
2012-06-26,9.0,2.5,16.6,0.0,0.0,0.0050799972
2012-06-27,7.5,2.1,12.3,0.0,0.0,0.0
2012-06-28,16.0,9.7,23.6,0.0,0.0,0.0
2012-06-29,16.7,12.1,21.2,0.0,0.0,0.0
2012-06-30,16.6,9.8,22.9,0.0,0.0,0.0
2012-07-01,15.3,11.6,18.9,0.0,0.0,0.0
2012-07-02,16.0,9.4,21.5,0.0,0.0,0.0
2012-07-03,14.1,5.5,22.7,0.0,0.0,0.0
2012-07-04,10.8,4.3,17.3,0.0,0.0,0.0
2012-07-05,17.2,10.4,24.0,0.0,0.0,0.0
2012-07-06,20.2,13.4,26.9,0.0,0.0,0.0
2012-07-07,19.3,15.1,23.4,0.0,0.0,0.0
2012-07-08,19.6,15.2,24.1,0.0,0.0,0.0
2012-07-09,20.3,15.6,25.0,0.0,0.0,0.0
2012-07-10,19.2,16.0,23.9,0.0,0.0,0.0
2012-07-11,19.8,16.2,25.3,0.0,0.0,0.0
2012-07-12,20.7,15.1,25.5,0.0,0.0,0.0
2012-07-13,18.9,12.9,23.4,0.0,0.0,0.0
2012-07-14,15.4,13.1,20.0,0.0,0.0,0.0
2012-07-15,13.5,11.3,17.1,0.0,0.0,0.0
2012-07-16,15.5,11.2,20.7,0.0,0.0,0.0
2012-07-17,16.3,12.1,22.2,0.0,0.0,0.0
2012-07-18,19.4,13.2,25.2,0.0,0.0,0.0
2012-07-19,20.8,16.6,24.7,0.0,0.0,0.0
2012-07-20,19.0,13.8,24.4,0.0,0.0,0.0050799972
2012-07-21,16.7,11.6,22.4,0.0,0.0,0.0
2012-07-22,21.2,17.0,25.5,0.0,0.0,0.0
2012-07-23,16.6,10.9,22.2,0.0,0.0,0.0025399986
2012-07-24,15.2,9.0,21.5,0.0,0.0,0.0
2012-07-25,17.8,11.5,24.2,0.0,0.0,0.0
2012-07-26,18.4,12.3,24.1,0.0,0.0,0.0
2012-07-27,18.5,12.2,24.7,0.0,0.0,0.0
2012-07-28,19.4,12.9,25.1,0.0,0.0,0.0
2012-07-29,19.8,15.1,24.4,0.0,0.0,0.0
2012-07-30,20.6,16.2,24.9,0.0,0.0,0.0
2012-07-31,19.1,15.2,22.8,0.0,0.0,0.0050799972
2012-08-01,17.2,12.9,21.6,0.0,0.0,0.007619996
2012-08-02,13.4,6.8,20.0,0.0,0.0,0.0
2012-08-03,11.3,3.9,18.8,0.0,0.0,0.0
2012-08-04,15.6,8.3,22.8,0.0,0.0,0.0
2012-08-05,20.2,15.5,25.0,0.0,0.0,0.0
2012-08-06,19.9,16.0,23.8,0.0,0.0,0.0
2012-08-07,20.2,15.1,25.2,0.0,0.0,0.0
2012-08-08,20.3,13.8,26.7,0.0,0.0,0.0025399986
2012-08-09,19.6,14.3,25.0,0.0,0.0,0.0
2012-08-10,16.1,10.7,21.5,0.0,0.0,0.0
2012-08-11,16.6,11.3,22.0,0.0,0.0,0.0
2012-08-12,18.0,11.6,24.3,0.0,0.0,0.0
2012-08-13,19.3,15.1,23.5,0.0,0.0,0.0
2012-08-14,15.0,7.3,22.6,0.0,0.0,0.0
2012-08-15,6.2,4.2,8.5,0.0,0.0,0.0025399986
2012-08-16,12.0,4.7,19.3,0.0,0.0,0.0
2012-08-17,16.2,11.2,21.2,0.0,0.0,0.0
2012-08-18,17.8,13.5,22.2,0.0,0.0,0.0
2012-08-19,19.6,15.1,24.2,0.0,0.0,0.0
2012-08-20,19.7,16.3,23.1,0.0,0.0,0.0
2012-08-21,18.3,11.9,24.8,0.0,0.0,0.0
2012-08-22,14.6,10.5,18.7,0.0,0.0,0.0
2012-08-23,15.5,11.5,19.9,0.0,0.0,0.0
2012-08-24,9.1,6.3,13.3,0.0,0.0,0.0025399986
2012-08-25,11.6,6.1,17.2,0.0,0.0,0.0
2012-08-26,17.1,10.5,23.9,0.0,0.0,0.0
2012-08-27,18.7,12.5,24.9,0.0,0.0,0.0
2012-08-28,20.4,15.2,25.7,0.0,0.0,0.0
2012-08-29,14.2,9.2,19.3,0.0,0.0,0.0
2012-08-30,13.0,7.2,18.9,0.0,0.0,0.0
2012-08-31,18.8,13.4,24.3,0.0,0.0,0.0
2012-09-01,14.1,9.5,18.1,0.0,0.0,0.0
2012-09-02,11.4,6.5,16.4,0.0,0.0,0.0
2012-09-03,11.8,7.1,16.5,0.0,0.0,0.0
2012-09-04,11.9,8.0,15.8,0.0,0.0,0.0
2012-09-05,11.4,5.9,17.0,0.0,0.0,0.0
2012-09-06,6.6,4.2,12.8,0.0,0.0,0.0
2012-09-07,11.3,5.5,17.1,0.0,0.0,0.0
2012-09-08,13.6,11.6,21.2,0.0,0.0,0.0
2012-09-09,17.3,11.8,22.8,0.0,0.0,0.0
2012-09-10,9.2,5.2,13.3,0.0,0.0,0.0
2012-09-11,5.5,1.7,9.6,0.0,0.0,0.0
2012-09-12,6.0,0.7,11.4,0.0,0.0,0.0
2012-09-13,12.4,6.4,18.4,0.0,0.0,0.0
2012-09-14,15.2,10.7,19.7,0.0,0.0,0.0
2012-09-15,14.3,10.5,18.2,0.0,0.0,0.0
2012-09-16,10.0,6.7,13.4,0.0,0.0,0.0
2012-09-17,11.9,8.1,15.7,0.0,0.0,0.0
2012-09-18,14.2,9.4,19.1,0.0,0.0,0.0
2012-09-19,14.3,7.3,21.0,0.0,0.0,0.0
2012-09-20,15.6,11.8,20.1,0.0,0.0,0.0
2012-09-21,16.9,13.0,20.8,0.0,0.0,0.0
2012-09-22,16.1,12.8,19.5,0.0,0.0,0.0
2012-09-23,15.1,13.2,17.0,0.0,0.0,0.0
2012-09-24,14.0,11.1,16.9,0.0,0.0,0.0
2012-09-25,12.6,9.2,16.1,0.0,0.0,0.0
2012-09-26,11.3,7.2,15.4,0.0,0.0,0.0
2012-09-27,12.3,7.9,16.7,0.0,0.0,0.0
2012-09-28,14.6,11.9,17.2,0.0,0.0,0.0
2012-09-29,12.6,10.4,14.8,0.0,0.0,0.0
2012-09-30,11.2,9.7,12.8,0.0,0.0,0.0
2012-10-01,11.9,9.2,14.6,0.0,0.0,0.0
2012-10-02,6.0,-1.0,13.0,0.0,0.0,0.0
2012-10-03,0.2,-5.4,5.8,0.0,0.0,0.0101599945
2012-10-04,-3.6,-5.0,-0.9,0.0,0.0,0.0
2012-10-05,-2.7,-6.2,2.0,0.0,0.0,0.0
2012-10-06,-0.3,-5.1,4.6,0.0,0.0,0.0
2012-10-07,3.9,1.5,6.3,0.0,0.0,0.0
2012-10-08,3.6,-0.7,7.8,0.0,0.0,0.0
2012-10-09,6.0,-0.2,12.2,0.0,0.0,0.0
2012-10-10,4.6,-1.6,10.9,0.0,0.0,0.0
2012-10-11,4.5,-2.4,11.5,0.0,0.0,0.0
2012-10-12,9.0,7.0,11.0,0.0,0.0,0.0
2012-10-13,5.0,3.7,6.4,0.0,0.0,0.0050799972
2012-10-14,7.9,4.5,11.4,0.0,0.0,0.0
2012-10-15,9.0,9.1,11.9,0.0,0.0,0.0101599945
2012-10-16,3.4,-1.3,8.0,0.0,0.0,0.045719974
2012-10-17,0.0,-2.3,2.2,0.0,0.0,0.0
2012-10-18,3.7,-2.0,9.4,0.0,0.0,0.0025399986
2012-10-19,6.2,3.9,8.5,0.0,0.0,0.0101599945
2012-10-20,-0.4,-3.7,4.7,0.0,0.0,0.007619996
2012-10-21,-1.6,-4.5,3.0,0.050799973,0.007619996,0.0
2012-10-22,-2.1,-5.3,2.4,0.050799973,0.007619996,0.012699993
2012-10-23,-3.2,-6.5,1.0,0.10159995,0.015239992,0.0025399986
2012-10-24,-4.2,-8.7,0.6,0.10159995,0.017779991,0.0
2012-10-25,-6.9,-10.4,-2.4,0.10159995,0.017779991,0.0
2012-10-26,-4.0,-5.3,-1.3,0.10159995,0.017779991,0.0050799972
2012-10-27,-1.8,-4.0,0.5,0.076199956,0.017779991,0.0101599945
2012-10-28,3.3,0.3,5.2,0.17779991,0.027939985,0.0101599945
2012-10-29,4.3,2.4,5.3,0.10159995,0.027939985,0.033019982
2012-10-30,6.1,2.9,8.1,0.025399987,0.0101599945,0.0
2012-10-31,8.9,4.7,11.9,0.0,0.0,0.0
2012-11-01,4.8,0.7,10.8,0.0,0.0,0.0
2012-11-02,1.7,0.7,3.8,0.0,0.0,0.0050799972
2012-11-03,3.5,2.0,5.5,0.0,0.0,0.0025399986
2012-11-04,4.3,2.9,5.3,0.0,0.0,0.0025399986
2012-11-05,6.9,4.8,9.7,0.0,0.0,0.0025399986
2012-11-06,8.2,4.8,11.0,0.0,0.0,0.0
2012-11-07,2.8,-4.8,9.0,0.0,0.0,0.0050799972
2012-11-08,-6.3,-7.8,-3.0,0.0,0.0,0.017779991
2012-11-09,-11.7,-16.3,-7.2,0.17779991,0.017779991,0.007619996
2012-11-10,-13.9,-18.7,-8.1,0.25399986,0.025399987,0.0
2012-11-11,-10.1,-12.7,-7.1,0.2031999,0.025399987,0.007619996
2012-11-12,-4.0,-7.8,-1.4,0.15239991,0.033019982,0.0050799972
2012-11-13,-1.9,-2.9,-1.0,0.12699993,0.038099978,0.0050799972
2012-11-14,-1.3,-2.3,-0.5,0.17779991,0.043179978,0.007619996
2012-11-15,-0.8,-3.7,2.2,0.2031999,0.050799973,0.0
2012-11-16,2.1,0.1,4.2,0.2031999,0.050799973,0.0
2012-11-17,2.9,0.3,6.2,0.17779991,0.050799973,0.0
2012-11-18,-1.0,-3.8,4.3,0.17779991,0.050799973,0.0
2012-11-19,2.2,-1.4,4.7,0.17779991,0.050799973,0.007619996
2012-11-20,4.1,1.0,5.9,0.17779991,0.05841997,0.012699993
2012-11-21,-1.5,-5.3,1.7,0.30479982,0.071119964,0.030479984
2012-11-22,-4.9,-5.9,-1.4,0.5333997,0.10159995,0.012699993
2012-11-23,1.1,-3.1,3.4,0.5333997,0.11429994,0.015239992
2012-11-24,-0.8,-3.1,0.9,0.5079997,0.12953994,0.017779991
2012-11-25,-5.3,-8.9,-2.5,0.60959965,0.14731993,0.0
2012-11-26,-4.3,-9.3,-0.5,0.58419967,0.14477992,0.0025399986
2012-11-27,-0.6,-3.5,2.5,0.5587997,0.14477992,0.022859987
2012-11-28,3.5,1.4,5.7,0.58419967,0.16763991,0.0
2012-11-29,1.9,-0.4,4.1,0.5587997,0.16763991,0.020319989
2012-11-30,1.8,0.7,3.6,0.63499963,0.1879599,0.017779991
2012-12-01,0.8,-0.4,2.0,0.7365996,0.20573989,0.022859987
2012-12-02,0.1,-3.7,3.7,0.8127996,0.22859988,0.048259974
2012-12-03,-2.5,-3.4,-1.5,1.0413995,0.27685985,0.027939985
2012-12-04,0.2,-3.3,3.0,1.1175994,0.30479982,0.027939985
2012-12-05,-1.3,-5.9,3.1,1.1429994,0.33273983,0.012699993
2012-12-06,-6.1,-7.2,-5.1,1.1429994,0.34289983,0.0050799972
2012-12-07,-5.7,-7.1,-4.6,1.1937994,0.3479798,0.027939985
2012-12-08,-10.1,-14.4,-6.2,1.4223993,0.3759198,0.007619996
2012-12-09,-11.6,-14.4,-7.0,1.4477992,0.3835398,0.020319989
2012-12-10,-5.6,-7.8,-2.6,1.4223993,0.4038598,0.0050799972
2012-12-11,-2.9,-5.0,-1.9,1.4223993,0.40893978,0.05841997
2012-12-12,-2.9,-4.6,-1.0,1.6255991,0.46735975,0.0050799972
2012-12-13,-5.9,-6.9,-4.3,1.5747992,0.47243974,0.0025399986
2012-12-14,-4.7,-7.2,-2.3,1.5493991,0.47497976,0.0050799972
2012-12-15,-7.0,-8.3,-6.2,1.4985992,0.48005974,0.0
2012-12-16,-7.2,-7.7,-5.7,1.4477992,0.48005974,0.007619996
2012-12-17,-4.9,-8.7,-2.0,1.5239992,0.48767975,0.025399987
2012-12-18,-10.1,-11.4,-8.6,1.6255991,0.5130797,0.012699993
2012-12-19,-10.0,-11.5,-7.6,1.6763991,0.5257797,0.007619996
2012-12-20,-3.4,-7.9,-0.4,1.6763991,0.5333997,0.0050799972
2012-12-21,-1.2,-3.2,1.2,1.6255991,0.5384797,0.0050799972
2012-12-22,-1.7,-3.9,0.7,1.6255991,0.5410197,0.0025399986
2012-12-23,-5.0,-7.8,-2.8,1.6763991,0.54355973,0.007619996
2012-12-24,-12.5,-16.4,-7.2,1.701799,0.5511797,0.0025399986
2012-12-25,-7.4,-9.5,-3.4,1.7271991,0.5537197,0.0025399986
2012-12-26,-7.2,-9.2,-3.1,1.7271991,0.5562597,0.0
2012-12-27,-7.1,-10.8,-4.1,1.701799,0.5562597,0.0025399986
2012-12-28,-7.3,-8.5,-5.6,1.6763991,0.5587997,0.0
2012-12-29,-7.4,-10.0,-4.7,1.6255991,0.5587997,0.0
2012-12-30,-9.8,-13.3,-4.4,1.6001991,0.5587997,0.0
2012-12-31,-9.2,-12.7,-5.0,1.5747992,0.5587997,0.0
2013-01-01,-8.6,-13.1,-2.8,1.5493991,0.5587997,0.0
2013-01-02,-9.0,-15.6,-0.7,1.5493991,0.5587997,0.0
2013-01-03,0.7,-5.7,6.6,1.5239992,0.5587997,0.0
2013-01-04,-3.0,-4.1,0.5,1.5239992,0.5587997,0.0
2013-01-05,-1.2,-5.8,3.0,1.5239992,0.5587997,0.0
2013-01-06,-3.5,-5.7,0.2,1.4985992,0.5587997,0.007619996
2013-01-07,-3.6,-5.4,-1.9,1.5493991,0.5664197,0.030479984
2013-01-08,-2.9,-4.5,0.6,1.6763991,0.5968997,0.015239992
2013-01-09,0.6,-0.6,2.0,1.7271991,0.61213964,0.025399987
2013-01-10,-9.2,-16.8,0.0,1.854199,0.6375397,0.0
2013-01-11,-16.4,-18.4,-14.1,1.854199,0.6375397,0.0
2013-01-12,-15.3,-18.9,-9.2,1.828799,0.63245964,0.0
2013-01-13,-14.8,-17.1,-10.8,1.777999,0.63245964,0.012699993
2013-01-14,-12.7,-16.4,-7.1,1.828799,0.64515966,0.0050799972
2013-01-15,-6.1,-9.4,-0.7,1.879599,0.65023965,0.0
2013-01-16,-0.4,-2.4,1.6,1.7271991,0.64261967,0.0
2013-01-17,0.3,-1.2,2.4,1.701799,0.6375397,0.0025399986
2013-01-18,-0.1,-2.7,2.6,1.701799,0.6375397,0.0
2013-01-19,-0.2,-2.5,1.9,1.6509991,0.62991965,0.0
2013-01-20,-1.7,-10.2,3.4,1.6001991,0.62991965,0.0
2013-01-21,1.1,-0.8,3.1,1.5747992,0.62991965,0.0
2013-01-22,2.5,-1.3,7.0,1.5747992,0.62737966,0.0
2013-01-23,4.0,0.8,6.9,1.5493991,0.62737966,0.0025399986
2013-01-24,-1.5,-3.2,1.1,1.5239992,0.62991965,0.007619996
2013-01-25,0.3,-2.3,1.5,1.6001991,0.6375397,0.0025399986
2013-01-26,-0.4,-4.6,3.2,1.6001991,0.6400797,0.0
2013-01-27,-6.1,-7.8,-4.0,1.6001991,0.6400797,0.0025399986
2013-01-28,-7.7,-8.8,-6.2,1.6509991,0.64261967,0.0101599945
2013-01-29,-9.6,-13.8,-5.6,1.752599,0.65277964,0.0025399986
2013-01-30,-3.2,-6.1,-0.6,1.777999,0.65531963,0.0101599945
2013-01-31,-1.3,-2.7,1.5,1.803399,0.66547966,0.012699993
2013-02-01,-2.4,-3.8,-0.4,1.828799,0.6781796,0.007619996
2013-02-02,-1.1,-3.8,2.9,1.879599,0.68579966,0.0
2013-02-03,-1.1,-2.9,1.4,1.803399,0.68579966,0.0
2013-02-04,-2.3,-3.1,-1.7,1.777999,0.68579966,0.0
2013-02-05,-1.2,-3.3,0.7,1.777999,0.68579966,0.0025399986
2013-02-06,-3.8,-5.5,-2.6,1.752599,0.68579966,0.0050799972
2013-02-07,-2.3,-5.4,0.8,1.777999,0.68833965,0.0
2013-02-08,-2.8,-6.2,5.2,1.752599,0.68833965,0.0
2013-02-09,-6.0,-8.7,-3.5,1.752599,0.68833965,0.007619996
2013-02-10,-7.1,-9.2,-2.6,1.828799,0.69341964,0.0
2013-02-11,-5.4,-9.5,-0.2,1.777999,0.69341964,0.0025399986
2013-02-12,-4.2,-5.6,-3.1,1.777999,0.6959596,0.0025399986
2013-02-13,-2.7,-7.1,0.1,1.777999,0.6984996,0.015239992
2013-02-14,-5.8,-10.3,-1.6,1.828799,0.71373963,0.0050799972
2013-02-15,-2.3,-5.5,1.2,1.854199,0.7188196,0.0050799972
2013-02-16,0.4,-3.2,2.7,1.854199,0.7238996,0.007619996
2013-02-17,-4.8,-8.1,-0.5,1.955799,0.7315196,0.0025399986
2013-02-18,-5.2,-8.6,-1.5,1.904999,0.7315196,0.0050799972
2013-02-19,-3.6,-6.1,0.4,1.904999,0.7365996,0.0
2013-02-20,-5.4,-9.1,2.0,1.879599,0.7365996,0.0
2013-02-21,-7.8,-9.7,-5.8,1.854199,0.73405963,0.0050799972
2013-02-22,-5.0,-7.0,-2.5,1.854199,0.7391396,0.025399987
2013-02-23,-6.1,-7.7,-2.8,1.955799,0.7645396,0.0101599945
2013-02-24,-6.9,-8.4,-5.1,2.0319989,0.77469957,0.012699993
2013-02-25,-5.0,-6.5,-3.3,2.0319989,0.7873996,0.0025399986
2013-02-26,-6.3,-7.9,-2.6,2.082799,0.7899396,0.0
2013-02-27,-5.2,-8.1,-1.8,2.0319989,0.7899396,0.0025399986
2013-02-28,-2.6,-5.2,-0.2,2.006599,0.7924796,0.0025399986
2013-03-01,1.3,-1.0,3.8,1.9811989,0.7924796,0.0025399986
2013-03-02,2.8,0.6,6.0,1.9811989,0.79501957,0.0025399986
2013-03-03,-4.9,-9.6,0.7,1.955799,0.79755956,0.0050799972
2013-03-04,-9.4,-12.6,-0.5,2.0319989,0.80263954,0.0
2013-03-05,-4.2,-10.4,3.8,2.0319989,0.80263954,0.0050799972
2013-03-06,-0.6,-3.9,3.8,2.006599,0.8077196,0.0050799972
2013-03-07,-3.1,-5.4,-0.1,2.0573988,0.8127996,0.0
2013-03-08,-1.7,-5.2,2.8,2.0573988,0.8127996,0.0
2013-03-09,-1.8,-6.2,3.9,2.0319989,0.8127996,0.0
2013-03-10,-1.9,-4.4,3.9,2.006599,0.8127996,0.0
2013-03-11,-3.8,-9.9,2.7,2.006599,0.8127996,0.0
2013-03-12,-0.6,-5.0,2.2,1.9811989,0.8077196,0.015239992
2013-03-13,3.9,1.1,6.6,2.0319989,0.82295954,0.0
2013-03-14,6.1,3.1,9.0,1.9811989,0.82295954,0.0025399986
2013-03-15,2.5,0.1,5.2,1.955799,0.82549953,0.0025399986
2013-03-16,-0.3,-2.2,2.2,1.904999,0.8280395,0.012699993
2013-03-17,-5.9,-8.0,2.2,2.0573988,0.84073955,0.007619996
2013-03-18,-7.0,-8.2,-5.4,2.1589987,0.8483595,0.015239992
2013-03-19,-3.6,-8.5,9.0,2.2859988,0.86359954,0.0101599945
2013-03-20,0.6,-3.8,4.9,2.2351987,0.8737595,0.0050799972
2013-03-21,-6.5,-8.6,-3.4,2.184399,0.87883955,0.0050799972
2013-03-22,-9.3,-14.0,1.0,2.2097988,0.88391954,0.0
2013-03-23,-6.8,-13.5,-0.2,2.2097988,0.88391954,0.0025399986
2013-03-24,-6.4,-13.1,0.3,2.2097988,0.8864595,0.0025399986
2013-03-25,-2.7,-7.8,3.0,2.184399,0.8889995,0.0
2013-03-26,0.8,-3.5,4.9,2.1589987,0.8889995,0.0
2013-03-27,2.8,-0.6,7.0,2.108199,0.8889995,0.0025399986
2013-03-28,3.3,-0.8,7.5,2.082799,0.8864595,0.0
2013-03-29,4.2,0.6,7.8,2.0319989,0.8864595,0.0
2013-03-30,4.4,0.0,8.5,2.0319989,0.88137954,0.0
2013-03-31,4.2,-0.3,8.8,2.006599,0.87883955,0.0
2013-04-01,6.1,-0.2,11.9,1.955799,0.87883955,0.0025399986
2013-04-02,6.6,3.5,9.2,1.930399,0.87883955,0.0
2013-04-03,5.1,2.8,9.0,1.904999,0.8737595,0.017779991
2013-04-04,6.0,3.2,11.6,1.854199,0.8915395,0.0050799972
2013-04-05,2.7,0.8,5.3,1.828799,0.8889995,0.0025399986
2013-04-06,0.9,-1.4,4.6,1.803399,0.87883955,0.0101599945
2013-04-07,-0.7,-8.6,7.2,1.854199,0.8889995,0.015239992
2013-04-08,-8.4,-12.8,-2.8,1.9811989,0.9016995,0.0
2013-04-09,-3.2,-13.8,7.4,1.930399,0.9016995,0.0025399986
2013-04-10,0.8,-4.2,5.9,1.879599,0.8966195,0.0
2013-04-11,0.0,-3.0,3.2,1.854199,0.8966195,0.0050799972
2013-04-12,0.6,-3.8,2.5,1.879599,0.8991595,0.007619996
2013-04-13,-3.0,-6.1,0.4,1.879599,0.9067795,0.0025399986
2013-04-14,-5.9,-11.4,0.2,1.955799,0.9093195,0.0101599945
2013-04-15,-8.4,-12.9,-4.5,2.1335988,0.9169395,0.0
2013-04-16,-8.2,-11.6,-4.8,2.0573988,0.9169395,0.0025399986
2013-04-17,-5.6,-11.5,0.2,2.006599,0.9143995,0.0025399986
2013-04-18,-2.3,-5.1,0.5,1.955799,0.9143995,0.0
2013-04-19,0.8,-2.3,3.6,1.955799,0.9093195,0.015239992
2013-04-20,1.3,-0.6,5.1,1.955799,0.9245595,0.015239992
2013-04-21,-6.8,-10.9,-2.2,2.006599,0.9397995,0.020319989
2013-04-22,-5.1,-12.1,2.3,2.2097988,0.9601195,0.0050799972
2013-04-23,-2.3,-6.5,1.9,2.082799,0.9626595,0.0
2013-04-24,1.1,-3.6,5.8,2.082799,0.9626595,0.0
2013-04-25,4.9,0.4,10.0,2.0573988,0.9626595,0.0
2013-04-26,7.5,3.6,11.4,2.006599,0.9575795,0.033019982
2013-04-27,6.4,2.0,10.7,1.930399,0.99059945,0.0050799972
2013-04-28,5.6,2.1,9.0,1.879599,0.98805946,0.0
2013-04-29,-1.6,-4.9,1.8,1.854199,0.96773946,0.017779991
2013-04-30,-5.2,-8.0,-2.4,2.0319989,0.97281945,0.007619996
2013-05-01,-4.6,-8.2,-1.1,2.1335988,0.96773946,0.0101599945
2013-05-02,3.6,-1.3,8.5,2.0319989,0.96773946,0.0
2013-05-03,4.8,1.7,8.0,1.9811989,0.96773946,0.0025399986
2013-05-04,3.6,0.9,5.9,1.955799,0.97027946,0.0025399986
2013-05-05,6.6,1.5,11.8,1.930399,0.97281945,0.0101599945
2013-05-06,11.6,6.1,17.0,1.879599,0.9829795,0.0
2013-05-07,9.8,5.4,14.2,1.828799,0.9499595,0.0
2013-05-08,10.3,5.1,15.6,1.752599,0.9016995,0.0
2013-05-09,6.5,0.1,12.9,1.6763991,0.8737595,0.0
2013-05-10,10.6,6.0,16.0,1.5747992,0.83819956,0.0
2013-05-11,12.2,6.6,17.9,1.5239992,0.7924796,0.0
2013-05-12,15.2,11.4,19.1,1.4477992,0.7442196,0.0
2013-05-13,10.5,3.4,17.6,1.3207992,0.7010396,0.007619996
2013-05-14,7.9,3.2,9.6,1.1937994,0.68579966,0.0050799972
2013-05-15,8.2,3.9,12.5,1.1175994,0.62991965,0.0025399986
2013-05-16,7.6,4.7,10.5,1.0921994,0.5689597,0.007619996
2013-05-17,8.5,4.1,12.9,1.0413995,0.5308597,0.0050799972
2013-05-18,6.4,3.9,9.0,1.0159994,0.5283197,0.0025399986
2013-05-19,6.3,3.7,8.9,0.9143995,0.49021974,0.0
2013-05-20,7.9,5.2,10.6,0.86359954,0.46735975,0.0025399986
2013-05-21,9.5,4.5,14.5,0.83819956,0.44195977,0.0
2013-05-22,5.2,1.5,9.0,0.7619996,0.4038598,0.007619996
2013-05-23,2.7,0.0,5.4,0.71119964,0.3809998,0.015239992
2013-05-24,5.3,0.8,9.8,0.6603996,0.3759198,0.0025399986
2013-05-25,5.4,0.0,10.7,0.63499963,0.35559982,0.0
2013-05-26,6.2,2.3,10.1,0.60959965,0.33273983,0.0025399986
2013-05-27,7.0,3.8,10.3,0.5333997,0.29971984,0.0
2013-05-28,6.0,4.3,7.6,0.45719975,0.26161987,0.0101599945
2013-05-29,6.6,1.8,11.4,0.4063998,0.23875988,0.015239992
2013-05-30,4.8,2.5,7.3,0.3809998,0.1930399,0.0025399986
2013-05-31,4.3,2.0,6.3,0.27939984,0.16001992,0.0
2013-06-01,7.6,3.4,11.8,0.25399986,0.14731993,0.0
2013-06-02,6.8,2.9,10.9,0.2031999,0.10413995,0.015239992
2013-06-03,4.2,1.7,7.5,0.17779991,0.088899955,0.0101599945
2013-06-04,4.4,0.5,8.3,0.15239991,0.076199956,0.0
2013-06-05,10.8,6.1,15.6,0.076199956,0.045719974,0.0
2013-06-06,13.2,9.9,16.6,0.0,0.0,0.0
2013-06-07,13.0,9.5,15.8,0.0,0.0,0.0
2013-06-08,11.9,7.9,16.4,0.0,0.0,0.0
2013-06-09,12.7,7.8,17.6,0.0,0.0,0.0
2013-06-10,13.3,7.2,19.4,0.0,0.0,0.0
2013-06-11,11.3,7.2,15.4,0.0,0.0,0.0
2013-06-12,13.7,7.7,19.0,0.0,0.0,0.0
2013-06-13,8.1,3.9,12.3,0.0,0.0,0.017779991
2013-06-14,5.5,2.7,8.3,0.0,0.0,0.0
2013-06-15,9.6,4.5,14.7,0.0,0.0,0.0
2013-06-16,13.3,9.0,17.6,0.0,0.0,0.0
2013-06-17,13.8,7.2,20.3,0.0,0.0,0.0
2013-06-18,14.6,7.5,21.7,0.0,0.0,0.0025399986
2013-06-19,8.6,2.4,14.8,0.0,0.0,0.012699993
2013-06-20,4.3,1.8,6.8,0.0,0.0,0.017779991
2013-06-21,5.5,1.2,9.8,0.0,0.0,0.0
2013-06-22,6.2,1.7,10.7,0.0,0.0,0.0
2013-06-23,8.9,2.9,14.8,0.0,0.0,0.0
2013-06-24,11.1,4.7,17.5,0.0,0.0,0.0
2013-06-25,9.2,4.1,14.4,0.0,0.0,0.0
2013-06-26,10.5,7.2,14.2,0.0,0.0,0.0
2013-06-27,14.2,8.2,20.2,0.0,0.0,0.0
2013-06-28,15.8,9.9,21.7,0.0,0.0,0.0
2013-06-29,17.0,11.7,22.4,0.0,0.0,0.0
2013-06-30,17.6,11.8,23.4,0.0,0.0,0.0
2013-07-01,18.4,11.9,24.8,0.0,0.0,0.0
2013-07-02,20.6,13.6,27.6,0.0,0.0,0.0050799972
2013-07-03,19.9,16.7,23.7,0.0,0.0,0.0025399986
2013-07-04,17.5,13.9,22.4,0.0,0.0,0.0
2013-07-05,15.1,10.5,20.8,0.0,0.0,0.0
2013-07-06,13.8,8.0,20.1,0.0,0.0,0.0
2013-07-07,15.7,9.0,22.2,0.0,0.0,0.0
2013-07-08,13.9,9.3,17.9,0.0,0.0,0.0050799972
2013-07-09,15.4,10.0,20.5,0.0,0.0,0.0
2013-07-10,19.9,13.8,26.1,0.0,0.0,0.0
2013-07-11,16.4,11.4,19.9,0.0,0.0,0.0
2013-07-12,13.4,9.7,19.2,0.0,0.0,0.0050799972
2013-07-13,12.8,8.3,18.7,0.0,0.0,0.0
2013-07-14,15.4,9.5,21.0,0.0,0.0,0.0
2013-07-15,17.2,7.7,23.0,0.0,0.0,0.0
2013-07-16,12.5,6.4,18.6,0.0,0.0,0.0
2013-07-17,17.0,11.2,22.8,0.0,0.0,0.0
2013-07-18,17.7,12.8,22.6,0.0,0.0,0.0
2013-07-19,18.3,14.0,23.0,0.0,0.0,0.0
2013-07-20,17.4,12.0,22.7,0.0,0.0,0.0
2013-07-21,18.6,14.2,23.1,0.0,0.0,0.0
2013-07-22,18.7,15.0,22.8,0.0,0.0,0.0
2013-07-23,19.1,13.6,22.8,0.0,0.0,0.0
2013-07-24,19.3,12.7,25.9,0.0,0.0,0.0
2013-07-25,17.9,11.9,24.6,0.0,0.0,0.0
2013-07-26,20.5,15.0,25.4,0.0,0.0,0.0
2013-07-27,18.5,13.2,23.8,0.0,0.0,0.0
2013-07-28,14.4,7.7,21.1,0.0,0.0,0.0
2013-07-29,13.6,6.6,20.7,0.0,0.0,0.0
2013-07-30,12.5,7.3,18.8,0.0,0.0,0.0
2013-07-31,17.2,11.3,23.1,0.0,0.0,0.0
2013-08-01,11.2,8.0,14.3,0.0,0.0,0.0101599945
2013-08-02,9.2,7.2,12.3,0.0,0.0,0.0
2013-08-03,12.6,7.0,17.8,0.0,0.0,0.0
2013-08-04,14.7,10.0,19.4,0.0,0.0,0.0
2013-08-05,14.9,11.4,18.4,0.0,0.0,0.0
2013-08-06,17.1,11.4,22.4,0.0,0.0,0.0
2013-08-07,16.9,11.9,22.1,0.0,0.0,0.0
2013-08-08,15.2,10.8,20.4,0.0,0.0,0.0
2013-08-09,15.0,10.0,20.0,0.0,0.0,0.0025399986
2013-08-10,16.6,11.9,21.4,0.0,0.0,0.0
2013-08-11,16.9,11.6,22.2,0.0,0.0,0.0050799972
2013-08-12,17.6,12.0,22.8,0.0,0.0,0.0
2013-08-13,16.7,12.0,21.4,0.0,0.0,0.0
2013-08-14,17.0,12.3,21.7,0.0,0.0,0.0
2013-08-15,20.2,16.0,24.5,0.0,0.0,0.0
2013-08-16,22.2,18.4,25.4,0.0,0.0,0.0
2013-08-17,18.7,14.2,22.5,0.0,0.0,0.0
2013-08-18,18.3,14.2,22.3,0.0,0.0,0.0
2013-08-19,18.0,14.1,22.0,0.0,0.0,0.0
2013-08-20,17.6,12.2,23.0,0.0,0.0,0.0
2013-08-21,17.4,11.9,22.8,0.0,0.0,0.0
2013-08-22,18.9,13.9,24.0,0.0,0.0,0.0
2013-08-23,17.8,14.3,21.4,0.0,0.0,0.0
2013-08-24,17.7,12.9,22.9,0.0,0.0,0.0
2013-08-25,17.5,13.0,22.0,0.0,0.0,0.0
2013-08-26,17.4,13.3,21.6,0.0,0.0,0.0
2013-08-27,18.4,14.0,22.9,0.0,0.0,0.0
2013-08-28,17.2,13.6,20.9,0.0,0.0,0.0
2013-08-29,18.7,14.4,23.0,0.0,0.0,0.0
2013-08-30,16.8,11.5,22.0,0.0,0.0,0.0
2013-08-31,15.4,9.5,21.4,0.0,0.0,0.0
2013-09-01,18.0,13.8,22.2,0.0,0.0,0.0
2013-09-02,19.8,15.6,23.9,0.0,0.0,0.0
2013-09-03,18.8,14.9,22.9,0.0,0.0,0.0
2013-09-04,18.1,13.6,22.6,0.0,0.0,0.0
2013-09-05,17.9,12.3,23.5,0.0,0.0,0.0025399986
2013-09-06,16.9,13.0,21.5,0.0,0.0,0.0
2013-09-07,15.8,11.2,20.4,0.0,0.0,0.0
2013-09-08,11.0,7.3,14.7,0.0,0.0,0.0
2013-09-09,12.0,7.5,16.3,0.0,0.0,0.0
2013-09-10,15.9,10.4,21.0,0.0,0.0,0.0
2013-09-11,16.4,11.9,19.7,0.0,0.0,0.0
2013-09-12,16.9,11.5,22.6,0.0,0.0,0.0
2013-09-13,18.5,14.6,21.6,0.0,0.0,0.0
2013-09-14,13.8,10.4,17.3,0.0,0.0,0.0
2013-09-15,15.6,10.2,20.2,0.0,0.0,0.0
2013-09-16,18.5,10.9,24.8,0.0,0.0,0.0025399986
2013-09-17,10.4,7.8,13.0,0.0,0.0,0.0050799972
2013-09-18,5.1,3.3,6.2,0.0,0.0,0.0101599945
2013-09-19,7.0,2.7,11.2,0.0,0.0,0.0
2013-09-20,12.8,7.1,18.8,0.0,0.0,0.0
2013-09-21,13.0,7.9,18.0,0.0,0.0,0.0
2013-09-22,6.6,4.3,9.5,0.0,0.0,0.0050799972
2013-09-23,4.1,2.2,6.4,0.0,0.0,0.007619996
2013-09-24,4.2,1.8,7.1,0.0,0.0,0.0050799972
2013-09-25,1.8,-0.1,3.9,0.0,0.0,0.0101599945
2013-09-26,0.0,-2.0,3.9,0.025399987,0.0101599945,0.0025399986
2013-09-27,1.2,-2.2,4.9,0.025399987,0.007619996,0.0025399986
2013-09-28,4.0,0.7,6.5,0.0,0.0,0.012699993
2013-09-29,2.8,0.9,6.9,0.0,0.0,0.015239992
2013-09-30,1.3,-0.2,3.4,0.050799973,0.012699993,0.015239992
2013-10-01,1.1,-0.4,3.3,0.025399987,0.017779991,0.0050799972
2013-10-02,3.1,-1.8,8.1,0.076199956,0.022859987,0.0
2013-10-03,-1.9,-2.9,-0.3,0.050799973,0.020319989,0.0
2013-10-04,0.6,-5.2,5.4,0.050799973,0.020319989,0.0
2013-10-05,5.0,0.5,8.6,0.025399987,0.0101599945,0.0
2013-10-06,9.9,6.1,12.7,0.0,0.0,0.0
2013-10-07,8.1,1.3,12.4,0.0,0.0,0.0
2013-10-08,0.9,-1.0,4.5,0.0,0.0,0.0
2013-10-09,2.7,-0.9,7.4,0.0,0.0,0.0
2013-10-10,2.6,0.0,6.2,0.0,0.0,0.0
2013-10-11,0.9,-1.1,4.7,0.0,0.0,0.0
2013-10-12,0.2,-2.3,3.8,0.0,0.0,0.0
2013-10-13,0.6,-1.4,4.8,0.0,0.0,0.0
2013-10-14,-0.3,-1.6,3.3,0.0,0.0,0.0
2013-10-15,1.6,-2.4,5.6,0.0,0.0,0.0
2013-10-16,0.5,-2.1,3.6,0.0,0.0,0.0
2013-10-17,0.2,-2.9,4.2,0.0,0.0,0.0025399986
2013-10-18,3.3,-1.4,8.0,0.0,0.0,0.0
2013-10-19,7.0,1.6,12.4,0.0,0.0,0.0
2013-10-20,4.4,0.6,8.2,0.0,0.0,0.0
2013-10-21,6.1,2.4,9.8,0.0,0.0,0.0
2013-10-22,8.9,5.3,12.2,0.0,0.0,0.0025399986
2013-10-23,8.4,3.5,13.2,0.0,0.0,0.0
2013-10-24,9.6,4.4,14.8,0.0,0.0,0.0
2013-10-25,9.8,5.6,14.0,0.0,0.0,0.0
2013-10-26,8.1,5.5,11.7,0.0,0.0,0.0
2013-10-27,1.0,-8.0,8.3,0.0,0.0,0.0025399986
2013-10-28,-9.8,-11.3,-7.5,0.0,0.0,0.0025399986
2013-10-29,-2.8,-10.8,5.0,0.0,0.0,0.0
2013-10-30,-0.1,-3.4,2.8,0.0,0.0,0.0
2013-10-31,-0.6,-2.3,1.5,0.0,0.0,0.0
2013-11-01,0.3,-1.0,1.8,0.0,0.0,0.0050799972
2013-11-02,1.2,-3.9,6.8,0.025399987,0.0050799972,0.0050799972
2013-11-03,-4.7,-7.2,-3.2,0.050799973,0.0101599945,0.0025399986
2013-11-04,-5.4,-8.2,-2.6,0.076199956,0.012699993,0.0025399986
2013-11-05,-5.7,-8.9,-1.6,0.12699993,0.015239992,0.0
2013-11-06,-2.7,-4.5,-1.3,0.076199956,0.015239992,0.0025399986
2013-11-07,0.7,-2.5,3.4,0.10159995,0.017779991,0.020319989
2013-11-08,-2.0,-3.3,-0.4,0.12699993,0.038099978,0.012699993
2013-11-09,-1.5,-4.4,1.8,0.17779991,0.050799973,0.0025399986
2013-11-10,3.0,1.1,4.4,0.15239991,0.050799973,0.007619996
2013-11-11,4.3,0.7,8.0,0.17779991,0.05841997,0.0
2013-11-12,7.2,3.7,11.0,0.15239991,0.05841997,0.0
2013-11-13,1.3,-1.2,3.9,0.15239991,0.05841997,0.0
2013-11-14,-1.3,-2.6,0.0,0.15239991,0.05587997,0.0
2013-11-15,-3.8,-4.7,-2.3,0.15239991,0.05587997,0.0
2013-11-16,-4.3,-6.1,-2.3,0.15239991,0.05333997,0.020319989
2013-11-17,-4.9,-6.1,-2.6,0.35559982,0.073659964,0.040639978
2013-11-18,0.1,-3.2,2.5,0.63499963,0.11429994,0.045719974
2013-11-19,1.2,0.1,2.4,0.7365996,0.16001992,0.020319989
2013-11-20,-8.0,-15.0,0.5,0.7365996,0.1803399,0.0025399986
2013-11-21,-8.0,-13.4,-3.1,0.71119964,0.1803399,0.0
2013-11-22,-3.6,-8.5,1.4,0.68579966,0.1803399,0.0
2013-11-23,-0.2,-5.2,1.4,0.68579966,0.1803399,0.0
2013-11-24,1.4,-3.1,6.0,0.63499963,0.1803399,0.0
2013-11-25,0.7,-3.1,4.6,0.63499963,0.1803399,0.0
2013-11-26,5.2,2.7,7.4,0.60959965,0.1803399,0.0
2013-11-27,3.2,1.4,7.3,0.60959965,0.1803399,0.0
2013-11-28,2.9,0.8,6.3,0.58419967,0.1803399,0.0
2013-11-29,1.4,-1.3,3.5,0.58419967,0.1803399,0.0
2013-11-30,-0.3,-1.3,1.0,0.58419967,0.1803399,0.0050799972
2013-12-01,-0.1,-0.8,1.0,0.58419967,0.1854199,0.05587997
2013-12-02,-6.2,-17.3,0.9,0.9143995,0.24129987,0.012699993
2013-12-03,-19.8,-22.1,-17.1,0.99059945,0.25399986,0.0
2013-12-04,-21.2,-24.4,-14.3,0.9397995,0.25399986,0.0
2013-12-05,-21.3,-28.8,-11.7,0.9143995,0.25399986,0.0
2013-12-06,-28.5,-32.6,-20.7,0.9143995,0.25399986,0.0025399986
2013-12-07,-21.9,-29.7,-11.0,0.9143995,0.25653985,0.0
2013-12-08,-21.1,-24.6,-17.1,0.8889995,0.25653985,0.0
2013-12-09,-14.1,-20.6,-9.6,0.8889995,0.25653985,0.043179978
2013-12-10,-9.8,-10.8,-7.9,1.0159994,0.29971984,0.0050799972
2013-12-11,-7.2,-9.9,-3.7,1.0921994,0.30479982,0.0
2013-12-12,-1.9,-4.0,-0.1,0.99059945,0.29209983,0.0
2013-12-13,-2.9,-4.7,-0.3,0.9143995,0.28955984,0.007619996
2013-12-14,-1.2,-3.1,1.0,0.9143995,0.29717985,0.0
2013-12-15,0.5,-0.5,1.8,0.8889995,0.29463986,0.0
2013-12-16,-0.5,-1.7,1.4,0.8889995,0.29209983,0.0
2013-12-17,2.6,-1.6,5.3,0.8889995,0.28955984,0.0
2013-12-18,-2.3,-15.0,1.3,0.8889995,0.28955984,0.0
2013-12-19,-12.4,-19.5,-4.3,0.8889995,0.28955984,0.0025399986
2013-12-20,-8.9,-11.2,-6.2,0.9397995,0.29209983,0.0025399986
2013-12-21,-7.0,-9.0,-5.1,0.99059945,0.29463986,0.0025399986
2013-12-22,-4.5,-6.3,-1.1,0.9397995,0.29717985,0.0
2013-12-23,-1.2,-3.7,0.8,0.9397995,0.29717985,0.030479984
2013-12-24,-5.3,-6.4,-3.4,1.1175994,0.32765982,0.007619996
2013-12-25,-2.3,-6.5,1.5,1.1175994,0.33527982,0.017779991
2013-12-26,1.2,-1.5,3.3,1.1175994,0.3530598,0.0
2013-12-27,3.0,-1.7,5.8,1.0921994,0.3479798,0.0
2013-12-28,-5.3,-12.1,-1.5,1.0921994,0.34543982,0.0025399986
2013-12-29,-5.4,-7.2,-2.8,1.1175994,0.3479798,0.007619996
2013-12-30,-1.6,-4.1,0.1,1.1175994,0.35559982,0.0101599945
2013-12-31,-1.1,-3.5,0.4,1.1683993,0.3657598,0.012699993
2014-01-01,-3.6,-4.8,-0.9,1.1937994,0.37845978,0.0025399986
2014-01-02,-0.5,-3.1,1.7,1.1683993,0.3809998,0.0050799972
2014-01-03,-4.7,-9.0,1.3,1.1429994,0.3860798,0.030479984
2014-01-04,-12.1,-20.3,-7.7,1.4223993,0.4165598,0.0025399986
2014-01-05,-16.5,-24.5,-9.0,1.4477992,0.41909978,0.007619996
2014-01-06,-3.0,-9.4,1.4,1.3969992,0.42671975,0.0
2014-01-07,-2.5,-4.2,-0.5,1.3461993,0.42671975,0.0025399986
2014-01-08,-2.4,-3.1,-1.8,1.3207992,0.42925978,0.0101599945
2014-01-09,-4.1,-7.0,-1.4,1.3207992,0.43941978,0.012699993
2014-01-10,-3.5,-6.5,-2.4,1.4477992,0.45211977,0.035559982
2014-01-11,-1.4,-4.2,1.7,1.5747992,0.48767975,0.045719974
2014-01-12,-4.5,-5.7,-1.8,1.6763991,0.5333997,0.025399987
2014-01-13,-1.4,-4.3,-0.5,1.803399,0.5587997,0.017779991
2014-01-14,-1.3,-2.5,1.5,1.854199,0.5765797,0.0101599945
2014-01-15,-0.4,-3.2,3.8,1.854199,0.58673966,0.0025399986
2014-01-16,0.5,-1.5,3.4,1.803399,0.58673966,0.0
2014-01-17,1.7,-1.1,5.6,1.752599,0.58673966,0.0
2014-01-18,2.6,-1.5,5.8,1.7271991,0.58419967,0.0
2014-01-19,1.4,-4.1,4.2,1.6763991,0.58419967,0.0
2014-01-20,0.6,-5.4,4.8,1.6763991,0.58419967,0.0
2014-01-21,2.4,-0.3,4.2,1.6509991,0.58419967,0.0
2014-01-22,-1.9,-6.5,3.6,1.6001991,0.58419967,0.0025399986
2014-01-23,-2.8,-10.4,2.2,1.6255991,0.58673966,0.0025399986
2014-01-24,1.6,-2.0,5.7,1.6255991,0.5892797,0.007619996
2014-01-25,2.3,-1.4,4.3,1.6255991,0.5968997,0.0
2014-01-26,-5.6,-10.3,0.6,1.6001991,0.5968997,0.0
2014-01-27,-8.2,-12.4,-2.4,1.6001991,0.5943597,0.0
2014-01-28,-4.0,-10.6,-0.1,1.6001991,0.5943597,0.0025399986
2014-01-29,-2.3,-10.4,-0.1,1.5747992,0.5968997,0.020319989
2014-01-30,-12.1,-17.1,-6.4,1.803399,0.6172197,0.0025399986
2014-01-31,-8.9,-15.6,-2.8,1.777999,0.6197597,0.0
2014-02-01,-13.0,-19.1,-8.0,1.7271991,0.6197597,0.0
2014-02-02,-9.2,-11.7,-7.5,1.701799,0.6197597,0.0050799972
2014-02-03,-18.9,-24.7,-11.7,1.701799,0.62483966,0.0050799972
2014-02-04,-26.9,-30.9,-21.8,1.777999,0.62991965,0.0
2014-02-05,-28.0,-32.5,-20.4,1.752599,0.62991965,0.0
2014-02-06,-19.0,-26.7,-7.9,1.752599,0.62991965,0.0
2014-02-07,-10.3,-14.9,-6.0,1.7271991,0.62991965,0.0050799972
2014-02-08,-16.7,-20.6,-9.4,1.752599,0.63499963,0.0025399986
2014-02-09,-10.8,-19.3,-4.8,1.777999,0.6375397,0.0101599945
2014-02-10,-3.9,-6.3,-1.3,1.777999,0.64769965,0.015239992
2014-02-11,-3.6,-5.7,-1.1,1.854199,0.66293967,0.033019982
2014-02-12,-1.5,-4.6,0.6,2.0319989,0.6959596,0.045719974
2014-02-13,-2.7,-5.1,-0.1,2.184399,0.7416796,0.033019982
2014-02-14,-3.1,-5.1,-1.0,2.3367987,0.77469957,0.012699993
2014-02-15,-1.0,-5.1,3.0,2.3367987,0.7873996,0.020319989
2014-02-16,-3.8,-6.7,2.5,2.3875988,0.8077196,0.0101599945
2014-02-17,-3.5,-6.5,-2.1,2.3875988,0.81787956,0.025399987
2014-02-18,-3.8,-6.8,-1.1,2.5145986,0.84327954,0.020319989
2014-02-19,-7.4,-9.8,-2.5,2.5907986,0.86359954,0.007619996
2014-02-20,-7.3,-10.5,-5.2,2.5907986,0.8712195,0.022859987
2014-02-21,-8.2,-14.6,-3.6,2.7685986,0.8940795,0.0050799972
2014-02-22,-12.4,-16.3,-4.0,2.7431986,0.8991595,0.0
2014-02-23,-15.4,-18.8,-10.4,2.6923985,0.8991595,0.012699993
2014-02-24,-14.2,-21.2,-7.7,2.8193984,0.9118595,0.012699993
2014-02-25,-8.9,-15.5,1.6,2.8955984,0.9245595,0.0025399986
2014-02-26,-0.6,-11.4,6.9,2.8447986,0.9270995,0.0025399986
2014-02-27,0.4,-11.7,8.6,2.7685986,0.9296395,0.0101599945
2014-02-28,-19.6,-27.0,-11.7,2.7939985,0.9397995,0.0025399986
2014-03-01,-26.9,-30.8,-20.3,2.8193984,0.9423395,0.0025399986
2014-03-02,-4.8,-24.6,1.1,2.8447986,0.9448795,0.022859987
2014-03-03,0.1,-1.5,2.2,2.8447986,0.96773946,0.030479984
2014-03-04,-0.4,-1.4,1.0,2.9209983,0.9982195,0.027939985
2014-03-05,1.7,-0.9,6.8,3.0225983,1.0261594,0.040639978
2014-03-06,3.6,1.0,6.3,3.1241982,1.0667994,0.030479984
2014-03-07,-0.2,-2.1,1.7,3.0987983,1.0972794,0.007619996
2014-03-08,2.6,-1.7,5.5,3.0479984,1.1048994,0.0
2014-03-09,5.3,3.2,7.5,2.9717984,1.1048994,0.017779991
2014-03-10,2.2,-2.8,7.3,2.9463985,1.1226794,0.015239992
2014-03-11,-1.6,-4.2,0.4,3.0225983,1.1379194,0.0
2014-03-12,1.8,-3.9,7.4,2.9463985,1.1379194,0.0
2014-03-13,1.0,-1.2,3.2,2.8955984,1.1379194,0.0
2014-03-14,-0.7,-3.1,1.6,2.8701985,1.1379194,0.022859987
2014-03-15,-1.3,-3.7,1.5,3.0225983,1.1607794,0.0101599945
2014-03-16,3.4,0.1,7.0,2.9717984,1.1709393,0.0
2014-03-17,-1.9,-5.0,3.0,2.8447986,1.1607794,0.017779991
2014-03-18,-5.3,-6.8,-3.0,3.1241982,1.1785594,0.012699993
2014-03-19,-3.6,-7.0,-0.3,3.1749983,1.1912594,0.0
2014-03-20,-5.7,-9.1,-2.3,3.0987983,1.1912594,0.0
2014-03-21,-9.9,-16.0,1.0,3.0733984,1.1912594,0.0
2014-03-22,-7.9,-17.1,0.9,3.0225983,1.1912594,0.0050799972
2014-03-23,-4.0,-7.6,-0.2,3.0733984,1.1963394,0.0
2014-03-24,-5.1,-12.7,1.4,3.0225983,1.1963394,0.0050799972
2014-03-25,4.1,-0.4,8.6,2.9717984,1.2014194,0.0050799972
2014-03-26,-0.2,-5.1,4.4,2.9463985,1.2064993,0.0
2014-03-27,-2.7,-5.9,2.9,2.9209983,1.2064993,0.0101599945
2014-03-28,-0.7,-3.4,3.3,3.0987983,1.2166593,0.0101599945
2014-03-29,-0.2,-1.7,1.8,3.0733984,1.2268194,0.027939985
2014-03-30,-2.1,-6.3,6.2,3.1495984,1.2547593,0.0
2014-03-31,-2.3,-6.8,2.9,3.1495984,1.2547593,0.0050799972
2014-04-01,-2.3,-5.1,5.6,3.1241982,1.2598393,0.0
2014-04-02,-1.5,-7.5,7.2,3.0987983,1.2598393,0.0
2014-04-03,0.0,-4.0,4.9,3.0733984,1.2547593,0.0
2014-04-04,0.1,-2.3,3.7,3.0479984,1.2547593,0.0
2014-04-05,-1.3,-3.2,1.6,3.0225983,1.2547593,0.0
2014-04-06,0.2,-1.7,4.5,3.0225983,1.2547593,0.0050799972
2014-04-07,3.6,-0.2,6.6,3.0479984,1.2598393,0.0025399986
2014-04-08,6.9,3.6,10.0,2.9717984,1.2623793,0.0025399986
2014-04-09,3.1,-1.1,6.6,2.8701985,1.2649193,0.015239992
2014-04-10,1.8,-2.3,6.0,2.8447986,1.2801594,0.0025399986
2014-04-11,3.2,1.1,6.8,2.8193984,1.2826993,0.0
2014-04-12,-4.3,-10.8,1.6,2.7939985,1.2826993,0.0050799972
2014-04-13,-4.6,-12.3,2.4,2.8447986,1.2877793,0.0050799972
2014-04-14,1.6,-4.0,6.1,2.8193984,1.2852393,0.0
2014-04-15,0.5,-2.4,3.8,2.7685986,1.2852393,0.0
2014-04-16,-0.8,-2.8,2.2,2.7685986,1.2776194,0.0050799972
2014-04-17,2.5,-1.0,5.3,2.8193984,1.2826993,0.017779991
2014-04-18,-0.3,-2.3,2.5,2.7685986,1.3004793,0.0050799972
2014-04-19,3.6,-2.8,9.8,2.7685986,1.3055593,0.0
2014-04-20,1.7,-1.5,5.2,2.7431986,1.3030193,0.0
2014-04-21,7.9,0.7,15.8,2.7177985,1.2953993,0.012699993
2014-04-22,5.2,-2.3,11.3,2.6669986,1.3080993,0.0025399986
2014-04-23,-2.3,-4.1,-0.2,2.6923985,1.3030193,0.0101599945
2014-04-24,0.9,-1.9,5.7,2.7431986,1.3055593,0.012699993
2014-04-25,3.3,-2.6,16.6,2.7431986,1.3182592,0.015239992
2014-04-26,1.3,-1.9,9.7,2.7431986,1.3334993,0.0101599945
2014-04-27,-1.0,-3.2,4.4,2.7177985,1.3360393,0.0025399986
2014-04-28,-0.7,-3.7,5.2,2.7177985,1.3309593,0.0025399986
2014-04-29,3.5,-2.3,11.7,2.6923985,1.3258793,0.0025399986
2014-04-30,8.4,1.3,16.5,2.6669986,1.3284193,0.0
2014-05-01,10.9,5.6,14.8,2.6415985,1.3284193,0.0
2014-05-02,10.0,2.4,15.5,2.5653987,1.3207992,0.0
2014-05-03,5.3,0.8,13.1,2.4891987,1.2852393,0.0
2014-05-04,3.4,1.2,7.0,2.4383986,1.2547593,0.0025399986
2014-05-05,3.2,0.5,7.2,2.3875988,1.2318994,0.0025399986
2014-05-06,-0.1,-4.9,6.2,2.3621988,1.2064993,0.0
2014-05-07,-0.4,-5.2,6.5,2.3875988,1.2039593,0.0025399986
2014-05-08,4.2,0.0,8.2,2.3367987,1.1988794,0.0
2014-05-09,2.9,-0.1,6.1,2.3113987,1.1887194,0.0
2014-05-10,1.0,-2.0,8.0,2.2859988,1.1810994,0.0025399986
2014-05-11,-1.9,-4.5,2.8,2.2859988,1.1734793,0.0
2014-05-12,3.6,-5.0,12.7,2.2859988,1.1734793,0.0
2014-05-13,6.8,3.1,12.0,2.260599,1.1734793,0.0
2014-05-14,8.5,4.6,15.9,2.2097988,1.1683993,0.0
2014-05-15,9.9,4.3,14.7,2.1589987,1.1582394,0.0
2014-05-16,6.1,3.4,13.6,2.082799,1.1252193,0.0025399986
2014-05-17,9.3,4.7,14.2,2.0319989,1.1023594,0.0025399986
2014-05-18,5.9,2.8,9.7,1.9811989,1.0718794,0.0
2014-05-19,4.6,2.1,8.7,1.955799,1.0337794,0.0
2014-05-20,8.8,3.0,17.1,1.879599,0.99313945,0.0
2014-05-21,11.8,7.1,17.0,1.828799,0.97281945,0.0
2014-05-22,12.9,8.9,17.0,1.752599,0.9448795,0.0
2014-05-23,14.1,10.2,18.9,1.6763991,0.9194795,0.0
2014-05-24,9.7,7.4,14.0,1.6001991,0.88137954,0.0
2014-05-25,10.4,5.5,15.0,1.4985992,0.84327954,0.0
2014-05-26,9.0,5.6,12.9,1.4223993,0.80517954,0.0
2014-05-27,10.7,4.7,19.1,1.3207992,0.7670796,0.0
2014-05-28,10.9,2.9,19.0,1.2445993,0.7289796,0.0
2014-05-29,4.6,0.8,8.5,1.1683993,0.69087964,0.0
2014-05-30,10.9,4.4,17.0,1.0921994,0.6172197,0.0
2014-05-31,9.5,4.8,16.3,1.0413995,0.5486397,0.007619996
2014-06-01,8.7,5.5,13.3,0.99059945,0.5130797,0.0
2014-06-02,11.8,7.4,16.7,0.9143995,0.47243974,0.0
2014-06-03,10.0,6.1,14.8,0.83819956,0.43179977,0.0025399986
2014-06-04,9.6,5.8,13.9,0.7619996,0.3860798,0.0
2014-06-05,8.4,1.7,14.3,0.6603996,0.33527982,0.0
2014-06-06,6.7,1.9,13.3,0.5587997,0.28701985,0.0
2014-06-07,9.0,4.9,13.1,0.48259974,0.25653985,0.0
2014-06-08,10.9,6.1,15.7,0.3809998,0.22351988,0.0
2014-06-09,10.8,8.0,14.0,0.3301998,0.1650999,0.0
2014-06-10,9.3,3.4,14.0,0.2031999,0.09397995,0.0
2014-06-11,6.6,3.8,10.9,0.15239991,0.050799973,0.0
2014-06-12,10.5,5.0,16.2,0.076199956,0.030479984,0.0
2014-06-13,6.3,2.9,9.4,0.0,0.0,0.007619996
2014-06-14,3.7,2.3,5.4,0.0,0.0,0.0025399986
2014-06-15,6.2,2.3,11.4,0.0,0.0,0.0025399986
2014-06-16,5.3,2.6,8.6,0.0,0.0,0.0050799972
2014-06-17,2.4,0.7,5.0,0.0,0.0,0.0101599945
2014-06-18,1.8,0.2,4.1,0.0,0.0,0.012699993
2014-06-19,8.2,3.7,12.6,0.0,0.0,0.0
2014-06-20,11.7,7.5,16.3,0.0,0.0,0.0
2014-06-21,10.5,6.3,16.6,0.0,0.0,0.0
2014-06-22,10.3,7.3,15.1,0.0,0.0,0.0025399986
2014-06-23,11.6,7.4,16.1,0.0,0.0,0.0
2014-06-24,13.1,8.9,18.4,0.0,0.0,0.007619996
2014-06-25,11.9,8.2,16.9,0.0,0.0,0.0
2014-06-26,9.9,7.2,13.9,0.0,0.0,0.0101599945
2014-06-27,9.0,7.2,13.5,0.0,0.0,0.0025399986
2014-06-28,6.7,5.2,8.3,0.0,0.0,0.0050799972
2014-06-29,7.1,5.3,10.6,0.0,0.0,0.0
2014-06-30,9.7,5.1,14.6,0.0,0.0,0.0
2014-07-01,13.0,8.0,17.8,0.0,0.0,0.0
2014-07-02,17.9,10.7,23.6,0.0,0.0,0.0
2014-07-03,19.4,15.5,24.0,0.0,0.0,0.0
2014-07-04,18.0,15.0,22.4,0.0,0.0,0.0
2014-07-05,16.3,13.1,20.4,0.0,0.0,0.0
2014-07-06,17.5,14.2,22.0,0.0,0.0,0.0
2014-07-07,14.1,10.7,18.4,0.0,0.0,0.0
2014-07-08,17.1,11.2,23.8,0.0,0.0,0.0
2014-07-09,18.2,15.1,22.0,0.0,0.0,0.0
2014-07-10,18.2,13.7,22.9,0.0,0.0,0.0
2014-07-11,13.9,9.0,20.2,0.0,0.0,0.0
2014-07-12,18.8,13.3,24.9,0.0,0.0,0.0
2014-07-13,20.0,15.8,25.5,0.0,0.0,0.0
2014-07-14,16.8,11.0,21.1,0.0,0.0,0.0101599945
2014-07-15,12.5,10.7,16.1,0.0,0.0,0.015239992
2014-07-16,17.3,11.5,23.0,0.0,0.0,0.0
2014-07-17,19.2,14.7,23.2,0.0,0.0,0.0
2014-07-18,14.5,12.2,17.1,0.0,0.0,0.0
2014-07-19,14.5,11.8,19.1,0.0,0.0,0.0
2014-07-20,14.7,12.1,19.5,0.0,0.0,0.0
2014-07-21,14.1,10.7,18.6,0.0,0.0,0.0
2014-07-22,16.1,10.9,23.4,0.0,0.0,0.0
2014-07-23,17.3,11.2,23.6,0.0,0.0,0.0050799972
2014-07-24,10.0,6.5,15.1,0.0,0.0,0.0050799972
2014-07-25,10.3,5.5,16.6,0.0,0.0,0.0
2014-07-26,13.6,8.3,18.9,0.0,0.0,0.0
2014-07-27,18.0,11.5,27.5,0.0,0.0,0.0
2014-07-28,20.0,16.5,25.3,0.0,0.0,0.0
2014-07-29,19.2,14.3,29.2,0.0,0.0,0.0101599945
2014-07-30,19.0,15.6,23.6,0.0,0.0,0.0
2014-07-31,18.8,16.1,24.6,0.0,0.0,0.0
2014-08-01,18.9,11.8,23.8,0.0,0.0,0.0025399986
2014-08-02,17.5,12.8,21.5,0.0,0.0,0.0
2014-08-03,17.2,10.9,22.7,0.0,0.0,0.0025399986
2014-08-04,15.2,10.0,20.3,0.0,0.0,0.027939985
2014-08-05,16.2,10.9,21.1,0.0,0.0,0.0
2014-08-06,19.0,16.2,22.6,0.0,0.0,0.0050799972
2014-08-07,18.4,15.6,22.6,0.0,0.0,0.0
2014-08-08,15.9,11.6,21.3,0.0,0.0,0.0025399986
2014-08-09,15.0,9.2,20.4,0.0,0.0,0.0
2014-08-10,17.9,13.2,23.3,0.0,0.0,0.0
2014-08-11,20.0,15.0,27.1,0.0,0.0,0.0
2014-08-12,19.4,11.8,25.4,0.0,0.0,0.0
2014-08-13,16.5,12.0,23.9,0.0,0.0,0.0050799972
2014-08-14,15.2,10.2,20.9,0.0,0.0,0.0025399986
2014-08-15,13.1,9.1,17.2,0.0,0.0,0.0050799972
2014-08-16,11.4,8.7,14.1,0.0,0.0,0.0
2014-08-17,14.1,10.4,18.5,0.0,0.0,0.0
2014-08-18,16.1,11.6,20.3,0.0,0.0,0.0
2014-08-19,16.4,13.1,20.7,0.0,0.0,0.0
2014-08-20,13.3,7.2,17.5,0.0,0.0,0.0
2014-08-21,8.7,6.8,15.2,0.0,0.0,0.0025399986
2014-08-22,7.3,5.1,11.0,0.0,0.0,0.0025399986
2014-08-23,5.0,3.9,6.1,0.0,0.0,0.007619996
2014-08-24,5.5,3.5,9.6,0.0,0.0,0.0
2014-08-25,9.4,3.4,14.4,0.0,0.0,0.0
2014-08-26,13.0,9.3,16.9,0.0,0.0,0.0
2014-08-27,15.5,11.5,19.8,0.0,0.0,0.0
2014-08-28,15.5,7.7,21.5,0.0,0.0,0.0
2014-08-29,13.2,6.3,20.1,0.0,0.0,0.0
2014-08-30,10.4,7.8,13.9,0.0,0.0,0.0050799972
2014-08-31,7.1,5.2,9.1,0.0,0.0,0.0050799972
2014-09-01,7.9,4.8,11.1,0.0,0.0,0.0
2014-09-02,10.9,6.2,15.7,0.0,0.0,0.0
2014-09-03,6.2,2.0,11.1,0.0,0.0,0.0
2014-09-04,7.5,2.0,12.5,0.0,0.0,0.0
2014-09-05,10.6,5.3,15.6,0.0,0.0,0.0
2014-09-06,14.1,8.3,18.6,0.0,0.0,0.0
2014-09-07,14.2,9.9,18.6,0.0,0.0,0.0
2014-09-08,10.1,1.2,19.0,0.0,0.0,0.0
2014-09-09,3.0,-1.0,9.2,0.0,0.0,0.0
2014-09-10,0.0,-3.2,6.8,0.0,0.0,0.0050799972
2014-09-11,0.1,-4.0,5.8,0.0,0.0,0.0
2014-09-12,5.9,-0.4,12.4,0.0,0.0,0.0
2014-09-13,4.4,-0.8,12.1,0.0,0.0,0.0
2014-09-14,10.0,6.6,16.3,0.0,0.0,0.0025399986
2014-09-15,13.8,6.8,18.7,0.0,0.0,0.0
2014-09-16,16.3,13.8,19.0,0.0,0.0,0.0
2014-09-17,16.8,12.3,21.3,0.0,0.0,0.0
2014-09-18,14.6,10.5,17.3,0.0,0.0,0.0
2014-09-19,9.8,8.0,12.7,0.0,0.0,0.0
2014-09-20,12.8,6.5,19.2,0.0,0.0,0.0
2014-09-21,14.1,8.0,20.2,0.0,0.0,0.0
2014-09-22,14.6,11.3,17.9,0.0,0.0,0.0
2014-09-23,14.9,10.9,18.9,0.0,0.0,0.0
2014-09-24,17.4,11.2,23.5,0.0,0.0,0.0
2014-09-25,18.0,11.0,25.1,0.0,0.0,0.0
2014-09-26,10.3,7.2,17.7,0.0,0.0,0.0
2014-09-27,5.7,4.3,8.0,0.0,0.0,0.0025399986
2014-09-28,4.6,4.0,5.0,0.0,0.0,0.0
2014-09-29,6.9,3.8,10.0,0.0,0.0,0.0
2014-09-30,4.3,1.8,6.2,0.0,0.0,0.012699993
2014-10-01,2.4,1.3,4.6,0.0,0.0,0.0025399986
2014-10-02,-1.0,-4.4,2.6,0.0,0.0,0.0
2014-10-03,5.6,-1.0,12.1,0.0,0.0,0.0025399986
2014-10-04,9.8,6.6,13.0,0.0,0.0,0.0
2014-10-05,10.6,7.7,13.6,0.0,0.0,0.0
2014-10-06,11.4,8.7,14.2,0.0,0.0,0.0
2014-10-07,12.2,8.6,15.8,0.0,0.0,0.0
2014-10-08,12.6,9.1,16.2,0.0,0.0,0.0
2014-10-09,9.1,5.4,12.8,0.0,0.0,0.0
2014-10-10,9.4,5.3,13.5,0.0,0.0,0.0
2014-10-11,6.4,3.4,9.3,0.0,0.0,0.015239992
2014-10-12,2.8,1.6,10.3,0.0,0.0,0.0025399986
2014-10-13,5.2,1.7,8.7,0.0,0.0,0.0025399986
2014-10-14,11.2,6.7,15.8,0.0,0.0,0.0
2014-10-15,6.8,1.0,12.6,0.0,0.0,0.007619996
2014-10-16,3.6,1.1,6.3,0.025399987,0.0050799972,0.0
2014-10-17,6.9,1.6,12.2,0.0,0.0,0.0025399986
2014-10-18,8.8,5.3,12.3,0.0,0.0,0.0
2014-10-19,9.8,5.2,14.4,0.0,0.0,0.0
2014-10-20,12.2,7.4,16.9,0.0,0.0,0.0
2014-10-21,5.7,1.5,9.9,0.0,0.0,0.0101599945
2014-10-22,3.4,1.3,5.5,0.025399987,0.0050799972,0.0
2014-10-23,5.4,3.5,7.4,0.0,0.0,0.022859987
2014-10-24,4.0,1.7,6.9,0.025399987,0.0025399986,0.0050799972
2014-10-25,8.8,5.1,12.4,0.0,0.0,0.0025399986
2014-10-26,2.8,-1.3,7.0,0.0,0.0,0.0
2014-10-27,0.4,-2.7,3.4,0.0,0.0,0.0
2014-10-28,0.8,-2.8,4.3,0.0,0.0,0.007619996
2014-10-29,3.0,1.8,4.4,0.025399987,0.007619996,0.012699993
2014-10-30,6.2,2.2,9.9,0.0,0.0,0.0
2014-10-31,9.0,5.2,12.8,0.0,0.0,0.0
2014-11-01,-4.8,-1.1,10.6,0.0,0.0,0.0025399986
2014-11-02,-2.6,-3.9,-1.4,0.0,0.0,0.012699993
2014-11-03,-0.7,-2.9,1.5,0.076199956,0.012699993,0.007619996
2014-11-04,2.2,0.7,3.8,0.025399987,0.012699993,0.015239992
2014-11-05,3.3,2.0,5.6,0.050799973,0.027939985,0.0025399986
2014-11-06,6.8,3.5,9.7,0.050799973,0.025399987,0.017779991
2014-11-07,2.0,0.7,5.0,0.025399987,0.012699993,0.0
2014-11-08,3.9,1.5,5.2,0.0,0.0,0.0
2014-11-09,-0.7,-14.3,5.2,0.0,0.0,0.017779991
2014-11-10,-14.4,-21.6,-8.6,0.15239991,0.017779991,0.0025399986
2014-11-11,-20.6,-24.4,-14.2,0.17779991,0.020319989,0.0
2014-11-12,-18.3,-25.3,-10.7,0.17779991,0.020319989,0.0
2014-11-13,-12.2,-18.2,-3.9,0.17779991,0.020319989,0.0
2014-11-14,-14.6,-18.1,-10.2,0.15239991,0.020319989,0.0
2014-11-15,-13.5,-18.9,-6.9,0.15239991,0.020319989,0.0025399986
2014-11-16,-7.4,-12.2,-2.5,0.17779991,0.022859987,0.0
2014-11-17,-4.7,-10.6,-0.6,0.15239991,0.022859987,0.007619996
2014-11-18,-1.0,-3.9,2.6,0.15239991,0.030479984,0.0
2014-11-19,0.8,-5.2,4.8,0.12699993,0.030479984,0.0025399986
2014-11-20,1.0,-1.8,3.6,0.12699993,0.030479984,0.0
2014-11-21,-0.3,-1.6,1.2,0.12699993,0.030479984,0.0050799972
2014-11-22,-2.2,-4.9,1.1,0.12699993,0.033019982,0.012699993
2014-11-23,-4.0,-5.1,-2.7,0.2031999,0.043179978,0.017779991
2014-11-24,-4.2,-4.9,-2.8,0.48259974,0.06095997,0.020319989
2014-11-25,-2.5,-4.8,-0.1,0.5079997,0.081279956,0.017779991
2014-11-26,-0.4,-5.0,3.1,0.5333997,0.09905995,0.038099978
2014-11-27,3.1,1.8,4.1,0.6603996,0.13715993,0.020319989
2014-11-28,1.5,0.4,2.7,0.60959965,0.15747991,0.033019982
2014-11-29,-14.8,-23.3,1.3,0.7365996,0.1904999,0.025399987
2014-11-30,-11.7,-14.4,-7.0,1.0159994,0.21589988,0.0025399986
2014-12-01,-6.1,-8.1,-4.8,0.9651995,0.21843988,0.035559982
2014-12-02,-4.9,-8.9,-0.9,1.0921994,0.25399986,0.012699993
2014-12-03,0.7,-6.2,3.7,1.0413995,0.26669985,0.0050799972
2014-12-04,0.9,-0.2,2.0,0.99059945,0.27177987,0.012699993
2014-12-05,2.0,0.8,3.5,0.99059945,0.28447986,0.007619996
2014-12-06,1.5,-0.9,4.4,1.0413995,0.29209983,0.035559982
2014-12-07,0.4,-0.8,2.5,1.1937994,0.32765982,0.030479984
2014-12-08,2.6,-0.6,5.1,1.2445993,0.3581398,0.0025399986
2014-12-09,3.7,2.0,5.0,1.1937994,0.3606798,0.007619996
2014-12-10,4.4,2.6,8.1,1.1937994,0.3682998,0.0
2014-12-11,5.9,3.7,8.2,1.1429994,0.3682998,0.0
2014-12-12,5.4,3.1,9.4,1.1175994,0.3657598,0.0
2014-12-13,-0.6,-4.0,4.4,1.1175994,0.3657598,0.0050799972
2014-12-14,-5.3,-7.9,-3.8,1.1683993,0.3708398,0.0
2014-12-15,-6.7,-9.2,-4.2,1.1683993,0.3708398,0.0
2014-12-16,-2.7,-6.2,0.3,1.1429994,0.3682998,0.0025399986
2014-12-17,-1.7,-2.7,-0.1,1.1175994,0.3682998,0.0
2014-12-18,-1.7,-2.7,-0.9,1.1175994,0.3682998,0.007619996
2014-12-19,-1.0,-3.7,0.7,1.1937994,0.3759198,0.015239992
2014-12-20,-2.4,-4.5,-0.3,1.2191993,0.3911598,0.015239992
2014-12-21,-1.2,-3.1,0.5,1.2699993,0.4063998,0.045719974
2014-12-22,-3.2,-5.8,1.3,1.4985992,0.45211977,0.0050799972
2014-12-23,-4.0,-6.2,0.9,1.4985992,0.45211977,0.017779991
2014-12-24,-1.6,-7.1,0.8,1.5239992,0.46989974,0.038099978
2014-12-25,-5.6,-9.3,-2.0,1.701799,0.5079997,0.0
2014-12-26,-8.5,-10.3,-4.8,1.6255991,0.5079997,0.007619996
2014-12-27,-7.6,-10.1,-5.8,1.6763991,0.5130797,0.033019982
2014-12-28,-10.7,-17.2,-5.1,1.777999,0.5460997,0.0
2014-12-29,-22.0,-26.7,-17.1,1.879599,0.5460997,0.0
2014-12-30,-19.4,-26.1,-12.6,1.828799,0.5460997,0.0
2014-12-31,-13.4,-17.3,-9.5,1.777999,0.5460997,0.0025399986
2015-01-01,-9.4,-12.6,-6.1,1.7271991,0.5486397,0.0050799972
2015-01-02,-3.2,-14.4,-0.2,1.701799,0.5537197,0.0
2015-01-03,-11.7,-17.4,-7.4,1.701799,0.5537197,0.0
2015-01-04,-8.6,-19.0,-2.3,1.701799,0.5537197,0.020319989
2015-01-05,0.0,-2.5,1.7,1.828799,0.5740397,0.068579964
2015-01-06,0.9,-8.7,8.0,2.0319989,0.64261967,0.0050799972
2015-01-07,-0.2,-8.7,8.2,1.9811989,0.64769965,0.0025399986
2015-01-08,-7.4,-14.9,0.0,1.930399,0.65023965,0.0
2015-01-09,-3.4,-10.3,3.6,1.904999,0.65023965,0.0
2015-01-10,-0.2,-1.0,0.5,1.879599,0.65023965,0.0025399986
2015-01-11,-1.4,-4.7,2.0,1.854199,0.65023965,0.0
2015-01-12,-2.5,-6.0,3.2,1.828799,0.65023965,0.0
2015-01-13,-5.4,-8.7,3.5,1.828799,0.65023965,0.0
2015-01-14,-3.2,-9.8,3.4,1.803399,0.65023965,0.0
2015-01-15,2.4,-0.3,5.2,1.777999,0.65023965,0.0
2015-01-16,-1.6,-4.3,0.4,1.777999,0.65023965,0.0050799972
2015-01-17,-2.0,-5.4,1.6,1.752599,0.65023965,0.007619996
2015-01-18,-0.5,-2.7,1.8,1.752599,0.6578596,0.035559982
2015-01-19,-3.3,-4.9,-0.8,1.904999,0.69341964,0.007619996
2015-01-20,-5.5,-7.9,-1.8,1.955799,0.7010396,0.0
2015-01-21,-5.1,-9.0,-1.4,1.904999,0.7010396,0.040639978
2015-01-22,-1.1,-3.2,1.0,2.0573988,0.7416796,0.0
2015-01-23,-0.1,-2.6,2.4,1.777999,0.6832596,0.0
2015-01-24,2.9,0.8,4.8,1.6509991,0.6603996,0.0050799972
2015-01-25,5.2,2.7,7.1,1.6509991,0.66547966,0.0025399986
2015-01-26,8.9,4.3,11.6,1.6255991,0.66547966,0.0050799972
2015-01-27,7.0,2.4,8.8,1.6001991,0.67055964,0.0025399986
2015-01-28,-0.1,-2.5,2.4,1.5747992,0.67309964,0.0
2015-01-29,1.2,-3.8,6.2,1.5747992,0.67309964,0.0025399986
2015-01-30,2.8,-1.8,7.3,1.5747992,0.6756396,0.0
2015-01-31,-7.4,-11.8,-2.9,1.5493991,0.6756396,0.0050799972
2015-02-01,-3.6,-5.0,-2.3,1.5747992,0.6781796,0.0025399986
2015-02-02,-1.2,-2.6,0.1,1.6001991,0.6807196,0.020319989
2015-02-03,-4.2,-7.7,-0.6,1.7271991,0.7010396,0.007619996
2015-02-04,-4.4,-8.1,-0.8,1.752599,0.7086596,0.007619996
2015-02-05,3.2,0.6,6.2,1.803399,0.7162796,0.007619996
2015-02-06,6.2,3.9,8.1,1.777999,0.7238996,0.025399987
2015-02-07,4.6,2.6,6.7,1.854199,0.7492996,0.038099978
2015-02-08,4.4,2.4,6.4,1.854199,0.7873996,0.022859987
2015-02-09,3.2,0.8,6.7,1.904999,0.8102596,0.015239992
2015-02-10,1.9,-0.8,5.1,1.879599,0.82549953,0.0025399986
2015-02-11,1.6,-0.8,4.1,1.879599,0.8280395,0.0025399986
2015-02-12,3.9,1.5,7.9,1.854199,0.8280395,0.0
2015-02-13,5.9,3.0,8.5,1.828799,0.82549953,0.0025399986
2015-02-14,3.5,-1.2,7.8,1.803399,0.8280395,0.0
2015-02-15,-2.0,-5.5,1.9,1.803399,0.82549953,0.0
2015-02-16,-3.7,-7.0,-0.4,1.803399,0.82041955,0.0
2015-02-17,-1.3,-6.6,3.9,1.777999,0.82041955,0.0
2015-02-18,1.8,-1.4,5.0,1.777999,0.82041955,0.0
2015-02-19,0.6,-2.3,3.5,1.752599,0.82041955,0.0025399986
2015-02-20,-3.4,-7.5,0.8,1.803399,0.82295954,0.0050799972
2015-02-21,-12.8,-18.2,-7.3,1.854199,0.8280395,0.0
2015-02-22,-10.0,-16.5,-3.5,1.803399,0.8280395,0.0
2015-02-23,-6.8,-12.2,-1.5,1.803399,0.8280395,0.0
2015-02-24,-0.9,-4.0,2.2,1.777999,0.82549953,0.0
2015-02-25,-7.4,-11.8,-2.9,1.752599,0.7924796,0.0025399986
2015-02-26,-9.8,-14.9,-4.8,1.904999,0.79501957,0.0025399986
2015-02-27,-9.7,-14.9,-4.5,1.879599,0.7924796,0.0
2015-02-28,-10.8,-15.4,-6.1,1.854199,0.7848596,0.0
2015-03-01,-8.4,-13.4,-3.5,1.854199,0.77723956,0.0
2015-03-02,-9.8,-15.7,-3.8,1.828799,0.77469957,0.0
2015-03-03,-14.4,-21.2,-7.7,1.803399,0.7721596,0.0
2015-03-04,-8.6,-12.7,-4.6,1.803399,0.7696196,0.0
2015-03-05,-1.6,-5.2,1.9,1.803399,0.7696196,0.0025399986
2015-03-06,3.2,-0.7,7.1,1.7271991,0.7645396,0.0
2015-03-07,5.1,1.2,9.0,1.7271991,0.7645396,0.0101599945
2015-03-08,3.6,-0.1,7.2,1.7271991,0.77469957,0.0025399986
2015-03-09,4.8,1.5,8.0,1.7271991,0.77723956,0.0025399986
2015-03-10,5.7,1.8,9.0,1.7271991,0.77977955,0.0
2015-03-11,5.3,1.6,9.8,1.701799,0.77977955,0.0
2015-03-12,2.9,1.5,5.4,1.7271991,0.77977955,0.0101599945
2015-03-13,5.6,0.4,10.8,1.701799,0.7899396,0.012699993
2015-03-14,6.8,4.3,9.3,1.701799,0.80263954,0.0050799972
2015-03-15,6.7,2.7,9.7,1.6255991,0.7924796,0.030479984
2015-03-16,0.4,-3.3,4.4,1.5493991,0.7823196,0.0
2015-03-17,1.2,-2.3,4.8,1.5747992,0.7645396,0.0101599945
2015-03-18,0.4,-1.1,4.1,1.5493991,0.7721596,0.0050799972
2015-03-19,3.0,-1.0,7.5,1.6001991,0.77723956,0.0
2015-03-20,6.4,1.5,10.6,1.5747992,0.7721596,0.0
2015-03-21,3.8,-0.3,7.2,1.5493991,0.7721596,0.0025399986
2015-03-22,3.2,-1.0,7.9,1.5493991,0.77469957,0.0
2015-03-23,1.5,-2.6,4.6,1.5493991,0.77469957,0.0
2015-03-24,-1.4,-3.9,1.5,1.5493991,0.77469957,0.0
2015-03-25,-1.1,-2.9,0.7,1.5493991,0.77469957,0.0025399986
2015-03-26,3.4,0.3,6.8,1.5239992,0.7594596,0.012699993
2015-03-27,10.0,5.7,14.4,1.4985992,0.7721596,0.0025399986
2015-03-28,4.7,0.0,9.4,1.4731992,0.77469957,0.0050799972
2015-03-29,3.2,-0.1,5.9,1.4985992,0.7696196,0.0025399986
2015-03-30,7.8,3.5,12.2,1.4985992,0.7619996,0.0
2015-03-31,4.2,-2.7,11.2,1.4477992,0.7619996,0.0
2015-04-01,-1.9,-4.9,1.1,1.4223993,0.75691956,0.0
2015-04-02,-2.7,-6.5,0.6,1.4223993,0.7442196,0.0
2015-04-03,-0.4,-5.1,4.2,1.4731992,0.7264396,0.0050799972
2015-04-04,-1.4,-5.0,2.1,1.4477992,0.7315196,0.0
2015-04-05,-2.6,-5.0,-0.2,1.4731992,0.7315196,0.0025399986
2015-04-06,-1.1,-4.3,2.2,1.4985992,0.7162796,0.0025399986
2015-04-07,2.1,-3.9,8.1,1.5239992,0.7188196,0.0101599945
2015-04-08,3.4,-0.6,7.4,1.4985992,0.7289796,0.020319989
2015-04-09,5.1,-0.4,10.3,1.4477992,0.7492996,0.0
2015-04-10,4.5,0.3,8.5,1.4477992,0.7492996,0.007619996
2015-04-11,0.9,-4.1,5.2,1.3969992,0.75691956,0.0025399986
2015-04-12,-1.4,-4.4,1.6,1.4477992,0.7492996,0.0
2015-04-13,5.3,-3.3,10.7,1.4477992,0.7442196,0.0050799972
2015-04-14,1.8,-3.3,8.5,1.3969992,0.7492996,0.0
2015-04-15,0.1,-3.8,4.6,1.3969992,0.7492996,0.0
2015-04-16,3.0,-3.2,9.2,1.3969992,0.7492996,0.0
2015-04-17,8.2,3.6,12.8,1.3715993,0.7492996,0.0
2015-04-18,2.7,-1.7,6.9,1.3207992,0.73405963,0.0
2015-04-19,2.9,-1.5,7.8,1.3207992,0.7264396,0.0
2015-04-20,7.6,2.1,12.2,1.2953993,0.7213596,0.0
2015-04-21,10.3,5.9,14.4,1.2445993,0.7035796,0.0
2015-04-22,7.8,1.7,11.9,1.1937994,0.67309964,0.0
2015-04-23,4.3,-0.9,8.1,1.1683993,0.65023965,0.0
2015-04-24,2.5,-0.5,5.8,1.1429994,0.6197597,0.0
2015-04-25,1.9,-1.3,5.1,1.1175994,0.60705966,0.0
2015-04-26,-0.2,-3.2,2.9,1.1175994,0.5918197,0.007619996
2015-04-27,3.4,-1.0,7.9,1.1683993,0.5968997,0.0025399986
2015-04-28,10.9,4.3,17.5,1.0921994,0.5943597,0.0025399986
2015-04-29,7.6,2.5,12.6,1.0667994,0.5689597,0.0
2015-04-30,4.3,-0.4,8.0,1.0159994,0.5410197,0.0025399986
2015-05-01,8.0,4.3,11.8,0.9651995,0.5105397,0.0025399986
2015-05-02,7.7,0.6,14.8,0.9143995,0.48259974,0.0
2015-05-03,7.2,0.0,14.5,0.8889995,0.46227974,0.0025399986
2015-05-04,11.9,5.7,17.5,0.83819956,0.44195977,0.0050799972
2015-05-05,8.8,2.7,15.0,0.7873996,0.41147977,0.0025399986
2015-05-06,4.3,-0.3,8.2,0.7365996,0.39877978,0.0050799972
2015-05-07,2.9,-0.7,6.5,0.71119964,0.37845978,0.0025399986
2015-05-08,2.2,-0.4,4.9,0.68579966,0.3809998,0.0025399986
2015-05-09,4.0,-1.3,9.2,0.68579966,0.3606798,0.007619996
2015-05-10,5.8,1.6,10.1,0.6603996,0.3682998,0.0
2015-05-11,4.7,0.4,9.0,0.60959965,0.3505198,0.0050799972
2015-05-12,3.3,-0.1,6.7,0.58419967,0.31749982,0.0050799972
2015-05-13,5.4,1.4,9.5,0.58419967,0.31495982,0.0025399986
2015-05-14,5.1,2.3,7.8,0.58419967,0.31241983,0.007619996
2015-05-15,5.0,3.2,6.8,0.5587997,0.29971984,0.0025399986
2015-05-16,4.2,1.1,7.4,0.5333997,0.28701985,0.0050799972
2015-05-17,2.8,-0.9,6.6,0.5333997,0.27685985,0.0
2015-05-18,0.9,-0.8,2.6,0.5079997,0.27177987,0.0
2015-05-19,3.8,0.8,5.9,0.5079997,0.27177987,0.0025399986
2015-05-20,7.6,2.3,12.5,0.5079997,0.26669985,0.0
2015-05-21,8.8,4.2,13.5,0.43179977,0.24383987,0.0
2015-05-22,10.1,6.6,13.6,0.3809998,0.2082799,0.0
2015-05-23,7.6,5.3,9.8,0.3301998,0.16763991,0.0025399986
2015-05-24,8.4,5.6,11.1,0.22859988,0.13461992,0.0
2015-05-25,9.5,5.3,13.7,0.22859988,0.10413995,0.0
2015-05-26,9.7,5.2,14.2,0.10159995,0.05841997,0.0025399986
2015-05-27,7.7,5.4,10.2,0.050799973,0.027939985,0.0025399986
2015-05-28,6.5,3.9,9.5,0.0,0.0,0.0
2015-05-29,9.8,3.8,16.1,0.0,0.0,0.0
2015-05-30,10.2,7.3,13.5,0.0,0.0,0.012699993
2015-05-31,13.8,10.8,17.6,0.0,0.0,0.0
2015-06-01,13.0,8.2,17.2,0.0,0.0,0.035559982
2015-06-02,8.3,6.2,10.4,0.0,0.0,0.007619996
2015-06-03,9.0,6.2,11.8,0.0,0.0,0.0
2015-06-04,11.2,6.1,16.3,0.0,0.0,0.0
2015-06-05,13.7,9.8,17.6,0.0,0.0,0.0
2015-06-06,15.9,11.7,19.4,0.0,0.0,0.0
2015-06-07,16.6,12.9,20.4,0.0,0.0,0.0
2015-06-08,18.5,13.9,23.1,0.0,0.0,0.0
2015-06-09,17.7,11.9,23.4,0.0,0.0,0.0
2015-06-10,14.7,11.9,18.8,0.0,0.0,0.0
2015-06-11,15.9,11.1,20.4,0.0,0.0,0.0
2015-06-12,12.3,7.9,15.7,0.0,0.0,0.0
2015-06-13,10.2,6.2,14.1,0.0,0.0,0.0
2015-06-14,7.4,3.1,12.0,0.0,0.0,0.0
2015-06-15,8.1,3.7,12.1,0.0,0.0,0.0
2015-06-16,12.7,6.5,18.9,0.0,0.0,0.0
2015-06-17,14.4,9.0,19.8,0.0,0.0,0.0
2015-06-18,14.6,8.8,20.4,0.0,0.0,0.0
2015-06-19,13.0,9.0,17.0,0.0,0.0,0.0
2015-06-20,12.2,7.7,16.6,0.0,0.0,0.0
2015-06-21,12.1,7.3,17.0,0.0,0.0,0.0
2015-06-22,12.4,6.5,18.2,0.0,0.0,0.0
2015-06-23,15.4,10.5,20.3,0.0,0.0,0.0
2015-06-24,17.0,10.1,23.0,0.0,0.0,0.0
2015-06-25,16.8,12.3,21.4,0.0,0.0,0.0
2015-06-26,20.2,14.8,25.7,0.0,0.0,0.0
2015-06-27,24.0,19.3,27.8,0.0,0.0,0.0
2015-06-28,23.0,19.4,27.8,0.0,0.0,0.0
2015-06-29,22.0,16.3,27.7,0.0,0.0,0.0
2015-06-30,18.5,14.1,23.9,0.0,0.0,0.0
2015-07-01,17.9,11.9,24.6,0.0,0.0,0.0
2015-07-02,17.2,11.0,23.6,0.0,0.0,0.0
2015-07-03,20.6,15.5,25.1,0.0,0.0,0.0
2015-07-04,20.3,9.0,25.4,0.0,0.0,0.0
2015-07-05,7.4,4.4,9.0,0.0,0.0,0.0
2015-07-06,13.0,3.9,21.0,0.0,0.0,0.0
2015-07-07,12.5,8.5,16.4,0.0,0.0,0.0
2015-07-08,15.8,8.8,22.7,0.0,0.0,0.0025399986
2015-07-09,18.2,14.0,22.3,0.0,0.0,0.0
2015-07-10,16.6,13.1,24.1,0.0,0.0,0.0
2015-07-11,11.7,9.9,14.6,0.0,0.0,0.015239992
2015-07-12,12.5,9.5,16.4,0.0,0.0,0.0025399986
2015-07-13,13.3,10.0,18.9,0.0,0.0,0.0
2015-07-14,14.9,9.1,20.7,0.0,0.0,0.0025399986
2015-07-15,15.6,10.7,20.4,0.0,0.0,0.0
2015-07-16,11.5,8.1,14.6,0.0,0.0,0.0
2015-07-17,9.1,6.7,14.3,0.0,0.0,0.0
2015-07-18,13.5,7.0,20.0,0.0,0.0,0.0
2015-07-19,16.6,12.1,21.1,0.0,0.0,0.0
2015-07-20,17.8,11.5,24.1,0.0,0.0,0.0
2015-07-21,16.0,9.5,22.5,0.0,0.0,0.0
2015-07-22,17.6,12.6,23.5,0.0,0.0,0.0
2015-07-23,13.2,10.0,16.4,0.0,0.0,0.0
2015-07-24,15.6,10.1,21.1,0.0,0.0,0.0101599945
2015-07-25,18.1,13.2,23.2,0.0,0.0,0.0
2015-07-26,14.5,9.9,18.8,0.0,0.0,0.0
2015-07-27,6.6,5.6,7.7,0.0,0.0,0.0
2015-07-28,9.2,4.8,13.5,0.0,0.0,0.0
2015-07-29,13.1,7.9,17.5,0.0,0.0,0.0
2015-07-30,17.7,12.8,22.1,0.0,0.0,0.0
2015-07-31,19.9,15.5,24.2,0.0,0.0,0.0
2015-08-01,21.1,17.2,25.7,0.0,0.0,0.0
2015-08-02,20.5,16.5,25.8,0.0,0.0,0.0
2015-08-03,20.8,16.4,26.9,0.0,0.0,0.0
2015-08-04,17.1,14.7,21.2,0.0,0.0,0.0
2015-08-05,12.7,10.1,15.3,0.0,0.0,0.0
2015-08-06,11.0,8.0,14.2,0.0,0.0,0.0
2015-08-07,13.1,7.1,19.3,0.0,0.0,0.0
2015-08-08,14.7,11.8,20.2,0.0,0.0,0.0
2015-08-09,17.1,12.6,22.3,0.0,0.0,0.0
2015-08-10,18.2,13.0,24.4,0.0,0.0,0.0
2015-08-11,20.8,14.2,26.9,0.0,0.0,0.0
2015-08-12,20.6,15.3,24.8,0.0,0.0,0.0
2015-08-13,22.3,16.7,27.5,0.0,0.0,0.0
2015-08-14,20.5,12.4,28.3,0.0,0.0,0.0
2015-08-15,11.2,7.3,15.5,0.0,0.0,0.0
2015-08-16,11.0,5.5,15.8,0.0,0.0,0.0
2015-08-17,10.2,7.4,15.5,0.0,0.0,0.0
2015-08-18,9.2,6.2,12.8,0.0,0.0,0.0
2015-08-19,13.8,6.8,18.4,0.0,0.0,0.0
2015-08-20,15.7,12.0,19.9,0.0,0.0,0.0
2015-08-21,11.9,1.0,16.5,0.0,0.0,0.0
2015-08-22,7.0,0.5,14.0,0.0,0.0,0.0
2015-08-23,14.3,8.0,19.3,0.0,0.0,0.0
2015-08-24,18.9,14.8,23.4,0.0,0.0,0.0025399986
2015-08-25,19.7,15.1,24.3,0.0,0.0,0.0
2015-08-26,20.6,16.6,25.9,0.0,0.0,0.0
2015-08-27,18.6,13.9,22.5,0.0,0.0,0.0025399986
2015-08-28,17.2,12.4,23.4,0.0,0.0,0.0025399986
2015-08-29,17.5,12.1,24.0,0.0,0.0,0.0
2015-08-30,9.9,4.4,14.9,0.0,0.0,0.0025399986
2015-08-31,8.9,4.3,13.2,0.0,0.0,0.0
2015-09-01,13.4,8.8,18.0,0.0,0.0,0.0
2015-09-02,13.3,7.9,17.3,0.0,0.0,0.0
2015-09-03,7.0,3.5,11.2,0.0,0.0,0.0
2015-09-04,4.2,1.5,5.8,0.0,0.0,0.030479984
2015-09-05,3.0,1.1,5.6,0.0,0.0,0.017779991
2015-09-06,3.6,1.1,7.1,0.0,0.0,0.012699993
2015-09-07,4.8,2.7,7.8,0.0,0.0,0.0050799972
2015-09-08,7.6,3.6,12.6,0.0,0.0,0.0
2015-09-09,11.6,7.8,15.9,0.0,0.0,0.0
2015-09-10,12.8,8.9,17.6,0.0,0.0,0.0
2015-09-11,15.4,9.7,20.3,0.0,0.0,0.0025399986
2015-09-12,17.4,11.8,21.6,0.0,0.0,0.0
2015-09-13,15.1,10.4,18.8,0.0,0.0,0.0
2015-09-14,10.6,6.1,15.3,0.0,0.0,0.0
2015-09-15,4.8,2.4,7.2,0.0,0.0,0.0025399986
2015-09-16,2.4,1.4,4.3,0.0,0.0,0.0025399986
2015-09-17,4.7,1.7,8.5,0.0,0.0,0.0050799972
2015-09-18,5.2,3.0,8.0,0.0,0.0,0.0
2015-09-19,8.3,4.9,12.1,0.0,0.0,0.007619996
2015-09-20,11.9,8.4,16.0,0.0,0.0,0.0
2015-09-21,10.6,7.6,14.5,0.0,0.0,0.0
2015-09-22,12.8,7.0,17.3,0.0,0.0,0.0025399986
2015-09-23,14.2,9.4,18.5,0.0,0.0,0.0
2015-09-24,15.5,10.5,20.6,0.0,0.0,0.0
2015-09-25,18.4,14.7,22.8,0.0,0.0,0.0
2015-09-26,14.3,7.8,17.5,0.0,0.0,0.0
2015-09-27,8.2,4.5,12.7,0.0,0.0,0.0
2015-09-28,9.5,4.9,14.5,0.0,0.0,0.0025399986
2015-09-29,12.5,8.2,16.0,0.0,0.0,0.0
2015-09-30,14.7,11.2,18.5,0.0,0.0,0.0
2015-10-01,11.5,7.8,13.4,0.0,0.0,0.0050799972
2015-10-02,9.7,7.4,14.0,0.0,0.0,0.0
2015-10-03,2.2,-2.2,8.5,0.0,0.0,0.0
2015-10-04,1.3,-2.7,6.0,0.0,0.0,0.0050799972
2015-10-05,7.9,2.4,13.5,0.0,0.0,0.0025399986
2015-10-06,11.7,7.1,15.3,0.0,0.0,0.0
2015-10-07,9.0,6.9,12.2,0.0,0.0,0.0
2015-10-08,9.1,7.1,11.5,0.0,0.0,0.0
2015-10-09,13.8,10.7,16.6,0.0,0.0,0.0
2015-10-10,14.5,9.0,17.3,0.0,0.0,0.0
2015-10-11,3.9,1.7,8.9,0.0,0.0,0.007619996
2015-10-12,8.6,3.9,12.7,0.0,0.0,0.0
2015-10-13,9.5,7.4,12.5,0.0,0.0,0.0
2015-10-14,8.6,5.3,12.1,0.0,0.0,0.0
2015-10-15,5.9,0.1,10.9,0.0,0.0,0.0
2015-10-16,11.9,6.5,17.0,0.0,0.0,0.0
2015-10-17,14.9,10.9,19.0,0.0,0.0,0.0025399986
2015-10-18,11.3,7.1,15.1,0.0,0.0,0.0
2015-10-19,7.5,4.9,10.0,0.0,0.0,0.007619996
2015-10-20,4.5,3.4,5.8,0.0,0.0,0.0050799972
2015-10-21,7.0,2.6,11.2,0.0,0.0,0.0
2015-10-22,6.1,1.9,10.0,0.0,0.0,0.0025399986
2015-10-23,3.3,-0.1,6.1,0.0,0.0,0.0
2015-10-24,4.7,2.4,9.0,0.0,0.0,0.0025399986
2015-10-25,4.3,1.5,6.5,0.0,0.0,0.0
2015-10-26,4.2,0.8,9.9,0.0,0.0,0.0025399986
2015-10-27,1.2,-0.8,4.1,0.0,0.0,0.0025399986
2015-10-28,3.4,-0.4,7.1,0.0,0.0,0.0
2015-10-29,1.6,0.2,4.8,0.0,0.0,0.0
2015-10-30,2.1,0.7,4.1,0.0,0.0,0.035559982
2015-10-31,3.7,2.0,5.4,0.025399987,0.017779991,0.066039965
2015-11-01,1.7,-1.3,3.8,0.025399987,0.012699993,0.0101599945
2015-11-02,0.3,-1.1,3.0,0.050799973,0.012699993,0.0
2015-11-03,-1.5,-3.8,0.7,0.050799973,0.0101599945,0.0025399986
2015-11-04,-2.9,-4.8,1.7,0.076199956,0.012699993,0.0
2015-11-05,-4.4,-5.5,-2.4,0.076199956,0.012699993,0.0
2015-11-06,-4.0,-5.9,-1.3,0.050799973,0.012699993,0.0
2015-11-07,2.2,-2.2,4.9,0.050799973,0.0101599945,0.0
2015-11-08,3.2,0.6,5.7,0.050799973,0.0101599945,0.0
2015-11-09,-1.3,-5.1,2.8,0.025399987,0.0101599945,0.0101599945
2015-11-10,-4.3,-5.8,-1.9,0.15239991,0.020319989,0.0
2015-11-11,-4.5,-5.6,-2.9,0.10159995,0.015239992,0.0
2015-11-12,-4.5,-5.9,-2.7,0.050799973,0.0101599945,0.0
2015-11-13,1.5,-2.8,3.5,0.050799973,0.0101599945,0.0050799972
2015-11-14,4.9,2.4,7.1,0.076199956,0.015239992,0.0
2015-11-15,4.6,1.0,6.7,0.050799973,0.012699993,0.0
2015-11-16,-5.4,-8.0,1.0,0.050799973,0.012699993,0.0
2015-11-17,-1.1,-7.8,2.4,0.025399987,0.007619996,0.022859987
2015-11-18,-5.7,-7.2,-0.8,0.12699993,0.030479984,0.0025399986
2015-11-19,-6.2,-8.0,-4.0,0.15239991,0.033019982,0.0
2015-11-20,-8.5,-10.8,-4.1,0.15239991,0.027939985,0.015239992
2015-11-21,-4.4,-9.0,0.4,0.27939984,0.043179978,0.0
2015-11-22,2.7,-0.4,5.1,0.22859988,0.043179978,0.0
2015-11-23,3.3,0.9,5.1,0.22859988,0.043179978,0.0
2015-11-24,-6.1,-14.0,2.1,0.22859988,0.040639978,0.0050799972
2015-11-25,-12.5,-15.5,-8.3,0.3809998,0.045719974,0.0
2015-11-26,-7.7,-10.7,-1.7,0.35559982,0.043179978,0.0
2015-11-27,-1.4,-9.1,5.8,0.35559982,0.043179978,0.0025399986
2015-11-28,-1.0,-4.0,4.2,0.30479982,0.045719974,0.0025399986
2015-11-29,0.6,-3.6,4.8,0.30479982,0.048259974,0.0
2015-11-30,-0.6,-6.8,5.5,0.30479982,0.048259974,0.0
2015-12-01,-1.8,-5.8,0.1,0.30479982,0.048259974,0.0025399986
2015-12-02,-2.1,-3.6,0.5,0.27939984,0.050799973,0.0
2015-12-03,2.4,-1.5,6.0,0.27939984,0.050799973,0.0025399986
2015-12-04,-0.4,-2.6,4.2,0.27939984,0.05333997,0.0050799972
2015-12-05,-1.9,-3.7,0.5,0.3301998,0.05841997,0.0050799972
2015-12-06,0.3,-1.2,2.4,0.3301998,0.063499965,0.015239992
2015-12-07,0.6,-1.3,1.6,0.4063998,0.078739956,0.030479984
2015-12-08,2.5,0.7,5.0,0.5333997,0.10921994,0.027939985
2015-12-09,0.7,-3.2,5.4,0.5587997,0.13715993,0.020319989
2015-12-10,-2.7,-3.9,-1.4,0.60959965,0.15747991,0.0101599945
2015-12-11,-3.3,-4.5,-1.8,0.68579966,0.16763991,0.0
2015-12-12,-3.8,-4.7,-2.3,0.6603996,0.16763991,0.0101599945
2015-12-13,-2.9,-4.3,-1.7,0.71119964,0.17779991,0.015239992
2015-12-14,-5.6,-8.9,-2.3,0.8127996,0.1930399,0.0025399986
2015-12-15,-7.2,-10.6,-5.8,0.7873996,0.1930399,0.012699993
2015-12-16,-9.7,-13.4,-7.1,0.8127996,0.20573989,0.0
2015-12-17,-8.8,-12.3,-5.6,0.8127996,0.20573989,0.007619996
2015-12-18,-1.3,-5.8,0.4,0.8889995,0.21335988,0.027939985
2015-12-19,-3.9,-5.9,-0.4,0.9651995,0.24129987,0.0025399986
2015-12-20,-6.3,-8.0,-5.0,0.9651995,0.24383987,0.0025399986
2015-12-21,-5.3,-7.0,-3.1,0.99059945,0.24637987,0.020319989
2015-12-22,-6.2,-8.5,-3.7,1.1175994,0.26669985,0.012699993
2015-12-23,-8.1,-9.2,-7.3,1.2191993,0.27939984,0.015239992
2015-12-24,-8.2,-10.0,-6.8,1.3969992,0.29463986,0.007619996
2015-12-25,-7.6,-10.4,-4.9,1.3969992,0.30225983,0.0
2015-12-26,-9.9,-11.7,-5.2,1.3207992,0.30225983,0.0050799972
2015-12-27,-4.6,-6.5,-2.8,1.2953993,0.30733985,0.0
2015-12-28,-6.7,-11.0,-2.4,1.2191993,0.30733985,0.0
2015-12-29,-10.3,-12.6,-4.4,1.2191993,0.30733985,0.0
2015-12-30,-10.6,-13.1,-8.0,1.2191993,0.30733985,0.0025399986
2015-12-31,-10.8,-13.6,-5.0,1.1683993,0.30987984,0.0
2016-01-01,-5.8,-13.9,2.3,1.1683993,0.30987984,0.0050799972
2016-01-02,-0.3,-4.9,3.7,1.1429994,0.31495982,0.0
2016-01-03,-1.0,-5.6,2.9,1.0921994,0.31495982,0.0
2016-01-04,1.8,-1.1,5.4,1.0921994,0.31495982,0.0
2016-01-05,0.5,-1.7,2.9,1.0921994,0.31495982,0.0
2016-01-06,-0.1,-2.7,2.1,1.0667994,0.31241983,0.0
2016-01-07,-7.1,-13.3,-1.0,1.0667994,0.31241983,0.0025399986
2016-01-08,-6.2,-12.4,-1.7,1.0921994,0.31495982,0.0
2016-01-09,-6.4,-8.2,-4.3,1.0921994,0.31495982,0.0
2016-01-10,-6.7,-8.1,-5.2,1.0413995,0.31241983,0.0
2016-01-11,-3.8,-6.2,0.2,1.0413995,0.31241983,0.0
2016-01-12,-2.3,-4.9,1.1,1.0159994,0.31241983,0.0050799972
2016-01-13,0.2,-1.7,1.4,1.0159994,0.31495982,0.015239992
2016-01-14,-4.8,-6.8,-1.3,1.0921994,0.3301998,0.007619996
2016-01-15,-6.5,-7.5,-3.7,1.1429994,0.3378198,0.017779991
2016-01-16,-5.2,-7.7,-2.2,1.2191993,0.35559982,0.0025399986
2016-01-17,-1.5,-2.7,0.3,1.1937994,0.3581398,0.015239992
2016-01-18,-1.4,-3.3,0.6,1.2445993,0.3733798,0.007619996
2016-01-19,-2.1,-3.9,-0.4,1.2953993,0.3809998,0.0025399986
2016-01-20,-2.8,-4.5,-1.2,1.2953993,0.3835398,0.007619996
2016-01-21,0.1,-4.6,5.4,1.3461993,0.3911598,0.0050799972
2016-01-22,2.4,-0.6,5.1,1.2953993,0.3962398,0.0
2016-01-23,0.0,-2.3,3.5,1.2699993,0.3936998,0.0050799972
2016-01-24,-2.9,-5.3,-1.2,1.3207992,0.39877978,0.0050799972
2016-01-25,-5.1,-6.5,-2.0,1.3461993,0.4038598,0.0050799972
2016-01-26,-1.4,-5.1,2.5,1.3715993,0.4063998,0.0
2016-01-27,2.1,-0.8,4.8,1.1175994,0.4063998,0.0050799972
2016-01-28,2.2,-2.1,4.7,1.1429994,0.40893978,0.0050799972
2016-01-29,-3.2,-5.5,-1.1,1.2445993,0.41401976,0.0025399986
2016-01-30,-5.4,-7.5,-1.0,1.2953993,0.41401976,0.0
2016-01-31,-7.5,-9.3,-3.2,1.2699993,0.41401976,0.0025399986
2016-02-01,-7.8,-9.7,-3.8,1.2953993,0.4165598,0.0
2016-02-02,-8.9,-10.3,-4.2,1.2699993,0.4165598,0.0025399986
2016-02-03,-8.0,-11.0,-5.5,1.2953993,0.41909978,0.0
2016-02-04,-5.1,-6.9,-3.2,1.2445993,0.4165598,0.012699993
2016-02-05,-2.3,-5.4,0.5,1.3715993,0.42925978,0.0
2016-02-06,-3.5,-5.5,0.4,1.2699993,0.42671975,0.0
2016-02-07,-2.9,-6.4,0.2,1.2699993,0.42417976,0.0
2016-02-08,3.5,-0.6,5.9,1.2191993,0.42417976,0.0025399986
2016-02-09,7.4,3.8,12.1,1.1937994,0.41909978,0.0
2016-02-10,5.0,1.9,8.6,1.1937994,0.41909978,0.0
2016-02-11,2.8,0.7,5.1,1.1683993,0.41909978,0.0
2016-02-12,4.1,1.8,6.5,1.1683993,0.41909978,0.0
2016-02-13,-1.5,-3.9,4.0,1.1429994,0.41909978,0.020319989
2016-02-14,-1.1,-3.5,1.0,1.2953993,0.43941978,0.022859987
2016-02-15,0.9,-0.1,2.6,1.3461993,0.46227974,0.033019982
2016-02-16,1.1,0.3,1.6,1.4223993,0.49529973,0.015239992
2016-02-17,3.8,1.0,7.2,1.4731992,0.5105397,0.0025399986
2016-02-18,0.4,-2.8,5.2,1.4731992,0.5130797,0.007619996
2016-02-19,-1.2,-3.2,1.9,1.4731992,0.52069974,0.020319989
2016-02-20,-4.6,-6.9,-2.4,1.6001991,0.5410197,0.015239992
2016-02-21,-4.0,-8.0,-0.7,1.6509991,0.5562597,0.0
2016-02-22,-3.6,-6.7,1.1,1.6255991,0.5562597,0.0
2016-02-23,-4.4,-8.6,-1.5,1.6001991,0.5562597,0.0
2016-02-24,-1.1,-5.4,3.5,1.5747992,0.5537197,0.0
2016-02-25,2.4,-2.3,6.6,1.5493991,0.5537197,0.0025399986
2016-02-26,5.5,1.9,10.2,1.5239992,0.5511797,0.0
2016-02-27,1.8,-1.3,5.8,1.4477992,0.5384797,0.0050799972
2016-02-28,0.4,-3.0,3.3,1.4731992,0.54355973,0.007619996
2016-02-29,-4.1,-5.7,-2.2,1.5239992,0.5511797,0.012699993
2016-03-01,-0.8,-5.8,2.7,1.5747992,0.56387967,0.0101599945
2016-03-02,-2.2,-5.2,0.7,1.5747992,0.5740397,0.012699993
2016-03-03,0.8,-1.9,4.1,1.6509991,0.58673966,0.0
2016-03-04,2.4,-2.6,6.5,1.6001991,0.58673966,0.0025399986
2016-03-05,5.6,3.7,7.2,1.6001991,0.5892797,0.0025399986
2016-03-06,2.2,-2.8,6.5,1.6001991,0.5892797,0.0
2016-03-07,-0.7,-4.1,3.0,1.5747992,0.5892797,0.0
2016-03-08,-2.6,-4.1,0.1,1.5493991,0.5892797,0.0
2016-03-09,-1.7,-4.6,0.8,1.5493991,0.5892797,0.0
2016-03-10,2.3,-2.5,7.1,1.5493991,0.5892797,0.012699993
2016-03-11,2.7,-2.3,11.2,1.5493991,0.6019797,0.0050799972
2016-03-12,3.3,-2.2,6.2,1.5239992,0.60705966,0.0050799972
2016-03-13,-0.4,-3.8,3.8,1.5239992,0.61213964,0.007619996
2016-03-14,-3.7,-5.4,-0.5,1.6001991,0.6197597,0.017779991
2016-03-15,-5.1,-6.4,-1.6,1.777999,0.6375397,0.0101599945
2016-03-16,-5.3,-7.0,-0.3,1.803399,0.64769965,0.007619996
2016-03-17,-6.7,-10.3,-0.3,1.803399,0.65531963,0.0025399986
2016-03-18,-5.7,-10.8,1.0,1.803399,0.6578596,0.0025399986
2016-03-19,1.8,-7.6,11.9,1.777999,0.65023965,0.0101599945
2016-03-20,7.3,1.8,11.1,1.7271991,0.65531963,0.0025399986
2016-03-21,2.5,-1.6,5.8,1.6763991,0.6578596,0.0
2016-03-22,-1.2,-3.8,4.5,1.6509991,0.6578596,0.007619996
2016-03-23,-1.8,-3.7,1.3,1.7271991,0.66547966,0.007619996
2016-03-24,-2.0,-4.4,1.0,1.752599,0.67309964,0.012699993
2016-03-25,-3.1,-5.4,2.7,1.777999,0.68579966,0.012699993
2016-03-26,-2.2,-5.3,2.1,1.879599,0.6984996,0.0025399986
2016-03-27,-1.1,-4.0,3.2,1.854199,0.7010396,0.0025399986
2016-03-28,-1.9,-5.6,3.8,1.854199,0.7035796,0.0025399986
2016-03-29,-1.3,-3.0,1.2,1.803399,0.7035796,0.0
2016-03-30,1.7,-3.0,7.9,1.777999,0.6984996,0.0050799972
2016-03-31,0.8,-1.7,6.3,1.777999,0.7010396,0.0025399986
2016-04-01,5.1,0.7,9.4,1.777999,0.7010396,0.0025399986
2016-04-02,6.9,4.1,11.0,1.701799,0.6959596,0.0
2016-04-03,6.7,3.4,10.7,1.6509991,0.69341964,0.0
2016-04-04,3.5,-3.4,11.2,1.6001991,0.69341964,0.012699993
2016-04-05,-2.0,-3.7,0.4,1.6509991,0.7061196,0.0
2016-04-06,2.6,-1.9,7.1,1.6001991,0.7035796,0.0
2016-04-07,8.4,3.3,15.7,1.5747992,0.7035796,0.0025399986
2016-04-08,11.8,7.7,16.3,1.5493991,0.7035796,0.0
2016-04-09,8.6,1.9,15.4,1.4985992,0.69087964,0.0
2016-04-10,2.3,-1.5,10.1,1.4477992,0.67309964,0.0
2016-04-11,6.9,0.2,11.1,1.4477992,0.66293967,0.0
2016-04-12,7.2,2.7,11.6,1.3715993,0.65531963,0.0025399986
2016-04-13,1.9,-0.3,5.3,1.3207992,0.63245964,0.0
2016-04-14,0.7,-2.3,5.2,1.3207992,0.6197597,0.007619996
2016-04-15,-1.3,-3.3,2.8,1.3969992,0.62483966,0.017779991
2016-04-16,3.6,-3.8,11.9,1.4731992,0.6400797,0.007619996
2016-04-17,6.6,1.9,16.6,1.3715993,0.64769965,0.0025399986
2016-04-18,6.4,2.3,11.4,1.3461993,0.64261967,0.0
2016-04-19,11.2,4.3,21.5,1.3207992,0.63245964,0.0
2016-04-20,11.5,7.7,15.1,1.2699993,0.6172197,0.0
2016-04-21,13.3,7.5,21.6,1.2191993,0.58673966,0.0
2016-04-22,12.1,6.3,18.7,1.1683993,0.56387967,0.0
2016-04-23,4.9,2.2,8.4,1.0921994,0.5410197,0.0
2016-04-24,3.3,1.7,6.0,1.0921994,0.5283197,0.0
2016-04-25,2.9,0.1,6.8,1.0667994,0.51815975,0.0
2016-04-26,2.6,-1.6,8.9,1.0667994,0.5156197,0.0025399986
2016-04-27,-0.2,-2.4,3.5,1.0413995,0.5130797,0.0
2016-04-28,-1.3,-3.2,2.1,1.0413995,0.5054597,0.0
2016-04-29,1.0,-2.6,6.7,1.0413995,0.5054597,0.0050799972
2016-04-30,2.4,0.3,5.4,1.0413995,0.5079997,0.0
2016-05-01,6.3,0.6,13.1,1.0159994,0.5079997,0.0
2016-05-02,11.6,4.9,18.0,0.99059945,0.5054597,0.007619996
2016-05-03,14.1,9.5,19.4,0.9143995,0.47751975,0.0
2016-05-04,13.7,10.6,17.2,0.8889995,0.44703975,0.0025399986
2016-05-05,12.8,4.6,22.9,0.83819956,0.40893978,0.0
2016-05-06,4.9,3.7,6.3,0.7619996,0.3708398,0.0
2016-05-07,10.9,4.6,17.5,0.7365996,0.3479798,0.0
2016-05-08,11.5,4.8,16.2,0.6603996,0.31495982,0.0
2016-05-09,0.1,-2.5,4.8,0.5333997,0.26415986,0.015239992
2016-05-10,-0.4,-3.4,3.4,0.68579966,0.27939984,0.0
2016-05-11,3.6,-0.6,9.8,0.6603996,0.27431986,0.0025399986
2016-05-12,5.0,-1.3,12.2,0.60959965,0.27431986,0.0
2016-05-13,0.1,-2.3,3.4,0.5333997,0.26161987,0.0
2016-05-14,2.6,-0.2,7.0,0.5333997,0.25907987,0.0
2016-05-15,2.0,1.0,4.3,0.48259974,0.24383987,0.0050799972
2016-05-16,4.5,1.2,9.7,0.5333997,0.24891986,0.007619996
2016-05-17,9.6,4.8,14.7,0.5079997,0.24637987,0.007619996
2016-05-18,11.0,8.7,15.0,0.43179977,0.21335988,0.0
2016-05-19,6.0,3.4,10.3,0.3809998,0.1752599,0.0
2016-05-20,3.6,2.8,4.9,0.3301998,0.15493992,0.0
2016-05-21,3.2,1.0,6.2,0.30479982,0.14477992,0.0025399986
2016-05-22,1.4,0.8,2.9,0.30479982,0.13969992,0.020319989
2016-05-23,1.5,0.4,3.1,0.30479982,0.16001992,0.022859987
2016-05-24,4.3,-1.3,9.1,0.5333997,0.1828799,0.0025399986
2016-05-25,7.1,2.6,12.6,0.35559982,0.17271991,0.0050799972
2016-05-26,8.1,5.0,13.0,0.3301998,0.15493992,0.0025399986
2016-05-27,5.5,1.6,9.3,0.27939984,0.12699993,0.0
2016-05-28,4.0,0.7,7.2,0.2031999,0.09397995,0.0
2016-05-29,8.0,4.3,12.4,0.15239991,0.073659964,0.0101599945
2016-05-30,6.5,2.7,11.9,0.076199956,0.040639978,0.0
2016-05-31,6.1,1.7,11.5,0.050799973,0.015239992,0.0
2016-06-01,11.6,5.3,16.5,0.0,0.0,0.0
2016-06-02,9.3,6.9,11.5,0.0,0.0,0.0025399986
2016-06-03,10.8,6.0,15.6,0.0,0.0,0.007619996
2016-06-04,16.0,9.9,21.0,0.0,0.0,0.007619996
2016-06-05,17.4,12.7,22.6,0.0,0.0,0.0025399986
2016-06-06,18.7,12.2,24.1,0.0,0.0,0.0
2016-06-07,18.5,14.8,22.6,0.0,0.0,0.0
2016-06-08,17.5,11.1,24.1,0.0,0.0,0.0
2016-06-09,12.1,9.3,15.1,0.0,0.0,0.0
2016-06-10,13.0,7.7,18.5,0.0,0.0,0.0101599945
2016-06-11,8.3,4.2,11.9,0.0,0.0,0.0
2016-06-12,7.9,2.2,13.2,0.0,0.0,0.0
2016-06-13,12.4,8.2,17.5,0.0,0.0,0.0
2016-06-14,5.2,1.4,11.3,0.0,0.0,0.0
2016-06-15,5.1,1.1,11.3,0.0,0.0,0.012699993
2016-06-16,3.7,1.8,6.1,0.0,0.0,0.0050799972
2016-06-17,8.6,1.4,13.3,0.0,0.0,0.0025399986
2016-06-18,11.9,3.0,19.2,0.0,0.0,0.0
2016-06-19,7.1,1.6,12.3,0.0,0.0,0.0
2016-06-20,16.3,7.0,23.7,0.0,0.0,0.0
2016-06-21,12.0,7.2,16.4,0.0,0.0,0.0
2016-06-22,12.9,7.1,18.5,0.0,0.0,0.0
2016-06-23,16.4,11.2,21.7,0.0,0.0,0.0
2016-06-24,7.4,1.4,13.8,0.0,0.0,0.007619996
2016-06-25,7.1,2.5,11.7,0.0,0.0,0.0
2016-06-26,12.2,8.1,17.7,0.0,0.0,0.0
2016-06-27,16.3,8.9,23.0,0.0,0.0,0.0
2016-06-28,18.4,13.1,23.4,0.0,0.0,0.0
2016-06-29,16.6,9.7,23.2,0.0,0.0,0.0
2016-06-30,18.2,13.0,23.4,0.0,0.0,0.0
2016-07-01,18.3,15.2,22.6,0.0,0.0,0.0
2016-07-02,15.5,11.3,20.8,0.0,0.0,0.0
2016-07-03,14.5,11.0,19.3,0.0,0.0,0.0
2016-07-04,11.0,7.4,15.0,0.0,0.0,0.0
2016-07-05,10.1,5.4,14.7,0.0,0.0,0.0
2016-07-06,7.0,4.0,9.7,0.0,0.0,0.0
2016-07-07,10.9,4.9,15.4,0.0,0.0,0.0050799972
2016-07-08,14.7,10.0,19.4,0.0,0.0,0.0050799972
2016-07-09,11.7,8.6,16.1,0.0,0.0,0.0025399986
2016-07-10,8.2,4.2,13.6,0.0,0.0,0.015239992
2016-07-11,5.4,2.5,7.6,0.0,0.0,0.007619996
2016-07-12,9.2,5.2,14.2,0.0,0.0,0.0101599945
2016-07-13,10.0,6.8,13.5,0.0,0.0,0.0
2016-07-14,12.8,8.4,18.4,0.0,0.0,0.0
2016-07-15,14.6,9.4,20.6,0.0,0.0,0.0
2016-07-16,11.2,7.4,15.6,0.0,0.0,0.0
2016-07-17,12.3,6.5,18.0,0.0,0.0,0.0
2016-07-18,16.6,9.2,24.3,0.0,0.0,0.0
2016-07-19,17.7,12.8,22.9,0.0,0.0,0.0
2016-07-20,16.1,12.1,20.3,0.0,0.0,0.0
2016-07-21,18.2,12.7,23.8,0.0,0.0,0.0
2016-07-22,17.4,9.6,22.6,0.0,0.0,0.0
2016-07-23,11.8,8.4,16.4,0.0,0.0,0.0
2016-07-24,14.9,8.9,20.4,0.0,0.0,0.0
2016-07-25,18.5,13.8,24.1,0.0,0.0,0.0
2016-07-26,18.2,12.5,24.2,0.0,0.0,0.0
2016-07-27,17.1,12.0,21.6,0.0,0.0,0.0
2016-07-28,17.4,10.9,23.0,0.0,0.0,0.0
2016-07-29,18.4,12.1,24.9,0.0,0.0,0.0
2016-07-30,19.5,15.3,24.1,0.0,0.0,0.0
2016-07-31,15.4,11.3,19.0,0.0,0.0,0.0
2016-08-01,14.8,9.7,20.3,0.0,0.0,0.0
2016-08-02,19.1,12.3,25.6,0.0,0.0,0.0
2016-08-03,8.4,6.3,12.3,0.0,0.0,0.0
2016-08-04,13.6,5.5,20.1,0.0,0.0,0.0
2016-08-05,18.1,12.8,24.5,0.0,0.0,0.0
2016-08-06,15.3,9.3,21.1,0.0,0.0,0.0050799972
2016-08-07,12.8,10.0,17.5,0.0,0.0,0.0050799972
2016-08-08,12.9,8.5,19.8,0.0,0.0,0.0
2016-08-09,11.0,5.7,17.1,0.0,0.0,0.007619996
2016-08-10,7.2,4.6,9.4,0.0,0.0,0.0050799972
2016-08-11,12.1,7.4,16.7,0.0,0.0,0.0
2016-08-12,13.2,10.0,18.2,0.0,0.0,0.0
2016-08-13,15.7,10.1,20.4,0.0,0.0,0.0
2016-08-14,17.2,13.1,22.1,0.0,0.0,0.0
2016-08-15,18.2,12.9,23.6,0.0,0.0,0.0
2016-08-16,19.8,15.7,23.9,0.0,0.0,0.0
2016-08-17,18.2,11.8,24.7,0.0,0.0,0.0
2016-08-18,9.6,2.9,17.3,0.0,0.0,0.012699993
2016-08-19,9.2,3.2,15.0,0.0,0.0,0.0025399986
2016-08-20,14.9,9.4,19.6,0.0,0.0,0.0
2016-08-21,17.1,13.9,21.3,0.0,0.0,0.0
2016-08-22,11.7,6.8,15.8,0.0,0.0,0.0
2016-08-23,9.4,5.5,14.9,0.0,0.0,0.0
2016-08-24,7.6,5.7,11.9,0.0,0.0,0.0
2016-08-25,9.4,5.3,14.7,0.0,0.0,0.0
2016-08-26,10.8,5.3,15.8,0.0,0.0,0.0025399986
2016-08-27,14.2,10.9,19.2,0.0,0.0,0.0
2016-08-28,14.4,11.3,18.5,0.0,0.0,0.0
2016-08-29,18.4,13.5,25.0,0.0,0.0,0.0
2016-08-30,19.8,15.8,25.2,0.0,0.0,0.0
2016-08-31,18.7,12.1,24.4,0.0,0.0,0.0050799972
2016-09-01,17.3,13.8,21.4,0.0,0.0,0.0
2016-09-02,9.3,4.8,14.7,0.0,0.0,0.0
2016-09-03,8.1,4.4,12.9,0.0,0.0,0.0
2016-09-04,4.6,2.3,7.5,0.0,0.0,0.0
2016-09-05,3.9,1.5,6.8,0.0,0.0,0.0
2016-09-06,5.5,3.8,10.3,0.0,0.0,0.015239992
2016-09-07,5.9,3.6,9.5,0.0,0.0,0.0050799972
2016-09-08,5.5,2.9,7.4,0.0,0.0,0.0
2016-09-09,6.7,1.2,9.9,0.0,0.0,0.0
2016-09-10,11.2,6.7,15.6,0.0,0.0,0.0
2016-09-11,7.1,-0.3,12.8,0.0,0.0,0.0050799972
2016-09-12,0.0,-2.8,3.1,0.0,0.0,0.0
2016-09-13,4.7,-2.8,10.9,0.0,0.0,0.015239992
2016-09-14,9.8,5.9,14.8,0.0,0.0,0.007619996
2016-09-15,11.0,6.8,15.6,0.0,0.0,0.0
2016-09-16,12.2,9.1,15.9,0.0,0.0,0.0
2016-09-17,9.4,6.6,12.4,0.0,0.0,0.0
2016-09-18,6.5,4.9,8.4,0.0,0.0,0.030479984
2016-09-19,7.6,4.9,10.8,0.0,0.0,0.007619996
2016-09-20,7.0,3.4,11.5,0.0,0.0,0.0
2016-09-21,3.6,1.6,4.4,0.0,0.0,0.0101599945
2016-09-22,5.3,4.0,8.0,0.0,0.0,0.0101599945
2016-09-23,5.5,3.9,7.9,0.0,0.0,0.0101599945
2016-09-24,5.4,3.0,9.4,0.0,0.0,0.0
2016-09-25,7.2,2.2,11.2,0.0,0.0,0.0
2016-09-26,12.8,6.2,17.3,0.0,0.0,0.0
2016-09-27,14.6,7.4,18.7,0.0,0.0,0.0025399986
2016-09-28,12.6,6.6,18.9,0.0,0.0,0.0
2016-09-29,16.1,11.5,21.5,0.0,0.0,0.0
2016-09-30,14.7,11.6,20.0,0.0,0.0,0.0
2016-10-01,9.4,4.5,14.0,0.0,0.0,0.0
2016-10-02,6.1,1.9,10.9,0.0,0.0,0.015239992
2016-10-03,3.4,1.5,5.7,0.0,0.0,0.0
2016-10-04,1.5,0.4,2.9,0.0,0.0,0.0
2016-10-05,0.1,-1.7,4.6,0.0,0.0,0.0101599945
2016-10-06,1.9,-0.4,5.6,0.076199956,0.007619996,0.0
2016-10-07,2.9,0.7,4.2,0.050799973,0.0050799972,0.012699993
2016-10-08,7.6,3.7,10.5,0.0,0.0,0.0050799972
2016-10-09,7.5,3.6,10.0,0.0,0.0,0.0050799972
2016-10-10,-0.2,-6.6,5.6,0.0,0.0,0.0
2016-10-11,-3.9,-7.3,-0.7,0.0,0.0,0.0
2016-10-12,3.6,-1.9,7.3,0.0,0.0,0.0
2016-10-13,6.2,3.8,8.0,0.0,0.0,0.0101599945
2016-10-14,4.2,1.8,8.2,0.0,0.0,0.012699993
2016-10-15,4.6,2.3,7.1,0.025399987,0.012699993,0.007619996
2016-10-16,2.4,0.5,3.9,0.0,0.0,0.0101599945
2016-10-17,1.4,0.4,3.5,0.0,0.0,0.017779991
2016-10-18,1.1,-0.5,5.9,0.10159995,0.017779991,0.0025399986
2016-10-19,0.5,-0.7,2.9,0.12699993,0.020319989,0.0025399986
2016-10-20,3.3,-0.1,5.5,0.10159995,0.017779991,0.012699993
2016-10-21,5.1,2.4,7.2,0.050799973,0.020319989,0.0
2016-10-22,2.4,0.5,6.8,0.025399987,0.007619996,0.012699993
2016-10-23,7.0,1.8,10.9,0.050799973,0.007619996,0.0
2016-10-24,8.1,5.3,11.3,0.025399987,0.0050799972,0.0025399986
2016-10-25,5.8,4.8,7.2,0.0,0.0,0.0
2016-10-26,7.6,4.9,10.4,0.0,0.0,0.0025399986
2016-10-27,9.5,4.1,12.1,0.0,0.0,0.0
2016-10-28,3.6,1.1,6.6,0.0,0.0,0.0
2016-10-29,5.2,1.1,9.8,0.0,0.0,0.0050799972
2016-10-30,6.0,1.9,10.2,0.0,0.0,0.0025399986
2016-10-31,1.2,0.0,3.6,0.0,0.0,0.025399987
2016-11-01,1.1,-0.1,3.6,0.10159995,0.025399987,0.0
2016-11-02,3.6,0.5,8.1,0.076199956,0.022859987,0.0025399986
2016-11-03,8.1,5.6,10.6,0.050799973,0.022859987,0.0025399986
2016-11-04,10.0,5.8,12.7,0.050799973,0.020319989,0.0
2016-11-05,10.6,8.7,12.8,0.076199956,0.020319989,0.0
2016-11-06,4.7,1.9,10.0,0.050799973,0.015239992,0.0
2016-11-07,5.4,2.4,7.7,0.025399987,0.0101599945,0.0
2016-11-08,10.9,5.3,14.6,0.025399987,0.0050799972,0.0
2016-11-09,11.0,7.6,13.1,0.0,0.0,0.0
2016-11-10,8.8,4.6,12.6,0.0,0.0,0.0
2016-11-11,11.6,8.8,14.3,0.0,0.0,0.0
2016-11-12,7.2,3.0,10.6,0.0,0.0,0.0
2016-11-13,3.3,1.5,5.8,0.0,0.0,0.0
2016-11-14,3.8,2.5,5.0,0.0,0.0,0.0050799972
2016-11-15,2.9,-1.8,5.5,0.050799973,0.0025399986,0.0050799972
2016-11-16,-3.3,-5.4,-1.3,0.076199956,0.0050799972,0.007619996
2016-11-17,-4.8,-7.4,0.2,0.12699993,0.012699993,0.0
2016-11-18,-3.9,-7.7,0.5,0.12699993,0.012699993,0.0
2016-11-19,1.1,-3.8,3.2,0.12699993,0.012699993,0.0025399986
2016-11-20,3.4,1.7,6.3,0.12699993,0.015239992,0.0
2016-11-21,-0.3,-1.6,3.0,0.12699993,0.015239992,0.0
2016-11-22,-0.9,-2.8,1.3,0.12699993,0.015239992,0.0025399986
2016-11-23,-1.4,-3.8,0.9,0.12699993,0.017779991,0.0
2016-11-24,-2.5,-4.2,-0.6,0.15239991,0.017779991,0.0
2016-11-25,0.5,-1.6,2.4,0.15239991,0.017779991,0.0
2016-11-26,2.6,0.5,6.4,0.15239991,0.017779991,0.0
2016-11-27,-0.1,-4.8,4.8,0.12699993,0.015239992,0.0
2016-11-28,-3.9,-5.1,2.3,0.12699993,0.012699993,0.0
2016-11-29,-5.2,-7.0,-1.2,0.12699993,0.012699993,0.0
2016-11-30,-5.3,-7.7,-3.9,0.12699993,0.0101599945,0.0
2016-12-01,-4.6,-5.6,-3.3,0.12699993,0.007619996,0.0025399986
2016-12-02,-6.3,-7.0,-5.3,0.17779991,0.0101599945,0.0
2016-12-03,-4.2,-5.6,-2.7,0.12699993,0.0101599945,0.007619996
2016-12-04,-5.1,-10.8,-2.7,0.2031999,0.017779991,0.030479984
2016-12-05,-12.7,-15.5,-10.8,0.5079997,0.048259974,0.015239992
2016-12-06,-18.8,-22.0,-12.6,0.63499963,0.063499965,0.0
2016-12-07,-19.2,-22.5,-11.7,0.60959965,0.06095997,0.0
2016-12-08,-17.5,-20.6,-8.9,0.48259974,0.06095997,0.0025399986
2016-12-09,-10.0,-20.9,-3.1,0.48259974,0.06095997,0.012699993
2016-12-10,-5.0,-7.6,-1.5,0.5333997,0.073659964,0.015239992
2016-12-11,-6.3,-7.4,-5.3,0.60959965,0.088899955,0.038099978
2016-12-12,-9.8,-15.1,-6.3,1.0667994,0.12699993,0.017779991
2016-12-13,-10.1,-12.7,-7.0,1.1175994,0.14477992,0.0025399986
2016-12-14,-10.6,-14.4,-6.7,1.0159994,0.14731993,0.0025399986
2016-12-15,-13.3,-20.1,-8.2,0.9143995,0.14985992,0.0050799972
2016-12-16,-22.9,-27.0,-19.4,0.9651995,0.15493992,0.0
2016-12-17,-19.3,-25.1,-16.4,0.9397995,0.15493992,0.033019982
2016-12-18,-12.3,-17.5,-8.6,1.0159994,0.1879599,0.0
2016-12-19,-6.5,-9.3,-3.7,0.9143995,0.1879599,0.050799973
2016-12-20,-3.6,-6.8,-0.2,1.1429994,0.23875988,0.048259974
2016-12-21,-5.7,-6.8,-3.2,1.3207992,0.28701985,0.017779991
2016-12-22,-2.6,-5.5,0.5,1.3207992,0.30479982,0.0
2016-12-23,-3.5,-6.7,-0.6,1.2699993,0.30479982,0.0
2016-12-24,-6.9,-12.9,-2.5,1.2191993,0.30479982,0.0
2016-12-25,-12.1,-16.3,-5.7,1.2699993,0.30479982,0.0
2016-12-26,-9.7,-11.0,-7.4,1.2699993,0.30479982,0.0
2016-12-27,-7.1,-9.1,-5.7,1.1175994,0.30479982,0.025399987
2016-12-28,-7.9,-8.9,-7.3,1.3969992,0.3301998,0.033019982
2016-12-29,-3.3,-8.4,0.6,1.5493991,0.3632198,0.0050799972
2016-12-30,-5.3,-9.1,-0.4,1.4477992,0.3682998,0.0
2016-12-31,-7.3,-9.8,-3.9,1.4477992,0.3682998,0.0
2017-01-01,-14.4,-21.9,-6.0,1.2699993,0.3581398,0.0
2017-01-02,-21.2,-23.0,-17.6,1.2699993,0.3530598,0.0
2017-01-03,-17.9,-21.9,-9.2,1.2699993,0.3530598,0.0
2017-01-04,-16.2,-20.6,-7.2,1.2445993,0.3530598,0.0
2017-01-05,-13.3,-18.5,-8.6,1.2445993,0.3530598,0.0025399986
2017-01-06,-9.4,-13.2,-6.7,1.2191993,0.35559982,0.0
2017-01-07,-6.6,-9.5,-1.7,1.1937994,0.35559982,0.0050799972
2017-01-08,-2.3,-5.9,1.1,1.2191993,0.3606798,0.027939985
2017-01-09,-2.6,-7.7,1.3,1.3715993,0.3860798,0.025399987
2017-01-10,-11.3,-23.4,-6.2,1.4985992,0.4038598,0.0101599945
2017-01-11,-13.6,-22.5,-2.7,1.6255991,0.41401976,0.0
2017-01-12,-10.0,-15.6,-7.9,1.5493991,0.41401976,0.0050799972
2017-01-13,-6.5,-8.9,-3.2,1.5747992,0.41909978,0.0
2017-01-14,-3.6,-6.1,-0.4,1.4985992,0.41909978,0.0
2017-01-15,-2.1,-6.3,0.2,1.4223993,0.41909978,0.0
2017-01-16,-1.9,-6.1,2.8,1.3969992,0.41909978,0.0
2017-01-17,2.8,0.6,4.5,1.3715993,0.41909978,0.0
2017-01-18,2.8,1.5,4.1,1.3461993,0.41909978,0.0
2017-01-19,-0.3,-3.0,2.9,1.3461993,0.4165598,0.0
2017-01-20,-3.4,-5.2,0.0,1.3207992,0.4165598,0.0
2017-01-21,-3.6,-6.1,0.3,1.3207992,0.4165598,0.0
2017-01-22,-3.6,-6.2,2.2,1.3207992,0.4165598,0.0
2017-01-23,-7.5,-11.2,-0.9,1.3461993,0.4165598,0.0
2017-01-24,-7.7,-10.8,-2.3,1.3461993,0.4165598,0.0
2017-01-25,-8.0,-9.2,-4.5,1.3461993,0.4165598,0.0
2017-01-26,-7.7,-9.6,-5.5,1.3207992,0.4165598,0.0
2017-01-27,-5.4,-8.7,-1.1,1.3207992,0.4165598,0.0
2017-01-28,0.3,-3.4,3.7,1.2699993,0.41401976,0.0
2017-01-29,1.5,-1.3,3.9,1.2445993,0.41401976,0.0
2017-01-30,-2.5,-4.8,-0.7,1.2445993,0.41401976,0.0
2017-01-31,-11.4,-15.7,-4.7,1.2445993,0.41401976,0.007619996
2017-02-01,-16.6,-19.4,-10.9,1.3461993,0.42163977,0.0
2017-02-02,-16.0,-19.8,-9.1,1.3461993,0.42163977,0.0
2017-02-03,-3.1,-13.6,0.7,1.3207992,0.42163977,0.020319989
2017-02-04,-1.1,-4.1,-0.1,1.3461993,0.44195977,0.038099978
2017-02-05,0.1,-1.4,1.6,1.5747992,0.48005974,0.022859987
2017-02-06,-3.0,-8.0,1.4,1.6509991,0.50291973,0.015239992
2017-02-07,-8.0,-9.9,-3.4,1.803399,0.51815975,0.0025399986
2017-02-08,-4.4,-8.0,0.9,1.752599,0.52069974,0.022859987
2017-02-09,2.3,0.2,3.7,1.803399,0.54355973,0.0050799972
2017-02-10,-1.9,-5.2,0.6,1.854199,0.5486397,0.035559982
2017-02-11,-6.4,-7.8,-4.6,1.879599,0.58419967,0.0
2017-02-12,-2.5,-7.6,2.8,1.752599,0.58419967,0.0
2017-02-13,1.8,-1.6,11.8,1.6763991,0.58419967,0.0
2017-02-14,4.5,-2.0,12.4,1.6763991,0.58419967,0.0
2017-02-15,6.1,4.9,7.6,1.6509991,0.58419967,0.0
2017-02-16,3.8,-0.8,5.8,1.6255991,0.58419967,0.0
2017-02-17,-0.4,-1.8,1.4,1.6763991,0.58419967,0.020319989
2017-02-18,1.9,-2.0,5.7,1.701799,0.60451967,0.007619996
2017-02-19,-0.2,-3.6,2.4,1.6255991,0.61213964,0.012699993
2017-02-20,-0.6,-3.6,2.0,1.777999,0.62483966,0.033019982
2017-02-21,-0.4,-3.5,1.6,1.904999,0.6578596,0.030479984
2017-02-22,-4.2,-7.1,2.0,2.0319989,0.68833965,0.0101599945
2017-02-23,-7.9,-11.7,-3.5,1.9811989,0.69341964,0.0025399986
2017-02-24,-8.7,-11.5,-2.7,1.9811989,0.6959596,0.0025399986
2017-02-25,-10.5,-11.7,-9.3,1.955799,0.6984996,0.045719974
2017-02-26,-10.4,-14.6,-2.5,2.0319989,0.7442196,0.0050799972
2017-02-27,-9.4,-14.8,-6.2,2.1589987,0.7467596,0.0101599945
2017-02-28,-9.5,-11.5,-7.2,2.184399,0.75691956,0.007619996
2017-03-01,-6.2,-10.1,-4.3,2.2097988,0.7645396,0.033019982
2017-03-02,-2.7,-4.9,0.1,2.3113987,0.79755956,0.015239992
2017-03-03,0.4,-3.0,3.1,2.2859988,0.8127996,0.0050799972
2017-03-04,0.2,-1.3,2.3,2.2097988,0.81533957,0.012699993
2017-03-05,-3.3,-8.3,0.3,2.2097988,0.8280395,0.0025399986
2017-03-06,-8.1,-10.0,-4.9,2.260599,0.8305796,0.007619996
2017-03-07,-7.2,-10.3,-2.9,2.2859988,0.83819956,0.022859987
2017-03-08,-3.6,-6.0,-2.1,2.4129987,0.86105955,0.043179978
2017-03-09,-4.9,-7.5,1.6,2.6161985,0.90423954,0.022859987
2017-03-10,1.2,-0.4,2.5,2.6669986,0.9270995,0.030479984
2017-03-11,1.7,-1.1,5.5,2.6669986,0.9575795,0.012699993
2017-03-12,-0.5,-1.7,4.0,2.6415985,0.97027946,0.012699993
2017-03-13,1.7,-1.3,5.4,2.6161985,0.9829795,0.0
2017-03-14,3.9,1.6,6.2,2.5399985,0.9829795,0.0
2017-03-15,4.6,2.5,6.4,2.4129987,0.97281945,0.0
2017-03-16,-0.3,-3.3,2.5,2.3113987,0.9626595,0.0
2017-03-17,2.5,-3.7,8.2,2.2859988,0.9601195,0.0
2017-03-18,5.9,0.7,10.0,2.2859988,0.9601195,0.0
2017-03-19,0.5,-2.0,2.8,2.184399,0.9601195,0.0
2017-03-20,-1.8,-5.0,4.5,2.184399,0.9601195,0.0
2017-03-21,3.1,-3.4,10.8,2.1589987,0.9601195,0.012699993
2017-03-22,3.0,0.4,5.5,2.1589987,0.97281945,0.0
2017-03-23,0.1,-1.5,2.5,2.1589987,0.97027946,0.0
2017-03-24,2.8,-1.1,8.1,2.1335988,0.97027946,0.0050799972
2017-03-25,-0.5,-2.2,2.5,2.1335988,0.9753595,0.0
2017-03-26,0.5,-3.2,6.1,2.108199,0.9753595,0.0
2017-03-27,0.3,-2.3,4.6,2.082799,0.9753595,0.0025399986
2017-03-28,-1.4,-2.9,1.5,2.108199,0.9778995,0.0
2017-03-29,1.0,-1.4,3.1,2.082799,0.9778995,0.007619996
2017-03-30,3.1,0.4,7.8,2.108199,0.98551947,0.0025399986
2017-03-31,2.8,-0.3,13.0,2.082799,0.98551947,0.0050799972
2017-04-01,3.0,0.7,7.0,2.082799,0.98551947,0.0
2017-04-02,-0.9,-5.1,3.2,2.0573988,0.98551947,0.0
2017-04-03,-4.2,-6.5,0.0,2.0319989,0.9829795,0.0050799972
2017-04-04,-0.9,-7.4,4.9,2.0573988,0.98805946,0.0025399986
2017-04-05,3.0,0.0,8.5,2.0319989,0.98805946,0.0
2017-04-06,5.9,2.9,9.9,2.006599,0.98805946,0.0
2017-04-07,4.6,-0.9,8.6,1.9811989,0.98805946,0.0
2017-04-08,1.2,-3.0,8.8,1.9811989,0.98805946,0.0101599945
2017-04-09,-3.1,-4.3,-0.2,2.082799,0.9982195,0.0050799972
2017-04-10,-1.8,-4.2,3.1,2.082799,1.0032995,0.0050799972
2017-04-11,0.2,-4.8,6.4,2.108199,1.0083795,0.0025399986
2017-04-12,2.6,-1.2,7.2,2.0573988,1.0083795,0.0025399986
2017-04-13,3.6,-0.8,9.5,2.0573988,1.0083795,0.0
2017-04-14,-1.5,-4.1,1.1,2.0319989,1.0083795,0.0025399986
2017-04-15,-3.3,-5.0,-0.1,2.006599,1.0083795,0.0050799972
2017-04-16,1.7,-4.7,11.2,2.0319989,1.0134594,0.0050799972
2017-04-17,2.1,1.0,4.3,1.9811989,1.0185394,0.0
2017-04-18,3.4,0.3,8.8,1.9811989,1.0185394,0.0
2017-04-19,2.8,-1.2,7.3,1.955799,1.0185394,0.007619996
2017-04-20,3.5,-0.4,11.0,1.9811989,1.0236194,0.0
2017-04-21,0.3,-2.2,7.1,1.955799,1.0236194,0.0
2017-04-22,4.4,-2.9,10.4,1.955799,1.0236194,0.0
2017-04-23,3.7,0.5,9.1,1.904999,1.0236194,0.0
2017-04-24,2.1,-1.0,6.8,1.879599,1.0236194,0.0
2017-04-25,1.4,-0.4,5.3,1.879599,1.0109195,0.0
2017-04-26,1.0,-1.2,5.5,1.879599,1.0058395,0.0025399986
2017-04-27,-0.7,-2.3,1.9,1.879599,1.0032995,0.0
2017-04-28,0.5,-2.3,6.8,1.879599,0.99313945,0.0
2017-04-29,2.2,-1.7,7.3,1.879599,0.99059945,0.0025399986
2017-04-30,1.3,-0.7,4.2,1.879599,0.98805946,0.0025399986
2017-05-01,1.3,-1.3,5.9,1.904999,0.99059945,0.0050799972
2017-05-02,1.0,-1.5,6.4,1.904999,0.99567944,0.0
2017-05-03,5.7,-0.4,10.9,1.879599,0.99567944,0.0025399986
2017-05-04,12.8,7.5,18.0,1.803399,0.99567944,0.0
2017-05-05,14.6,9.8,20.9,1.7271991,0.9575795,0.0
2017-05-06,10.4,5.6,17.5,1.6255991,0.8889995,0.0050799972
2017-05-07,3.7,-0.4,7.5,1.6001991,0.8762995,0.0025399986
2017-05-08,5.6,-1.0,11.7,1.6001991,0.86105955,0.0
2017-05-09,8.8,4.9,14.7,1.5493991,0.82295954,0.0
2017-05-10,11.7,5.8,16.8,1.4985992,0.7645396,0.0
2017-05-11,13.6,9.9,22.3,1.4477992,0.7289796,0.0050799972
2017-05-12,7.8,-0.5,15.5,1.3969992,0.7061196,0.015239992
2017-05-13,-0.4,-2.1,2.9,1.3461993,0.6959596,0.0
2017-05-14,0.5,-2.7,4.9,1.3461993,0.6603996,0.0
2017-05-15,3.6,-0.5,7.5,1.3461993,0.65277964,0.0025399986
2017-05-16,3.5,1.0,7.9,1.2953993,0.65531963,0.0025399986
2017-05-17,1.5,0.7,3.4,1.2699993,0.6578596,0.017779991
2017-05-18,4.0,0.3,12.4,1.3715993,0.66801965,0.0
2017-05-19,6.9,1.8,14.8,1.2953993,0.66293967,0.0025399986
2017-05-20,7.6,4.7,14.5,1.1937994,0.65531963,0.0025399986
2017-05-21,9.3,5.0,14.7,1.1937994,0.63499963,0.0
2017-05-22,11.6,7.9,17.5,1.1429994,0.60959965,0.0
2017-05-23,13.4,9.0,17.2,1.0921994,0.5740397,0.0
2017-05-24,5.6,1.3,12.1,0.99059945,0.5257797,0.015239992
2017-05-25,4.3,0.4,9.8,0.9397995,0.46735975,0.0025399986
2017-05-26,6.8,2.0,12.6,0.9397995,0.44195977,0.0
2017-05-27,10.7,6.3,15.1,0.9143995,0.41909978,0.0025399986
2017-05-28,11.6,8.4,17.5,0.83819956,0.38861978,0.0
2017-05-29,13.3,8.5,19.6,0.7365996,0.35559982,0.0025399986
2017-05-30,15.6,10.8,20.9,0.68579966,0.31749982,0.0
2017-05-31,16.1,11.5,23.2,0.58419967,0.27685985,0.0050799972
2017-06-01,10.9,6.9,17.0,0.48259974,0.22605988,0.0
2017-06-02,8.7,5.7,11.9,0.3301998,0.1650999,0.0
2017-06-03,14.2,7.8,18.2,0.22859988,0.11175994,0.0050799972
2017-06-04,14.9,5.3,22.3,0.15239991,0.066039965,0.007619996
2017-06-05,7.8,4.1,13.4,0.076199956,0.025399987,0.007619996
2017-06-06,11.5,6.1,15.7,0.0,0.0,0.015239992
2017-06-07,16.7,9.9,23.7,0.0,0.0,0.007619996
2017-06-08,15.5,8.0,21.7,0.0,0.0,0.0
2017-06-09,6.6,3.3,9.8,0.0,0.0,0.0
2017-06-10,3.7,1.2,7.2,0.0,0.0,0.0050799972
2017-06-11,7.6,0.8,14.2,0.0,0.0,0.020319989
2017-06-12,11.1,6.9,16.7,0.0,0.0,0.015239992
2017-06-13,6.2,3.1,8.2,0.0,0.0,0.025399987
2017-06-14,6.6,3.3,11.2,0.0,0.0,0.0
2017-06-15,7.3,5.3,10.6,0.0,0.0,0.0025399986
2017-06-16,6.6,4.3,8.4,0.0,0.0,0.017779991
2017-06-17,7.0,3.6,10.4,0.0,0.0,0.0
2017-06-18,7.0,4.3,9.3,0.0,0.0,0.0
2017-06-19,14.0,8.4,18.9,0.0,0.0,0.0
2017-06-20,15.9,12.0,18.8,0.0,0.0,0.0
2017-06-21,11.4,6.6,15.1,0.0,0.0,0.0
2017-06-22,7.9,4.6,12.6,0.0,0.0,0.0
2017-06-23,9.2,4.5,14.8,0.0,0.0,0.0025399986
2017-06-24,11.7,6.7,18.3,0.0,0.0,0.0
2017-06-25,15.9,9.2,21.9,0.0,0.0,0.0
2017-06-26,19.0,11.4,23.5,0.0,0.0,0.0
2017-06-27,13.3,9.8,17.8,0.0,0.0,0.0
2017-06-28,12.0,7.4,17.0,0.0,0.0,0.0
2017-06-29,8.0,5.2,12.2,0.0,0.0,0.0025399986
2017-06-30,14.0,9.1,19.2,0.0,0.0,0.0
2017-07-01,17.0,13.3,21.4,0.0,0.0,0.0
2017-07-02,18.7,14.5,22.6,0.0,0.0,0.0
2017-07-03,17.4,13.8,21.5,0.0,0.0,0.0
2017-07-04,17.8,11.1,22.1,0.0,0.0,0.0
2017-07-05,20.9,16.2,26.4,0.0,0.0,0.0
2017-07-06,21.3,16.9,26.3,0.0,0.0,0.0
2017-07-07,22.3,17.2,27.5,0.0,0.0,0.0
2017-07-08,22.5,18.5,27.2,0.0,0.0,0.0
2017-07-09,21.1,16.0,25.8,0.0,0.0,0.0
2017-07-10,16.8,12.3,21.0,0.0,0.0,0.0
2017-07-11,13.8,9.2,19.8,0.0,0.0,0.0
2017-07-12,16.3,8.9,22.1,0.0,0.0,0.0
2017-07-13,21.3,15.7,26.5,0.0,0.0,0.0
2017-07-14,21.6,15.4,28.0,0.0,0.0,0.0
2017-07-15,20.3,13.6,27.3,0.0,0.0,0.0
2017-07-16,16.0,11.5,19.7,0.0,0.0,0.0
2017-07-17,14.3,9.5,18.8,0.0,0.0,0.0
2017-07-18,16.7,10.9,22.0,0.0,0.0,0.0
2017-07-19,17.9,12.9,22.9,0.0,0.0,0.0
2017-07-20,18.5,13.0,22.7,0.0,0.0,0.0
2017-07-21,14.5,11.0,19.6,0.0,0.0,0.0
2017-07-22,16.9,12.1,21.4,0.0,0.0,0.0
2017-07-23,19.9,14.8,24.6,0.0,0.0,0.0
2017-07-24,18.2,11.4,22.8,0.0,0.0,0.0
2017-07-25,15.4,7.4,22.7,0.0,0.0,0.0
2017-07-26,18.8,13.6,24.1,0.0,0.0,0.0
2017-07-27,18.7,15.5,24.0,0.0,0.0,0.0
2017-07-28,18.6,14.9,23.5,0.0,0.0,0.0
2017-07-29,20.4,15.6,25.1,0.0,0.0,0.0
2017-07-30,20.6,17.6,25.0,0.0,0.0,0.0
2017-07-31,19.8,14.7,24.3,0.0,0.0,0.0
2017-08-01,18.0,10.4,24.3,0.0,0.0,0.0
2017-08-02,10.9,7.8,15.1,0.0,0.0,0.0
2017-08-03,16.0,8.6,22.3,0.0,0.0,0.0
2017-08-04,15.6,8.9,21.6,0.0,0.0,0.0
2017-08-05,9.1,7.4,12.1,0.0,0.0,0.0
2017-08-06,12.9,7.2,19.2,0.0,0.0,0.0
2017-08-07,16.6,11.5,22.6,0.0,0.0,0.0
2017-08-08,13.4,9.9,18.0,0.0,0.0,0.0
2017-08-09,13.5,8.7,21.2,0.0,0.0,0.0050799972
2017-08-10,15.9,10.0,22.1,0.0,0.0,0.0
2017-08-11,16.3,12.2,22.3,0.0,0.0,0.0025399986
2017-08-12,17.5,11.8,23.4,0.0,0.0,0.0
2017-08-13,13.4,8.9,18.8,0.0,0.0,0.0
2017-08-14,11.5,7.7,16.1,0.0,0.0,0.0
2017-08-15,13.1,7.2,18.7,0.0,0.0,0.0
2017-08-16,14.8,10.6,19.3,0.0,0.0,0.0
2017-08-17,15.5,11.3,19.8,0.0,0.0,0.0
2017-08-18,16.2,11.8,21.3,0.0,0.0,0.0
2017-08-19,13.8,10.1,17.8,0.0,0.0,0.0
2017-08-20,12.7,7.7,17.8,0.0,0.0,0.0
2017-08-21,14.8,10.1,20.0,0.0,0.0,0.0
2017-08-22,18.2,12.6,22.7,0.0,0.0,0.0
2017-08-23,19.6,15.6,24.3,0.0,0.0,0.0
2017-08-24,16.1,12.4,20.4,0.0,0.0,0.0
2017-08-25,14.7,10.6,19.2,0.0,0.0,0.0
2017-08-26,15.9,11.9,21.1,0.0,0.0,0.0
2017-08-27,19.4,14.4,24.8,0.0,0.0,0.0
2017-08-28,20.1,16.1,24.7,0.0,0.0,0.0
2017-08-29,21.2,17.8,27.3,0.0,0.0,0.0
2017-08-30,19.7,14.3,26.8,0.0,0.0,0.0
2017-08-31,16.5,11.1,20.6,0.0,0.0,0.0
2017-09-01,15.5,9.8,20.1,0.0,0.0,0.0
2017-09-02,19.4,14.2,24.4,0.0,0.0,0.0
2017-09-03,19.9,9.8,24.6,0.0,0.0,0.0
2017-09-04,9.9,6.7,14.0,0.0,0.0,0.0
2017-09-05,14.8,7.4,21.9,0.0,0.0,0.0
2017-09-06,18.2,14.2,23.2,0.0,0.0,0.0
2017-09-07,19.9,16.0,25.0,0.0,0.0,0.0
2017-09-08,19.4,16.4,22.9,0.0,0.0,0.0
2017-09-09,17.6,13.3,21.4,0.0,0.0,0.0
2017-09-10,13.5,10.0,17.6,0.0,0.0,0.0
2017-09-11,16.7,9.5,22.3,0.0,0.0,0.0
2017-09-12,18.3,15.0,21.9,0.0,0.0,0.0050799972
2017-09-13,12.6,4.3,18.0,0.0,0.0,0.0
2017-09-14,1.7,-0.1,4.5,0.0,0.0,0.0101599945
2017-09-15,0.0,-0.8,0.9,0.0,0.0,0.0050799972
2017-09-16,2.0,-1.2,6.2,0.0,0.0,0.0050799972
2017-09-17,6.7,1.7,10.1,0.0,0.0,0.0
2017-09-18,5.4,0.7,8.8,0.0,0.0,0.0
2017-09-19,0.7,-0.4,2.8,0.0,0.0,0.0
2017-09-20,0.7,-0.7,2.9,0.0,0.0,0.0025399986
2017-09-21,1.6,-1.4,6.0,0.025399987,0.0025399986,0.007619996
2017-09-22,-1.7,-2.4,-0.4,0.0,0.0,0.0
2017-09-23,0.6,-3.2,4.3,0.0,0.0,0.0
2017-09-24,4.0,0.0,8.1,0.0,0.0,0.007619996
2017-09-25,4.8,2.7,7.8,0.0,0.0,0.0
2017-09-26,7.5,3.7,13.4,0.0,0.0,0.0
2017-09-27,9.9,5.3,14.3,0.0,0.0,0.0
2017-09-28,12.2,8.3,17.5,0.0,0.0,0.0
2017-09-29,12.1,8.9,15.6,0.0,0.0,0.0
2017-09-30,5.5,1.5,10.3,0.0,0.0,0.0
2017-10-01,1.1,-0.6,5.9,0.0,0.0,0.007619996
2017-10-02,-3.1,-5.8,-0.3,0.0,0.0025399986,0.0101599945
2017-10-03,-1.6,-5.9,6.1,0.12699993,0.0101599945,0.0
2017-10-04,3.3,0.2,7.6,0.076199956,0.007619996,0.007619996
2017-10-05,3.9,-0.6,8.4,0.0,0.0,0.0
2017-10-06,6.0,3.2,8.9,0.0,0.0,0.007619996
2017-10-07,1.7,-1.8,6.5,0.12699993,0.007619996,0.0050799972
2017-10-08,-0.9,-3.0,4.4,0.15239991,0.012699993,0.0050799972
2017-10-09,0.8,-1.7,3.2,0.12699993,0.015239992,0.0
2017-10-10,5.9,1.1,8.5,0.10159995,0.0101599945,0.0
2017-10-11,1.2,-3.2,6.2,0.0,0.0,0.0
2017-10-12,-2.4,-3.6,-1.0,0.0,0.0,0.0
2017-10-13,-2.3,-4.8,0.5,0.025399987,0.0,0.0
2017-10-14,-2.9,-4.8,-0.8,0.050799973,0.0,0.0050799972
2017-10-15,3.8,-1.5,7.2,0.025399987,0.0,0.0050799972
2017-10-16,6.6,3.5,9.9,0.0,0.0,0.0050799972
2017-10-17,7.9,4.1,11.9,0.0,0.0,0.0
2017-10-18,5.6,2.5,9.0,0.0,0.0,0.0
2017-10-19,10.9,8.5,13.9,0.0,0.0,0.0
2017-10-20,2.9,-1.9,10.9,0.0,0.0,0.0
2017-10-21,-1.3,-2.8,1.3,0.0,0.0,0.0
2017-10-22,1.6,0.0,3.2,0.0,0.0,0.035559982
2017-10-23,1.6,-0.6,4.8,0.076199956,0.035559982,0.0025399986
2017-10-24,6.8,2.5,10.2,0.076199956,0.033019982,0.0
2017-10-25,6.2,-4.2,10.6,0.076199956,0.030479984,0.0
2017-10-26,-1.4,-6.1,3.8,0.076199956,0.025399987,0.0
2017-10-27,4.7,-1.3,10.9,0.050799973,0.025399987,0.0
2017-10-28,9.8,3.9,13.5,0.050799973,0.025399987,0.0
2017-10-29,-1.3,-5.1,8.3,0.050799973,0.022859987,0.0
2017-10-30,-2.6,-7.1,2.4,0.025399987,0.022859987,0.0
2017-10-31,-1.0,-3.7,1.9,0.025399987,0.022859987,0.0025399986
2017-11-01,-5.2,-9.1,-0.3,0.076199956,0.025399987,0.020319989
2017-11-02,-7.5,-8.8,-4.9,0.25399986,0.045719974,0.012699993
2017-11-03,-5.9,-9.2,-2.0,0.30479982,0.048259974,0.0050799972
2017-11-04,-6.5,-7.3,-5.5,0.3301998,0.05333997,0.0050799972
2017-11-05,-8.1,-15.1,-1.5,0.4063998,0.05841997,0.0050799972
2017-11-06,-9.4,-16.3,-2.3,0.45719975,0.063499965,0.007619996
2017-11-07,-4.9,-10.2,-0.4,0.3809998,0.063499965,0.0
2017-11-08,-1.9,-3.9,1.7,0.27939984,0.06095997,0.0
2017-11-09,-0.1,-4.0,2.8,0.25399986,0.06095997,0.012699993
2017-11-10,-0.7,-2.1,1.5,0.30479982,0.073659964,0.0025399986
2017-11-11,-1.1,-1.8,-0.2,0.30479982,0.073659964,0.0
2017-11-12,0.3,-1.8,2.1,0.27939984,0.073659964,0.0
2017-11-13,2.0,-2.4,6.0,0.27939984,0.073659964,0.0025399986
2017-11-14,-2.8,-3.8,-1.9,0.30479982,0.076199956,0.0
2017-11-15,-0.2,-3.6,2.0,0.27939984,0.076199956,0.0025399986
2017-11-16,-1.4,-3.9,2.9,0.27939984,0.078739956,0.0050799972
2017-11-17,-4.7,-5.9,-3.3,0.27939984,0.083819956,0.017779991
2017-11-18,-4.2,-5.7,-1.6,0.43179977,0.10159995,0.0025399986
2017-11-19,-0.4,-2.8,2.0,0.43179977,0.10413995,0.0025399986
2017-11-20,0.4,-2.5,2.2,0.4063998,0.10413995,0.020319989
2017-11-21,1.7,-1.8,5.1,0.5333997,0.12445993,0.0101599945
2017-11-22,6.0,4.7,7.7,0.43179977,0.13207993,0.017779991
2017-11-23,5.1,0.5,7.8,0.25399986,0.09651995,0.038099978
2017-11-24,-1.8,-2.8,0.7,0.2031999,0.086359955,0.0025399986
2017-11-25,0.7,-2.4,5.2,0.2031999,0.083819956,0.0050799972
2017-11-26,7.0,2.0,9.6,0.2031999,0.078739956,0.0
2017-11-27,-2.7,-5.1,2.2,0.17779991,0.078739956,0.0025399986
2017-11-28,-1.8,-5.5,2.2,0.17779991,0.078739956,0.0
2017-11-29,-4.5,-5.8,-2.7,0.2031999,0.078739956,0.0025399986
2017-11-30,-3.4,-5.7,-1.3,0.27939984,0.078739956,0.0
2017-12-01,-2.8,-4.0,-1.3,0.25399986,0.073659964,0.0
2017-12-02,-2.1,-3.5,-0.6,0.25399986,0.073659964,0.0
2017-12-03,-3.1,-7.7,0.3,0.27939984,0.073659964,0.007619996
2017-12-04,-8.1,-9.2,-6.3,0.3301998,0.078739956,0.0025399986
2017-12-05,-7.3,-9.0,-3.9,0.3301998,0.078739956,0.0
2017-12-06,-3.4,-9.4,0.8,0.30479982,0.078739956,0.0025399986
2017-12-07,-1.7,-6.9,3.7,0.30479982,0.076199956,0.0025399986
2017-12-08,4.3,-3.1,6.9,0.30479982,0.078739956,0.0025399986
2017-12-09,4.7,1.9,6.1,0.30479982,0.078739956,0.0
2017-12-10,4.9,3.6,6.4,0.27939984,0.078739956,0.0
2017-12-11,6.3,3.3,9.5,0.25399986,0.076199956,0.0
2017-12-12,4.3,-0.5,8.7,0.25399986,0.076199956,0.0
2017-12-13,-1.6,-6.6,1.5,0.25399986,0.071119964,0.0
2017-12-14,-0.3,-5.5,3.1,0.25399986,0.071119964,0.007619996
2017-12-15,0.1,-4.0,4.1,0.25399986,0.078739956,0.0
2017-12-16,-6.1,-9.9,-2.6,0.30479982,0.078739956,0.0025399986
2017-12-17,-6.3,-9.9,-1.7,0.27939984,0.078739956,0.007619996
2017-12-18,-1.4,-2.1,-0.9,0.27939984,0.086359955,0.050799973
2017-12-19,-0.6,-1.8,0.5,0.60959965,0.13715993,0.045719974
2017-12-20,-8.6,-14.5,0.1,0.9397995,0.1828799,0.007619996
2017-12-21,-8.7,-10.5,-6.6,1.0159994,0.1904999,0.0101599945
2017-12-22,-14.3,-18.0,-8.9,1.1429994,0.20065989,0.0025399986
2017-12-23,-16.0,-19.4,-6.6,1.0921994,0.2031999,0.0050799972
2017-12-24,-13.8,-18.0,-8.4,1.0159994,0.20573989,0.0025399986
2017-12-25,-16.4,-20.0,-10.7,0.9651995,0.2082799,0.0025399986
2017-12-26,-11.0,-14.6,-8.4,0.9651995,0.21081989,0.0101599945
2017-12-27,-7.3,-8.9,-5.6,0.9651995,0.22097988,0.030479984
2017-12-28,-3.3,-6.1,-1.4,1.1429994,0.25145987,0.05841997
2017-12-29,-14.2,-21.9,-1.5,1.3207992,0.30987984,0.025399987
2017-12-30,-6.4,-21.5,-1.9,1.4731992,0.33527982,0.033019982
2017-12-31,-6.4,-8.0,-4.7,1.6001991,0.3682998,0.015239992
2018-01-01,-6.7,-10.0,-2.4,1.6001991,0.3809998,0.0
2018-01-02,-2.1,-10.8,3.4,1.5493991,0.3809998,0.0050799972
2018-01-03,1.0,-3.4,5.1,1.4731992,0.3860798,0.0
2018-01-04,2.5,-2.0,7.3,1.4477992,0.3860798,0.0025399986
2018-01-05,2.6,1.6,4.0,1.3969992,0.38861978,0.0050799972
2018-01-06,-0.4,-2.4,2.7,1.3715993,0.3936998,0.007619996
2018-01-07,-2.2,-4.0,0.4,1.4223993,0.40131977,0.0
2018-01-08,1.9,-0.1,3.6,1.2699993,0.40131977,0.0
2018-01-09,1.9,-0.4,3.8,1.2699993,0.40131977,0.0025399986
2018-01-10,-4.9,-6.9,-0.1,1.2699993,0.4038598,0.020319989
2018-01-11,-4.0,-6.9,-1.1,1.4477992,0.42417976,0.015239992
2018-01-12,-0.8,-1.9,1.2,1.4985992,0.43941978,0.0101599945
2018-01-13,-0.8,-1.6,0.5,1.4731992,0.44957975,0.015239992
2018-01-14,0.5,-3.8,8.6,1.5493991,0.46481976,0.0
2018-01-15,-2.7,-7.6,7.5,1.4731992,0.46481976,0.0
2018-01-16,1.5,-3.9,7.1,1.4477992,0.46481976,0.0050799972
2018-01-17,1.8,-2.5,4.7,1.4477992,0.46481976,0.0025399986
2018-01-18,1.2,-2.8,5.3,1.4223993,0.46735975,0.020319989
2018-01-19,-4.2,-6.3,-1.6,1.5493991,0.48767975,0.007619996
2018-01-20,-5.7,-6.6,-3.7,1.5493991,0.49529973,0.0050799972
2018-01-21,-5.3,-7.9,-2.1,1.5493991,0.50037974,0.0025399986
2018-01-22,-4.7,-6.3,-3.3,1.4731992,0.49783972,0.0
2018-01-23,-5.3,-7.1,-2.9,1.5239992,0.49783972,0.007619996
2018-01-24,0.1,-3.4,2.4,1.4731992,0.49783972,0.0025399986
2018-01-25,-3.0,-6.4,2.0,1.3969992,0.49783972,0.0
2018-01-26,-6.6,-7.3,-5.5,1.4223993,0.49783972,0.025399987
2018-01-27,-4.9,-6.9,-2.8,1.6509991,0.52323973,0.027939985
2018-01-28,-1.6,-4.1,1.6,1.752599,0.5511797,0.017779991
2018-01-29,2.7,0.5,4.7,1.7271991,0.5689597,0.0050799972
2018-01-30,-3.0,-6.8,3.6,1.6509991,0.5740397,0.007619996
2018-01-31,-7.0,-8.0,-5.8,1.6763991,0.5816597,0.015239992
2018-02-01,-6.2,-8.8,-3.5,1.777999,0.5968997,0.007619996
2018-02-02,-0.4,-3.9,1.0,1.803399,0.60451967,0.020319989
2018-02-03,-2.8,-19.3,1.6,1.803399,0.62483966,0.050799973
2018-02-04,-1.2,-14.0,2.0,2.006599,0.6756396,0.027939985
2018-02-05,-5.6,-12.1,0.2,2.0573988,0.7035796,0.0101599945
2018-02-06,-3.5,-8.0,-1.9,2.0319989,0.71119964,0.007619996
2018-02-07,0.0,-2.9,1.7,2.0573988,0.7188196,0.030479984
2018-02-08,-6.9,-19.6,1.6,2.082799,0.7492996,0.05333997
2018-02-09,-14.5,-19.3,-3.3,2.3621988,0.80263954,0.0101599945
2018-02-10,-9.6,-15.6,-4.7,2.2859988,0.8077196,0.0050799972
2018-02-11,-14.4,-22.3,-8.0,2.2859988,0.8127996,0.0025399986
2018-02-12,-13.5,-22.3,0.5,2.260599,0.81533957,0.0
2018-02-13,-4.6,-9.6,-0.6,2.184399,0.81533957,0.0050799972
2018-02-14,-5.3,-13.7,-1.0,1.930399,0.7619996,0.0101599945
2018-02-15,-8.6,-10.3,-6.7,2.2351987,0.7721596,0.012699993
2018-02-16,-7.3,-9.8,-5.7,2.260599,0.77469957,0.015239992
2018-02-17,-5.5,-15.0,-2.2,2.3113987,0.7899396,0.033019982
2018-02-18,-20.9,-24.9,-14.1,2.3367987,0.82295954,0.0
2018-02-19,-20.7,-26.0,-10.2,2.2859988,0.82295954,0.0025399986
2018-02-20,-18.2,-23.6,-13.3,2.2351987,0.82549953,0.0025399986
2018-02-21,-14.9,-17.8,-12.0,2.184399,0.82549953,0.0025399986
2018-02-22,-13.4,-16.3,-9.4,2.1589987,0.8280395,0.0025399986
2018-02-23,-13.6,-16.6,-12.0,2.1335988,0.8280395,0.0050799972
2018-02-24,-9.3,-13.3,-3.6,2.082799,0.8280395,0.0101599945
2018-02-25,-7.4,-9.8,-5.2,2.006599,0.8280395,0.017779991
2018-02-26,-8.7,-11.4,-5.3,2.260599,0.84581953,0.007619996
2018-02-27,-10.3,-11.9,-8.9,2.260599,0.8483595,0.0
2018-02-28,-6.6,-9.2,-4.4,2.108199,0.84581953,0.0
2018-03-01,-3.3,-7.9,3.1,2.108199,0.84581953,0.012699993
2018-03-02,-4.3,-8.9,0.2,2.082799,0.8508995,0.012699993
2018-03-03,-4.7,-9.4,4.3,2.1589987,0.86359954,0.0025399986
2018-03-04,-6.4,-8.7,-1.7,2.1335988,0.86613953,0.0050799972
2018-03-05,-6.7,-8.7,-4.0,2.1589987,0.8712195,0.007619996
2018-03-06,-5.1,-7.4,-3.0,2.1589987,0.87883955,0.0025399986
2018-03-07,-0.5,-4.3,2.7,2.1335988,0.88137954,0.0025399986
2018-03-08,0.1,-1.3,2.3,2.108199,0.88391954,0.012699993
2018-03-09,-2.9,-5.8,-0.4,2.1589987,0.8966195,0.025399987
2018-03-10,-1.7,-7.5,7.0,2.2097988,0.9220195,0.015239992
2018-03-11,2.7,-2.8,17.6,2.2859988,0.9347195,0.0025399986
2018-03-12,4.1,-2.1,17.2,2.260599,0.9347195,0.0025399986
2018-03-13,5.0,1.9,13.3,2.2351987,0.9372595,0.0050799972
2018-03-14,3.6,-0.3,8.1,2.2097988,0.9423395,0.0025399986
2018-03-15,-0.6,-3.4,3.4,2.1589987,0.9448795,0.012699993
2018-03-16,-0.5,-3.5,4.7,2.184399,0.9575795,0.0
2018-03-17,-2.4,-5.1,1.9,2.184399,0.9550395,0.0
2018-03-18,-3.1,-5.2,3.4,2.1589987,0.9550395,0.0025399986
2018-03-19,-3.5,-4.7,-1.2,2.3113987,0.9575795,0.007619996
2018-03-20,-2.7,-5.1,0.3,2.2859988,0.9651995,0.007619996
2018-03-21,0.6,-3.6,4.1,2.2351987,0.97281945,0.0050799972
2018-03-22,3.6,1.3,7.4,2.2097988,0.97027946,0.0
2018-03-23,-1.1,-3.7,2.5,2.184399,0.97027946,0.0
2018-03-24,-2.8,-6.3,2.4,2.1589987,0.97027946,0.0025399986
2018-03-25,-3.2,-6.8,6.3,2.1589987,0.97281945,0.0
2018-03-26,-4.9,-6.7,-2.1,2.1589987,0.97281945,0.0025399986
2018-03-27,-1.5,-4.4,1.9,2.1335988,0.97027946,0.0025399986
2018-03-28,-2.0,-3.3,0.7,2.260599,0.97281945,0.015239992
2018-03-29,-1.4,-4.0,1.7,2.2859988,0.98551947,0.0050799972
2018-03-30,-3.8,-14.3,0.8,2.2351987,0.98551947,0.022859987
2018-03-31,-10.2,-16.2,-1.3,2.3621988,1.0083795,0.0101599945
2018-04-01,-2.9,-8.4,-0.8,2.3113987,1.0159994,0.0025399986
2018-04-02,-8.9,-14.4,-2.1,2.3621988,1.0185394,0.0101599945
2018-04-03,-5.0,-8.3,-1.3,2.4891987,1.0286994,0.007619996
2018-04-04,-1.3,-3.4,2.1,2.5145986,1.0363195,0.015239992
2018-04-05,-6.4,-14.6,1.7,2.4383986,1.0515594,0.015239992
2018-04-06,-6.3,-14.8,4.3,2.5653987,1.0667994,0.007619996
2018-04-07,0.9,-2.5,9.5,2.5399985,1.0744194,0.0050799972
2018-04-08,-0.3,-1.1,4.0,2.4637988,1.0794994,0.007619996
2018-04-09,0.5,-1.4,3.0,2.5399985,1.0871195,0.012699993
2018-04-10,3.9,1.4,7.0,2.4637988,1.0998194,0.015239992
2018-04-11,1.8,0.1,4.7,2.4383986,1.1150594,0.020319989
2018-04-12,-1.0,-3.4,4.3,2.3875988,1.1353794,0.022859987
2018-04-13,-2.0,-4.0,1.3,2.5399985,1.1582394,0.0050799972
2018-04-14,1.2,-1.2,3.7,2.5145986,1.1633193,0.0
2018-04-15,3.2,-0.2,7.0,2.4383986,1.1633193,0.0
2018-04-16,1.1,-3.9,5.1,2.4129987,1.1633193,0.0050799972
2018-04-17,-3.0,-4.7,0.3,2.3875988,1.1658593,0.0025399986
2018-04-18,-0.5,-4.9,5.1,2.3875988,1.1633193,0.0
2018-04-19,5.3,-0.4,18.8,2.3621988,1.1607794,0.0050799972
2018-04-20,5.7,1.2,13.8,2.3367987,1.1633193,0.0
2018-04-21,3.5,0.1,5.3,2.2859988,1.1582394,0.0
2018-04-22,2.3,-1.8,10.0,2.2097988,1.1506194,0.0025399986
2018-04-23,0.0,-2.0,7.3,2.184399,1.1531594,0.0
2018-04-24,5.1,-1.7,9.7,2.184399,1.1506194,0.007619996
2018-04-25,5.7,2.0,13.2,2.1589987,1.1582394,0.0
2018-04-26,10.5,2.1,21.3,2.1335988,1.1556994,0.0025399986
2018-04-27,14.2,8.9,25.3,2.082799,1.1582394,0.0
2018-04-28,11.0,3.7,20.4,2.0319989,1.1353794,0.0
2018-04-29,3.4,-0.7,11.6,1.955799,1.0998194,0.0025399986
2018-04-30,3.3,-1.3,12.5,2.0319989,1.0820394,0.0025399986
2018-05-01,2.3,0.6,8.8,1.955799,1.0693394,0.0
2018-05-02,3.5,0.3,7.2,1.930399,1.0566394,0.0
2018-05-03,7.3,2.9,13.1,1.904999,1.0464795,0.0
2018-05-04,9.5,7.0,13.7,1.828799,1.0388595,0.0
2018-05-05,9.4,7.1,17.1,1.777999,1.0236194,0.0
2018-05-06,11.5,5.1,19.4,1.752599,1.0210794,0.0025399986
2018-05-07,6.6,4.4,8.6,1.6763991,1.0185394,0.0025399986
2018-05-08,9.5,5.1,14.8,1.6001991,1.0159994,0.0025399986
2018-05-09,10.2,4.0,21.9,1.5239992,0.9626595,0.0050799972
2018-05-10,5.0,1.4,11.7,1.4477992,0.85851955,0.0101599945
2018-05-11,1.3,0.2,4.0,1.3969992,0.7442196,0.0101599945
2018-05-12,5.5,-0.4,10.0,1.4223993,0.6959596,0.0025399986
2018-05-13,9.1,4.6,13.5,1.3461993,0.6984996,0.0025399986
2018-05-14,12.7,7.7,18.4,1.2699993,0.69341964,0.0025399986
2018-05-15,14.0,10.8,18.8,1.2191993,0.6781796,0.0025399986
2018-05-16,11.0,6.4,16.8,1.1175994,0.6578596,0.0050799972
2018-05-17,5.8,3.1,13.7,1.0921994,0.60705966,0.0
2018-05-18,3.1,0.7,5.8,0.99059945,0.5257797,0.0
2018-05-19,3.6,0.7,7.0,0.9651995,0.5054597,0.0
2018-05-20,10.2,3.7,18.8,0.9651995,0.5054597,0.0025399986
2018-05-21,10.9,8.4,16.0,0.9143995,0.49783972,0.0025399986
2018-05-22,10.1,8.4,13.4,0.83819956,0.46989974,0.0
2018-05-23,10.6,7.7,14.7,0.7365996,0.43179977,0.0
2018-05-24,10.6,7.7,15.5,0.6603996,0.38861978,0.0025399986
2018-05-25,12.9,8.3,19.3,0.5587997,0.32003984,0.0050799972
2018-05-26,11.7,8.9,15.8,0.4063998,0.25653985,0.0
2018-05-27,12.8,6.1,19.9,0.27939984,0.1803399,0.0025399986
2018-05-28,14.4,10.8,17.8,0.15239991,0.11683994,0.0025399986
2018-05-29,12.9,8.5,17.3,0.10159995,0.050799973,0.0050799972
2018-05-30,9.8,6.2,13.0,0.025399987,0.007619996,0.007619996
2018-05-31,6.2,3.9,11.0,0.0,0.0,0.0
2018-06-01,3.9,2.4,6.5,0.0,0.0,0.0025399986
2018-06-02,8.0,2.7,12.5,0.0,0.0,0.017779991
2018-06-03,13.6,9.5,19.3,0.0,0.0,0.0101599945
2018-06-04,11.4,6.8,15.4,0.0,0.0,0.0
2018-06-05,9.9,4.8,13.6,0.0,0.0,0.0
2018-06-06,13.4,8.0,18.5,0.0,0.0,0.0
2018-06-07,13.7,10.0,19.5,0.0,0.0,0.0
2018-06-08,13.7,9.9,17.9,0.0,0.0,0.0025399986
2018-06-09,13.2,2.2,22.7,0.0,0.0,0.0
2018-06-10,1.6,-0.9,4.2,0.0,0.0,0.0050799972
2018-06-11,1.1,-1.3,4.0,0.0,0.0,0.007619996
2018-06-12,6.5,0.8,11.3,0.0,0.0,0.020319989
2018-06-13,12.9,8.8,17.6,0.0,0.0,0.012699993
2018-06-14,7.8,3.7,11.4,0.0,0.0,0.0
2018-06-15,8.6,3.4,14.5,0.0,0.0,0.0
2018-06-16,4.4,2.5,6.2,0.0,0.0,0.0101599945
2018-06-17,5.8,3.8,7.5,0.0,0.0,0.007619996
2018-06-18,7.5,6.7,8.3,0.0,0.0,0.017779991
2018-06-19,8.1,6.7,10.2,0.0,0.0,0.0101599945
2018-06-20,13.5,11.3,16.6,0.0,0.0,0.007619996
2018-06-21,11.9,9.2,16.2,0.0,0.0,0.0025399986
2018-06-22,12.0,9.5,15.9,0.0,0.0,0.0
2018-06-23,7.6,5.4,10.1,0.0,0.0,0.0050799972
2018-06-24,11.5,7.0,16.2,0.0,0.0,0.0
2018-06-25,14.5,8.9,20.2,0.0,0.0,0.0
2018-06-26,9.0,6.4,12.0,0.0,0.0,0.0
2018-06-27,12.2,5.4,17.0,0.0,0.0,0.0
2018-06-28,12.7,6.6,17.8,0.0,0.0,0.0
2018-06-29,7.2,5.8,9.9,0.0,0.0,0.0
2018-06-30,8.3,6.1,11.9,0.0,0.0,0.0
2018-07-01,9.0,6.2,12.4,0.0,0.0,0.0
2018-07-02,7.5,2.7,10.5,0.0,0.0,0.0
2018-07-03,5.9,2.1,10.1,0.0,0.0,0.0
2018-07-04,10.3,4.9,15.7,0.0,0.0,0.0
2018-07-05,17.3,8.9,24.0,0.0,0.0,0.0
2018-07-06,20.0,15.6,24.2,0.0,0.0,0.0
2018-07-07,16.3,13.4,19.6,0.0,0.0,0.0
2018-07-08,17.6,11.5,23.0,0.0,0.0,0.0
2018-07-09,21.2,15.1,26.5,0.0,0.0,0.0
2018-07-10,17.5,10.5,22.3,0.0,0.0,0.0
2018-07-11,13.7,8.4,19.4,0.0,0.0,0.0
2018-07-12,16.6,11.0,21.6,0.0,0.0,0.0
2018-07-13,18.8,14.1,23.7,0.0,0.0,0.0
2018-07-14,14.5,7.3,20.7,0.0,0.0,0.0
2018-07-15,16.8,8.9,23.0,0.0,0.0,0.0
2018-07-16,19.8,14.3,23.6,0.0,0.0,0.0
2018-07-17,17.6,15.6,19.9,0.0,0.0,0.0
2018-07-18,18.5,14.1,22.4,0.0,0.0,0.0
2018-07-19,16.6,10.5,21.2,0.0,0.0,0.0
2018-07-20,17.8,13.1,21.7,0.0,0.0,0.0
2018-07-21,16.6,11.7,21.0,0.0,0.0,0.0
2018-07-22,14.2,9.4,20.3,0.0,0.0,0.0
2018-07-23,17.0,10.4,21.6,0.0,0.0,0.0
2018-07-24,16.4,9.9,22.6,0.0,0.0,0.0
2018-07-25,14.5,8.8,22.1,0.0,0.0,0.0
2018-07-26,14.5,9.8,22.5,0.0,0.0,0.0
2018-07-27,12.8,10.0,17.8,0.0,0.0,0.0
2018-07-28,13.4,10.2,20.6,0.0,0.0,0.0
2018-07-29,15.5,11.2,21.1,0.0,0.0,0.0
2018-07-30,18.8,13.9,23.9,0.0,0.0,0.0
2018-07-31,17.6,12.8,22.7,0.0,0.0,0.0
2018-08-01,20.4,15.7,24.8,0.0,0.0,0.0
2018-08-02,18.4,14.3,22.3,0.0,0.0,0.0
2018-08-03,14.5,10.0,18.7,0.0,0.0,0.0
2018-08-04,12.5,8.8,17.4,0.0,0.0,0.0
2018-08-05,11.4,7.3,18.1,0.0,0.0,0.0
2018-08-06,15.8,11.1,19.9,0.0,0.0,0.0
2018-08-07,17.5,13.5,21.8,0.0,0.0,0.0
2018-08-08,19.9,15.6,24.2,0.0,0.0,0.0
2018-08-09,22.5,17.8,27.4,0.0,0.0,0.0
2018-08-10,24.9,20.6,30.2,0.0,0.0,0.0
2018-08-11,23.3,18.1,29.2,0.0,0.0,0.0
2018-08-12,16.0,10.4,20.1,0.0,0.0,0.0
2018-08-13,12.5,8.1,19.6,0.0,0.0,0.0
2018-08-14,15.6,8.5,20.9,0.0,0.0,0.0
2018-08-15,18.3,13.5,23.4,0.0,0.0,0.0025399986
2018-08-16,20.0,16.0,24.7,0.0,0.0,0.0
2018-08-17,19.1,15.3,24.1,0.0,0.0,0.0
2018-08-18,13.7,10.0,18.7,0.0,0.0,0.0050799972
2018-08-19,13.8,9.2,20.7,0.0,0.0,0.0025399986
2018-08-20,6.4,4.4,9.8,0.0,0.0,0.0025399986
2018-08-21,6.5,4.3,9.2,0.0,0.0,0.0
2018-08-22,11.9,5.7,16.6,0.0,0.0,0.0025399986
2018-08-23,14.5,11.0,18.6,0.0,0.0,0.0
2018-08-24,12.4,5.9,16.5,0.0,0.0,0.0
2018-08-25,11.0,4.5,16.0,0.0,0.0,0.0
2018-08-26,6.6,5.1,9.5,0.0,0.0,0.0
2018-08-27,4.3,2.4,6.5,0.0,0.0,0.0
2018-08-28,7.1,2.4,10.4,0.0,0.0,0.0
2018-08-29,12.4,7.9,16.7,0.0,0.0,0.0
2018-08-30,11.8,8.2,14.2,0.0,0.0,0.0
2018-08-31,9.4,6.6,13.6,0.0,0.0,0.0
2018-09-01,9.3,6.3,14.1,0.0,0.0,0.0
2018-09-02,11.3,6.9,15.5,0.0,0.0,0.0
2018-09-03,10.9,3.1,17.4,0.0,0.0,0.0
2018-09-04,7.2,2.2,12.6,0.0,0.0,0.0
2018-09-05,13.4,5.4,19.4,0.0,0.0,0.0
2018-09-06,18.3,13.7,23.2,0.0,0.0,0.0
2018-09-07,18.1,14.8,22.2,0.0,0.0,0.0
2018-09-08,14.7,9.9,18.3,0.0,0.0,0.0
2018-09-09,11.7,7.8,16.9,0.0,0.0,0.0
2018-09-10,12.5,7.5,17.3,0.0,0.0,0.0
2018-09-11,8.9,4.4,13.0,0.0,0.0,0.0
2018-09-12,7.4,5.2,10.9,0.0,0.0,0.0
2018-09-13,6.2,3.4,11.0,0.0,0.0,0.0
2018-09-14,8.2,2.2,14.0,0.0,0.0,0.0
2018-09-15,10.4,5.1,18.3,0.0,0.0,0.0050799972
2018-09-16,8.8,3.8,13.5,0.0,0.0,0.0050799972
2018-09-17,8.2,4.6,12.4,0.0,0.0,0.0
2018-09-18,8.6,3.5,14.2,0.0,0.0,0.0
2018-09-19,3.8,2.8,5.4,0.0,0.0,0.0
2018-09-20,6.0,3.0,9.8,0.0,0.0,0.0025399986
2018-09-21,9.8,4.9,14.2,0.0,0.0,0.0
2018-09-22,10.9,7.1,14.3,0.0,0.0,0.0
2018-09-23,5.8,2.5,8.7,0.0,0.0,0.0
2018-09-24,3.6,2.0,8.4,0.0,0.0,0.0025399986
2018-09-25,5.2,2.1,9.0,0.0,0.0,0.0
2018-09-26,7.6,3.7,11.5,0.0,0.0,0.0025399986
2018-09-27,4.7,-0.7,10.4,0.0,0.0,0.0
2018-09-28,0.7,-1.3,5.6,0.0,0.0,0.0
2018-09-29,-1.3,-4.4,0.7,0.0,0.0,0.0
2018-09-30,-1.0,-5.3,4.3,0.0,0.0,0.0050799972
2018-10-01,7.4,3.8,10.9,0.0,0.0,0.0025399986
2018-10-02,6.6,4.4,9.3,0.0,0.0,0.012699993
2018-10-03,2.2,-1.3,6.3,0.0,0.0,0.0
2018-10-04,1.5,-0.4,5.2,0.0,0.0,0.007619996
2018-10-05,1.3,-1.0,4.8,0.0,0.0,0.0
2018-10-06,1.0,-0.7,2.9,0.0,0.0,0.0
2018-10-07,2.1,-0.6,5.9,0.0,0.0,0.0025399986
2018-10-08,0.5,-1.7,6.1,0.0,0.0,0.0
2018-10-09,-2.3,-3.9,-0.1,0.0,0.0,0.0
2018-10-10,-3.3,-4.8,-1.5,0.050799973,0.0,0.0
2018-10-11,-0.3,-3.8,3.1,0.025399987,0.0,0.0
2018-10-12,2.8,-3.5,7.2,0.0,0.0,0.0
2018-10-13,-4.9,-6.6,-1.6,0.0,0.0,0.0050799972
2018-10-14,-2.4,-7.4,0.8,0.0,0.0,0.0025399986
2018-10-15,2.7,-1.7,7.8,0.0,0.0,0.0
2018-10-16,6.1,1.0,11.1,0.0,0.0,0.0
2018-10-17,9.3,4.7,14.9,0.0,0.0,0.0
2018-10-18,10.1,6.6,12.9,0.0,0.0,0.0
2018-10-19,9.2,4.5,12.8,0.0,0.0,0.0
2018-10-20,11.9,8.8,14.8,0.0,0.0,0.0
2018-10-21,10.7,5.3,15.9,0.0,0.0,0.0
2018-10-22,9.8,5.5,15.8,0.0,0.0,0.0
2018-10-23,11.2,7.8,16.0,0.0,0.0,0.0
2018-10-24,6.7,3.8,9.4,0.0,0.0,0.0
2018-10-25,4.1,2.2,6.2,0.0,0.0,0.0
2018-10-26,4.9,3.6,6.5,0.0,0.0,0.007619996
2018-10-27,4.2,1.9,6.2,0.0,0.0,0.0050799972
2018-10-28,4.5,0.3,8.5,0.0,0.0,0.0
2018-10-29,-0.4,-1.8,1.5,0.0,0.0,0.0050799972
2018-10-30,-1.1,-2.3,1.7,0.025399987,0.0,0.0101599945
2018-10-31,-0.8,-2.3,1.5,0.0,0.0,0.0050799972
2018-11-01,3.0,1.0,7.1,0.025399987,0.0050799972,0.0
2018-11-02,2.7,0.9,4.7,0.025399987,0.0025399986,0.0050799972
2018-11-03,0.4,-0.7,1.7,0.025399987,0.007619996,0.0
2018-11-04,0.5,-1.2,2.0,0.025399987,0.007619996,0.0101599945
2018-11-05,-1.0,-2.9,2.5,0.076199956,0.017779991,0.0025399986
2018-11-06,-3.3,-5.7,1.5,0.050799973,0.020319989,0.0050799972
2018-11-07,-7.7,-10.2,-3.0,0.12699993,0.025399987,0.0025399986
2018-11-08,-6.1,-8.4,-3.8,0.15239991,0.027939985,0.0
2018-11-09,-3.5,-6.8,-0.8,0.15239991,0.025399987,0.0
2018-11-10,-4.7,-8.7,0.5,0.10159995,0.022859987,0.0
2018-11-11,-7.3,-11.3,-0.5,0.050799973,0.020319989,0.0
2018-11-12,-4.2,-10.7,0.6,0.050799973,0.020319989,0.007619996
2018-11-13,4.3,-0.3,6.6,0.15239991,0.025399987,0.0
2018-11-14,2.1,-0.1,5.3,0.10159995,0.025399987,0.0
2018-11-15,0.5,-0.2,1.7,0.076199956,0.025399987,0.0
2018-11-16,-6.3,-13.4,1.2,0.076199956,0.025399987,0.0
2018-11-17,-7.1,-11.8,1.0,0.050799973,0.022859987,0.0
2018-11-18,-1.7,-5.3,1.5,0.10159995,0.022859987,0.0
2018-11-19,1.3,-2.3,5.1,0.076199956,0.022859987,0.0
2018-11-20,5.3,0.1,8.1,0.076199956,0.022859987,0.0
2018-11-21,5.0,2.6,7.9,0.076199956,0.022859987,0.0
2018-11-22,1.8,-1.0,4.2,0.076199956,0.022859987,0.0
2018-11-23,-2.4,-3.8,-0.5,0.076199956,0.022859987,0.0101599945
2018-11-24,-3.6,-5.0,0.0,0.2031999,0.033019982,0.0
2018-11-25,-3.6,-5.8,-1.1,0.2031999,0.033019982,0.0
2018-11-26,1.3,-2.3,3.9,0.17779991,0.033019982,0.0
2018-11-27,1.1,0.1,2.1,0.15239991,0.030479984,0.007619996
2018-11-28,-0.9,-2.0,0.5,0.17779991,0.038099978,0.0
2018-11-29,-1.9,-3.8,0.5,0.17779991,0.038099978,0.0
2018-11-30,-2.7,-5.7,3.8,0.17779991,0.033019982,0.0
2018-12-01,-4.9,-8.1,-0.4,0.17779991,0.033019982,0.0
2018-12-02,-7.3,-9.4,-1.2,0.17779991,0.030479984,0.0
2018-12-03,-7.8,-8.6,-5.3,0.17779991,0.030479984,0.0
2018-12-04,-7.7,-9.2,-5.5,0.2031999,0.030479984,0.0
2018-12-05,-11.0,-15.3,-7.2,0.15239991,0.030479984,0.0
2018-12-06,-8.8,-13.2,-1.6,0.15239991,0.030479984,0.0050799972
2018-12-07,-3.8,-7.8,-1.2,0.17779991,0.035559982,0.0050799972
2018-12-08,-4.9,-6.6,-3.6,0.15239991,0.040639978,0.0
2018-12-09,-0.9,-6.6,4.1,0.15239991,0.040639978,0.0050799972
2018-12-10,-1.9,-4.7,2.1,0.15239991,0.045719974,0.0
2018-12-11,-3.6,-5.4,-0.5,0.17779991,0.045719974,0.0050799972
2018-12-12,-4.5,-6.8,-0.7,0.17779991,0.048259974,0.022859987
2018-12-13,-3.9,-6.8,-1.0,0.35559982,0.071119964,0.0
2018-12-14,1.6,-2.6,5.6,0.30479982,0.071119964,0.0
2018-12-15,-3.2,-5.2,1.1,0.30479982,0.071119964,0.0025399986
2018-12-16,3.2,-1.2,6.2,0.3301998,0.073659964,0.0050799972
2018-12-17,0.8,-0.8,3.0,0.30479982,0.076199956,0.0
2018-12-18,-0.7,-2.2,1.5,0.30479982,0.076199956,0.027939985
2018-12-19,-3.1,-4.1,-1.4,0.48259974,0.10413995,0.017779991
2018-12-20,0.2,-4.3,3.4,0.58419967,0.12191994,0.0101599945
2018-12-21,-6.5,-8.4,-1.5,0.60959965,0.13207993,0.0101599945
2018-12-22,-7.9,-9.3,-4.3,0.6603996,0.14223993,0.0050799972
2018-12-23,-3.9,-5.9,-1.6,0.6603996,0.14731993,0.015239992
2018-12-24,-4.0,-6.6,2.4,0.7619996,0.16255991,0.0
2018-12-25,-5.1,-8.0,3.6,0.71119964,0.16255991,0.0
2018-12-26,-8.5,-9.5,-7.2,0.6603996,0.16255991,0.0
2018-12-27,-8.3,-10.5,-1.9,0.6603996,0.16255991,0.0
2018-12-28,-9.7,-10.5,-7.5,0.6603996,0.16255991,0.0
2018-12-29,-3.2,-7.9,-0.1,0.68579966,0.16255991,0.038099978
2018-12-30,-7.0,-14.6,-1.3,0.8127996,0.20065989,0.0
2018-12-31,-15.5,-17.3,-12.1,0.83819956,0.20065989,0.0
2019-01-01,-10.5,-17.6,-6.8,0.8127996,0.20065989,0.0025399986
2019-01-02,-2.9,-7.5,0.5,0.8127996,0.2031999,0.0
2019-01-03,0.1,-1.7,1.5,0.7365996,0.2031999,0.0
2019-01-04,0.5,-0.4,2.4,0.71119964,0.2031999,0.0
2019-01-05,1.7,-2.2,5.5,0.71119964,0.2031999,0.0
2019-01-06,-2.7,-5.1,1.0,0.68579966,0.2031999,0.012699993
2019-01-07,-6.7,-8.8,-4.4,0.8889995,0.21589988,0.027939985
2019-01-08,-4.6,-9.0,0.7,1.1683993,0.24383987,0.0025399986
2019-01-09,2.4,-0.4,4.8,1.0667994,0.24637987,0.0
2019-01-10,0.5,-1.4,1.8,0.99059945,0.24637987,0.0
2019-01-11,0.3,-3.8,7.3,0.9651995,0.24637987,0.0
2019-01-12,5.9,2.4,12.8,0.9397995,0.24637987,0.0
2019-01-13,5.5,1.6,13.1,0.9397995,0.24637987,0.0
2019-01-14,4.5,0.3,9.2,0.8889995,0.24637987,0.0
2019-01-15,-0.2,-2.7,8.0,0.8889995,0.24637987,0.0
2019-01-16,-1.3,-3.2,1.7,0.8889995,0.24637987,0.0
2019-01-17,-4.1,-7.5,-0.7,0.86359954,0.24637987,0.015239992
2019-01-18,-2.3,-3.5,-1.3,0.99059945,0.26161987,0.0050799972
2019-01-19,-1.7,-3.5,0.3,0.9651995,0.26669985,0.017779991
2019-01-20,-2.3,-4.4,0.9,1.0413995,0.28447986,0.015239992
2019-01-21,-5.8,-8.9,-1.9,1.1429994,0.29971984,0.007619996
2019-01-22,-7.7,-9.1,-5.3,1.2445993,0.30733985,0.0101599945
2019-01-23,-5.8,-11.6,-0.4,1.2445993,0.31749982,0.0101599945
2019-01-24,-5.6,-7.0,-3.2,1.2953993,0.32765982,0.0
2019-01-25,-3.4,-5.6,1.0,1.2699993,0.32765982,0.0
2019-01-26,-0.7,-4.3,2.2,1.2191993,0.32765982,0.0
2019-01-27,-1.7,-9.7,5.0,1.1683993,0.32765982,0.0
2019-01-28,-8.4,-12.8,-2.9,1.0667994,0.32003984,0.0
2019-01-29,-4.2,-11.2,3.0,1.0667994,0.32003984,0.0
2019-01-30,-2.1,-3.4,-0.2,1.0413995,0.32003984,0.0
2019-01-31,0.8,-2.7,3.7,1.0159994,0.31749982,0.0
2019-02-01,2.6,0.4,4.1,0.99059945,0.31495982,0.0
2019-02-02,0.5,-9.5,3.1,0.99059945,0.31495982,0.0050799972
2019-02-03,-21.8,-26.0,-9.5,1.0159994,0.32003984,0.015239992
2019-02-04,-16.5,-22.6,-3.3,1.1937994,0.33527982,0.0101599945
2019-02-05,-11.9,-18.7,4.0,1.1937994,0.34543982,0.0
2019-02-06,-17.6,-21.7,-6.6,1.2445993,0.34543982,0.0
2019-02-07,-15.2,-20.2,-11.5,1.2191993,0.34543982,0.0
2019-02-08,-14.6,-25.1,-5.9,1.1683993,0.34543982,0.0
2019-02-09,-25.3,-28.7,-20.6,1.1937994,0.34543982,0.007619996
2019-02-10,-12.1,-26.1,-4.9,1.2699993,0.3530598,0.012699993
2019-02-11,-10.5,-13.0,-6.0,1.2445993,0.3632198,0.012699993
2019-02-12,-4.5,-6.5,-2.4,1.3461993,0.3759198,0.015239992
2019-02-13,-5.1,-8.0,-2.3,1.4223993,0.38861978,0.017779991
2019-02-14,-6.1,-11.7,2.6,1.5493991,0.4063998,0.015239992
2019-02-15,-3.2,-6.5,0.0,1.6001991,0.41909978,0.017779991
2019-02-16,-8.5,-16.3,-3.2,1.752599,0.43687975,0.017779991
2019-02-17,-19.4,-23.1,-13.7,1.752599,0.45465976,0.0
2019-02-18,-17.3,-23.2,-8.4,1.6763991,0.45465976,0.015239992
2019-02-19,-12.8,-16.5,-8.7,1.701799,0.46989974,0.020319989
2019-02-20,-10.0,-13.1,-2.5,1.6509991,0.49021974,0.0050799972
2019-02-21,-12.1,-17.2,-1.6,1.6255991,0.49021974,0.0
2019-02-22,-10.8,-12.8,-8.6,1.6001991,0.49021974,0.0
2019-02-23,-13.0,-20.8,-5.2,1.5747992,0.49021974,0.0
2019-02-24,-18.6,-24.4,-10.1,1.5747992,0.49021974,0.0050799972
2019-02-25,-23.1,-26.4,-19.2,1.6001991,0.49529973,0.015239992
2019-02-26,-20.1,-26.2,-11.3,1.777999,0.5105397,0.0050799972
2019-02-27,-8.3,-14.6,-0.8,1.752599,0.5156197,0.0050799972
2019-02-28,-4.1,-10.8,4.3,1.752599,0.52069974,0.0
2019-03-01,-16.3,-26.6,-5.6,1.7271991,0.52069974,0.0
2019-03-02,-23.5,-26.7,-14.8,1.7271991,0.52069974,0.0
2019-03-03,-18.5,-26.7,-6.3,1.701799,0.52069974,0.0
2019-03-04,-11.8,-19.4,0.5,1.701799,0.52069974,0.0
2019-03-05,-5.9,-13.2,5.9,1.6763991,0.52069974,0.0050799972
2019-03-06,-7.7,-11.3,-1.3,1.6509991,0.5257797,0.0050799972
2019-03-07,-3.6,-9.3,1.1,1.701799,0.5308597,0.0
2019-03-08,-7.6,-10.3,-1.0,1.701799,0.5308597,0.0
2019-03-09,-8.4,-10.9,-5.0,1.6763991,0.5308597,0.0
2019-03-10,-6.9,-10.0,-4.3,1.6509991,0.5308597,0.0
2019-03-11,-3.3,-6.6,-0.8,1.6001991,0.5283197,0.0
2019-03-12,-2.3,-4.7,1.5,1.4985992,0.52323973,0.0
2019-03-13,-5.1,-7.0,-0.2,1.4731992,0.52323973,0.0
2019-03-14,-5.3,-8.0,-2.2,1.4985992,0.52323973,0.0
2019-03-15,-2.7,-5.5,1.5,1.4985992,0.52323973,0.0
2019-03-16,0.4,-2.3,2.7,1.4477992,0.52069974,0.0
2019-03-17,1.6,-1.8,10.2,1.4477992,0.52069974,0.0
2019-03-18,3.7,-1.5,13.8,1.4477992,0.52069974,0.007619996
2019-03-19,7.2,0.8,18.0,1.4223993,0.52069974,0.0025399986
2019-03-20,8.4,3.6,16.9,1.4223993,0.52069974,0.0
2019-03-21,8.6,3.9,18.3,1.3969992,0.52069974,0.0
2019-03-22,7.5,2.3,19.9,1.3461993,0.5130797,0.0025399986
2019-03-23,3.3,0.8,6.7,1.2953993,0.50037974,0.0
2019-03-24,1.4,-1.4,8.3,1.2953993,0.49021974,0.0
2019-03-25,2.6,-0.3,6.3,1.2699993,0.48767975,0.0
2019-03-26,2.0,-1.1,5.1,1.2445993,0.48767975,0.0
2019-03-27,-1.7,-3.7,1.8,1.2445993,0.48767975,0.012699993
2019-03-28,-3.0,-4.8,-0.5,1.3461993,0.50037974,0.0050799972
2019-03-29,-2.4,-4.3,2.4,1.3969992,0.5054597,0.0
2019-03-30,1.6,-4.2,11.3,1.3715993,0.50291973,0.0
2019-03-31,1.5,-2.3,8.9,1.3207992,0.50291973,0.0
2019-04-01,-0.7,-3.5,5.5,1.2953993,0.50037974,0.0101599945
2019-04-02,0.8,-3.0,6.1,1.2953993,0.5079997,0.0025399986
2019-04-03,2.0,-1.1,5.2,1.2953993,0.5105397,0.0025399986
2019-04-04,2.6,1.3,5.2,1.2699993,0.5130797,0.0025399986
2019-04-05,4.5,0.7,12.2,1.2699993,0.5156197,0.007619996
2019-04-06,0.0,-1.6,3.7,1.2445993,0.52069974,0.0
2019-04-07,1.2,-1.0,3.4,1.2445993,0.52069974,0.043179978
2019-04-08,2.2,-0.4,7.6,1.3715993,0.56387967,0.012699993
2019-04-09,0.9,-1.2,5.6,1.2953993,0.5664197,0.0101599945
2019-04-10,-0.2,-2.7,8.7,1.4223993,0.5765797,0.0
2019-04-11,-1.4,-3.6,3.2,1.4223993,0.5765797,0.0
2019-04-12,-1.0,-5.1,7.0,1.3969992,0.5765797,0.0
2019-04-13,-0.3,-2.5,1.7,1.3715993,0.5765797,0.0050799972
2019-04-14,-2.1,-4.4,0.1,1.3969992,0.5816597,0.0025399986
2019-04-15,-1.8,-5.2,4.3,1.4223993,0.58419967,0.0
2019-04-16,0.8,-2.3,9.1,1.4223993,0.58419967,0.0
2019-04-17,1.1,-0.7,4.0,1.3969992,0.58419967,0.012699993
2019-04-18,5.3,0.5,10.1,1.4223993,0.5918197,0.012699993
2019-04-19,8.3,4.3,12.4,1.3461993,0.5994397,0.0050799972
2019-04-20,3.4,0.5,8.9,1.2191993,0.5791197,0.0
2019-04-21,1.4,-0.3,9.2,1.1937994,0.5537197,0.0
2019-04-22,5.3,-0.4,11.1,1.2191993,0.54355973,0.0025399986
2019-04-23,5.0,3.6,6.5,1.1683993,0.5384797,0.0050799972
2019-04-24,4.8,1.6,8.2,1.0921994,0.5130797,0.0
2019-04-25,4.3,-2.7,8.9,1.0413995,0.48005974,0.0
2019-04-26,2.9,-0.3,7.5,1.0159994,0.47243974,0.0
2019-04-27,-1.1,-5.1,1.7,1.0921994,0.47243974,0.007619996
2019-04-28,-6.4,-9.8,-1.1,1.1429994,0.48005974,0.0
2019-04-29,-6.0,-10.7,-1.0,1.1429994,0.48005974,0.0
2019-04-30,-4.1,-8.9,2.9,1.0667994,0.47751975,0.0
2019-05-01,-1.2,-5.7,4.1,1.0667994,0.47497976,0.0050799972
2019-05-02,0.0,-1.9,3.5,1.0667994,0.47751975,0.007619996
2019-05-03,4.1,-0.6,8.5,1.0667994,0.48005974,0.0
2019-05-04,6.2,0.9,10.9,1.0159994,0.48005974,0.0
2019-05-05,1.2,-2.5,11.3,0.99059945,0.46481976,0.007619996
2019-05-06,4.5,-2.6,12.9,0.9651995,0.46989974,0.0
2019-05-07,4.5,1.4,12.9,0.9397995,0.45211977,0.0050799972
2019-05-08,2.1,-0.6,7.0,0.9397995,0.44957975,0.0
2019-05-09,4.0,-1.3,12.5,0.9143995,0.44703975,0.0
2019-05-10,7.5,3.6,12.7,0.9143995,0.43433976,0.0
2019-05-11,10.7,4.6,18.0,0.86359954,0.41909978,0.0
2019-05-12,11.4,8.9,14.6,0.8127996,0.3911598,0.0
2019-05-13,11.5,7.3,15.7,0.7365996,0.3530598,0.0025399986
2019-05-14,13.0,9.1,17.8,0.68579966,0.32511982,0.0050799972
2019-05-15,8.0,4.0,13.1,0.58419967,0.29463986,0.012699993
2019-05-16,4.7,3.2,6.1,0.5079997,0.26415986,0.0025399986
2019-05-17,2.3,-0.2,4.9,0.48259974,0.24129987,0.0
2019-05-18,0.1,-1.9,2.5,0.45719975,0.23367988,0.0025399986
2019-05-19,-0.6,-2.1,2.0,0.45719975,0.23621987,0.0050799972
2019-05-20,-0.4,-1.8,0.9,0.48259974,0.23621987,0.007619996
2019-05-21,1.5,-0.5,5.0,0.48259974,0.23621987,0.0
2019-05-22,2.8,-0.6,6.3,0.43179977,0.23113987,0.015239992
2019-05-23,6.7,3.9,10.8,0.43179977,0.22859988,0.0
2019-05-24,6.4,4.3,11.2,0.3809998,0.1981199,0.0
2019-05-25,5.9,3.6,9.7,0.3301998,0.1752599,0.0
2019-05-26,4.7,3.7,7.6,0.27939984,0.14985992,0.012699993
2019-05-27,4.4,3.4,6.2,0.22859988,0.12445993,0.0050799972
2019-05-28,8.1,3.8,14.1,0.15239991,0.09905995,0.0
2019-05-29,12.1,6.0,17.2,0.076199956,0.048259974,0.0
2019-05-30,12.0,8.0,18.4,0.025399987,0.017779991,0.0025399986
2019-05-31,10.5,6.3,14.7,0.025399987,0.0050799972,0.0
2019-06-01,13.6,8.8,18.8,0.0,0.0,0.0
2019-06-02,14.7,10.8,18.6,0.0,0.0,0.0
2019-06-03,13.7,9.9,17.5,0.0,0.0,0.0
2019-06-04,11.9,7.6,16.9,0.0,0.0,0.0
2019-06-05,12.2,7.9,16.4,0.0,0.0,0.0
2019-06-06,10.4,2.7,16.9,0.0,0.0,0.0
2019-06-07,3.3,0.3,7.2,0.0,0.0,0.0
2019-06-08,2.1,0.2,5.9,0.0,0.0,0.0
2019-06-09,6.2,1.5,10.3,0.0,0.0,0.0025399986
2019-06-10,10.0,6.3,13.8,0.0,0.0,0.0
2019-06-11,11.8,7.8,16.9,0.0,0.0,0.0
2019-06-12,15.7,9.8,21.9,0.0,0.0,0.0
2019-06-13,15.2,10.2,19.3,0.0,0.0,0.0025399986
2019-06-14,12.9,8.2,18.0,0.0,0.0,0.0
2019-06-15,11.7,8.2,16.3,0.0,0.0,0.0
2019-06-16,11.0,8.3,17.1,0.0,0.0,0.0
2019-06-17,12.1,8.7,16.5,0.0,0.0,0.0025399986
2019-06-18,12.7,9.9,16.9,0.0,0.0,0.0
2019-06-19,8.1,3.2,11.5,0.0,0.0,0.0
2019-06-20,3.3,0.8,7.8,0.0,0.0,0.0025399986
2019-06-21,4.1,0.7,8.3,0.0,0.0,0.0050799972
2019-06-22,6.1,3.6,8.4,0.0,0.0,0.0
2019-06-23,8.0,5.6,11.0,0.0,0.0,0.0025399986
2019-06-24,8.0,4.9,12.1,0.0,0.0,0.0
2019-06-25,9.8,6.1,14.8,0.0,0.0,0.0025399986
2019-06-26,11.0,7.8,16.4,0.0,0.0,0.012699993
2019-06-27,10.4,6.8,15.3,0.0,0.0,0.0025399986
2019-06-28,9.8,6.8,13.3,0.0,0.0,0.0025399986
2019-06-29,11.6,6.2,16.5,0.0,0.0,0.0
2019-06-30,13.9,9.8,20.3,0.0,0.0,0.0
2019-07-01,14.6,9.7,18.2,0.0,0.0,0.0
2019-07-02,11.5,7.6,17.2,0.0,0.0,0.0101599945
2019-07-03,8.2,5.4,12.9,0.0,0.0,0.007619996
2019-07-04,11.5,7.1,16.8,0.0,0.0,0.0
2019-07-05,11.1,7.0,15.1,0.0,0.0,0.0
2019-07-06,13.9,9.6,21.5,0.0,0.0,0.0050799972
2019-07-07,12.5,9.5,18.3,0.0,0.0,0.0
2019-07-08,11.4,6.8,16.9,0.0,0.0,0.0025399986
2019-07-09,10.8,6.4,16.7,0.0,0.0,0.0
2019-07-10,15.9,10.7,20.1,0.0,0.0,0.0
2019-07-11,16.3,12.2,20.0,0.0,0.0,0.0
2019-07-12,16.9,11.9,21.8,0.0,0.0,0.0
2019-07-13,17.7,12.5,23.7,0.0,0.0,0.0050799972
2019-07-14,14.9,10.1,19.5,0.0,0.0,0.0101599945
2019-07-15,13.5,10.7,18.6,0.0,0.0,0.0
2019-07-16,12.1,9.4,16.6,0.0,0.0,0.0
2019-07-17,10.8,8.9,14.8,0.0,0.0,0.0
2019-07-18,10.3,7.6,13.3,0.0,0.0,0.0
2019-07-19,8.5,5.8,11.9,0.0,0.0,0.0050799972
2019-07-20,10.4,4.8,15.3,0.0,0.0,0.0
2019-07-21,12.9,6.8,18.3,0.0,0.0,0.0
2019-07-22,19.0,12.3,24.4,0.0,0.0,0.0
2019-07-23,20.4,16.7,26.8,0.0,0.0,0.0
2019-07-24,14.5,9.7,18.1,0.0,0.0,0.0
2019-07-25,13.9,8.4,19.0,0.0,0.0,0.0025399986
2019-07-26,17.5,12.9,22.0,0.0,0.0,0.0
2019-07-27,17.2,12.1,21.3,0.0,0.0,0.0
2019-07-28,14.3,9.2,19.6,0.0,0.0,0.0
2019-07-29,17.2,12.1,23.2,0.0,0.0,0.0
2019-07-30,17.4,13.8,21.6,0.0,0.0,0.0
2019-07-31,19.2,14.0,25.2,0.0,0.0,0.0
2019-08-01,19.8,14.4,25.3,0.0,0.0,0.0
2019-08-02,18.2,11.2,25.7,0.0,0.0,0.0
2019-08-03,16.7,12.4,21.1,0.0,0.0,0.0
2019-08-04,18.8,13.8,24.0,0.0,0.0,0.0025399986
2019-08-05,18.5,13.0,23.9,0.0,0.0,0.0
2019-08-06,19.1,13.1,24.6,0.0,0.0,0.0
2019-08-07,17.6,9.8,23.8,0.0,0.0,0.0
2019-08-08,19.9,16.6,25.5,0.0,0.0,0.0
2019-08-09,14.0,10.9,17.6,0.0,0.0,0.0025399986
2019-08-10,11.3,7.8,16.8,0.0,0.0,0.0025399986
2019-08-11,9.0,5.5,14.1,0.0,0.0,0.017779991
2019-08-12,9.2,7.0,12.8,0.0,0.0,0.0
2019-08-13,13.4,9.0,17.9,0.0,0.0,0.0
2019-08-14,14.7,10.8,19.1,0.0,0.0,0.0
2019-08-15,12.8,10.0,18.0,0.0,0.0,0.0
2019-08-16,11.4,5.5,15.5,0.0,0.0,0.0
2019-08-17,8.0,4.5,11.3,0.0,0.0,0.0050799972
2019-08-18,13.4,8.3,18.4,0.0,0.0,0.0
2019-08-19,17.4,12.8,22.1,0.0,0.0,0.0050799972
2019-08-20,18.3,13.9,23.7,0.0,0.0,0.0
2019-08-21,19.9,15.3,25.6,0.0,0.0,0.0
2019-08-22,12.7,9.4,17.9,0.0,0.0,0.0
2019-08-23,13.1,9.3,17.3,0.0,0.0,0.0
2019-08-24,14.2,11.0,18.3,0.0,0.0,0.0
2019-08-25,9.7,7.3,12.4,0.0,0.0,0.0
2019-08-26,10.1,5.9,14.5,0.0,0.0,0.0
2019-08-27,12.3,5.1,17.6,0.0,0.0,0.0025399986
2019-08-28,16.7,9.4,22.3,0.0,0.0,0.0
2019-08-29,14.1,8.4,20.9,0.0,0.0,0.0025399986
2019-08-30,13.8,11.4,18.3,0.0,0.0,0.0025399986
2019-08-31,16.3,10.4,22.2,0.0,0.0,0.0
2019-09-01,18.5,12.6,24.4,0.0,0.0,0.0
2019-09-02,16.5,11.4,20.4,0.0,0.0,0.0
2019-09-03,18.4,12.5,23.9,0.0,0.0,0.0
2019-09-04,17.5,14.9,21.0,0.0,0.0,0.0
2019-09-05,17.7,13.0,24.7,0.0,0.0,0.0
2019-09-06,12.8,9.6,15.9,0.0,0.0,0.015239992
2019-09-07,9.9,8.6,11.9,0.0,0.0,0.0101599945
2019-09-08,9.6,7.1,14.3,0.0,0.0,0.015239992
2019-09-09,6.9,5.3,10.2,0.0,0.0,0.015239992
2019-09-10,5.8,3.8,9.3,0.0,0.0,0.0
2019-09-11,6.0,3.9,9.1,0.0,0.0,0.0025399986
2019-09-12,9.4,5.1,13.0,0.0,0.0,0.0
2019-09-13,11.3,8.6,14.7,0.0,0.0,0.0
2019-09-14,11.8,7.4,15.5,0.0,0.0,0.0
2019-09-15,17.2,11.4,20.5,0.0,0.0,0.0
2019-09-16,15.9,9.9,20.4,0.0,0.0,0.0
2019-09-17,6.6,4.8,10.7,0.0,0.0,0.0
2019-09-18,7.8,4.6,12.6,0.0,0.0,0.012699993
2019-09-19,5.9,3.4,9.9,0.0,0.0,0.0
2019-09-20,6.2,1.8,9.0,0.0,0.0,0.0025399986
2019-09-21,5.7,3.9,7.9,0.0,0.0,0.0
2019-09-22,9.6,5.2,13.8,0.0,0.0,0.0050799972
2019-09-23,7.3,5.8,8.8,0.0,0.0,0.0
2019-09-24,6.6,4.1,10.0,0.0,0.0,0.0
2019-09-25,5.8,3.5,8.6,0.0,0.0,0.0
2019-09-26,5.2,2.7,8.3,0.0,0.0,0.022859987
2019-09-27,1.6,-1.2,6.2,0.0,0.0,0.0050799972
2019-09-28,-4.8,-7.1,-0.9,0.050799973,0.0050799972,0.0025399986
2019-09-29,-5.7,-8.1,-3.3,0.025399987,0.0025399986,0.0025399986
2019-09-30,-4.5,-10.1,1.3,0.025399987,0.0050799972,0.012699993
2019-10-01,-0.5,-5.3,4.8,0.025399987,0.007619996,0.0
2019-10-02,0.3,-3.2,2.6,0.025399987,0.0050799972,0.0025399986
2019-10-03,4.1,0.4,7.4,0.0,0.0,0.0
2019-10-04,2.4,-0.4,6.5,0.0,0.0,0.0
2019-10-05,0.3,-1.0,2.2,0.0,0.0,0.007619996
2019-10-06,2.8,-0.4,6.1,0.0,0.0,0.0
2019-10-07,6.6,3.6,9.2,0.0,0.0,0.0
2019-10-08,-0.5,-10.3,7.4,0.0,0.0,0.017779991
2019-10-09,-10.5,-12.4,-8.4,0.2031999,0.017779991,0.0050799972
2019-10-10,-6.4,-12.3,-0.8,0.12699993,0.017779991,0.0025399986
2019-10-11,-1.0,-7.9,4.1,0.10159995,0.017779991,0.0025399986
2019-10-12,4.1,-1.4,8.2,0.076199956,0.020319989,0.0025399986
2019-10-13,5.8,1.9,8.5,0.050799973,0.022859987,0.0
2019-10-14,1.4,-2.0,4.2,0.050799973,0.020319989,0.0
2019-10-15,5.0,-2.5,9.0,0.050799973,0.017779991,0.0
2019-10-16,10.2,6.7,13.4,0.050799973,0.017779991,0.007619996
2019-10-17,4.7,-0.3,11.3,0.025399987,0.0050799972,0.0
2019-10-18,-0.8,-2.2,0.6,0.0,0.0,0.0050799972
2019-10-19,-0.7,-1.9,2.5,0.025399987,0.0050799972,0.0101599945
2019-10-20,-1.5,-2.6,1.8,0.076199956,0.015239992,0.0
2019-10-21,-0.8,-2.3,1.1,0.076199956,0.015239992,0.007619996
2019-10-22,1.4,-1.8,3.9,0.076199956,0.017779991,0.0101599945
2019-10-23,-3.2,-5.9,1.2,0.10159995,0.027939985,0.0
2019-10-24,0.4,-3.7,4.6,0.10159995,0.027939985,0.017779991
2019-10-25,5.8,-3.2,9.4,0.10159995,0.027939985,0.0
2019-10-26,-6.7,-11.2,-3.1,0.050799973,0.020319989,0.012699993
2019-10-27,-8.5,-11.7,-3.8,0.17779991,0.027939985,0.0
2019-10-28,-13.3,-18.7,-7.4,0.15239991,0.027939985,0.0
2019-10-29,-13.7,-20.3,-6.3,0.15239991,0.025399987,0.0
2019-10-30,-7.8,-15.2,-3.6,0.15239991,0.022859987,0.0
2019-10-31,-4.0,-6.8,-1.5,0.076199956,0.017779991,0.0050799972
2019-11-01,-2.9,-6.9,0.0,0.050799973,0.015239992,0.0050799972
2019-11-02,1.0,-1.4,3.7,0.076199956,0.020319989,0.0025399986
2019-11-03,0.8,-1.0,3.1,0.050799973,0.017779991,0.0
2019-11-04,1.1,-0.9,3.4,0.050799973,0.017779991,0.0
2019-11-05,0.8,-8.6,6.4,0.050799973,0.017779991,0.0
2019-11-06,-5.3,-12.1,1.8,0.025399987,0.015239992,0.0
2019-11-07,3.4,-2.7,7.5,0.025399987,0.015239992,0.0101599945
2019-11-08,6.2,3.5,9.5,0.025399987,0.025399987,0.0
2019-11-09,4.2,1.5,7.7,0.025399987,0.022859987,0.0
2019-11-10,-8.9,-17.9,2.2,0.050799973,0.022859987,0.0025399986
2019-11-11,-2.3,-11.7,3.3,0.12699993,0.025399987,0.007619996
2019-11-12,1.9,-0.8,5.0,0.12699993,0.033019982,0.0
2019-11-13,-0.1,-2.0,4.3,0.076199956,0.030479984,0.0
2019-11-14,2.7,-2.1,5.6,0.076199956,0.030479984,0.0
2019-11-15,4.5,0.4,8.0,0.076199956,0.030479984,0.0
2019-11-16,-0.2,-1.0,2.2,0.076199956,0.030479984,0.0
2019-11-17,2.3,-0.2,5.6,0.076199956,0.030479984,0.0
2019-11-18,3.4,2.0,4.6,0.050799973,0.030479984,0.0
2019-11-19,0.7,-4.8,4.9,0.050799973,0.025399987,0.0025399986
2019-11-20,-6.3,-8.8,-3.1,0.10159995,0.027939985,0.0
2019-11-21,-0.2,-8.7,7.5,0.076199956,0.027939985,0.0050799972
2019-11-22,3.1,-0.2,6.5,0.10159995,0.033019982,0.0
2019-11-23,0.3,-2.4,3.4,0.076199956,0.033019982,0.0
2019-11-24,-1.7,-5.6,1.6,0.076199956,0.033019982,0.0
2019-11-25,-6.1,-8.9,0.7,0.076199956,0.033019982,0.0
2019-11-26,-8.4,-10.0,-4.2,0.050799973,0.033019982,0.0101599945
2019-11-27,-11.9,-14.5,-9.2,0.076199956,0.040639978,0.0050799972
2019-11-28,-13.9,-15.9,-8.9,0.2031999,0.045719974,0.0
2019-11-29,-11.3,-13.6,-7.3,0.2031999,0.045719974,0.012699993
2019-11-30,-9.0,-12.8,-2.1,0.30479982,0.05587997,0.0050799972
2019-12-01,-2.9,-7.0,-0.6,0.27939984,0.05841997,0.0050799972
2019-12-02,-2.1,-2.8,-1.3,0.27939984,0.063499965,0.012699993
2019-12-03,-0.9,-1.9,0.8,0.30479982,0.076199956,0.007619996
2019-12-04,0.0,-0.7,1.1,0.3301998,0.081279956,0.0
2019-12-05,0.3,-1.1,1.3,0.30479982,0.081279956,0.0
2019-12-06,1.2,-1.1,3.3,0.30479982,0.081279956,0.0
2019-12-07,0.9,-0.3,2.1,0.30479982,0.081279956,0.0025399986
2019-12-08,-4.4,-10.6,1.0,0.3301998,0.083819956,0.017779991
2019-12-09,-6.2,-6.9,-4.4,0.5079997,0.10159995,0.0
2019-12-10,-2.7,-5.8,-0.2,0.45719975,0.10159995,0.0
2019-12-11,-2.3,-3.2,0.0,0.45719975,0.10159995,0.0
2019-12-12,-2.1,-3.3,-1.0,0.45719975,0.10159995,0.020319989
2019-12-13,-3.8,-5.5,-1.7,0.58419967,0.12191994,0.007619996
2019-12-14,-5.9,-7.5,-0.8,0.60959965,0.12953994,0.0
2019-12-15,-7.6,-9.2,-4.8,0.60959965,0.12953994,0.0
2019-12-16,-8.2,-9.8,-5.9,0.60959965,0.12953994,0.0
2019-12-17,-2.7,-6.9,-0.8,0.58419967,0.12953994,0.0
2019-12-18,-0.8,-3.0,2.2,0.5587997,0.12953994,0.0
2019-12-19,-2.6,-4.9,0.0,0.5333997,0.12953994,0.0101599945
2019-12-20,2.4,-0.1,4.2,0.58419967,0.13969992,0.0025399986
2019-12-21,4.0,1.6,6.1,0.60959965,0.14223993,0.0
2019-12-22,3.7,1.2,6.7,0.58419967,0.14223993,0.0
2019-12-23,1.2,-2.5,4.7,0.5587997,0.14223993,0.0
2019-12-24,-2.9,-5.6,2.0,0.5587997,0.13969992,0.0
2019-12-25,-6.6,-8.0,-4.8,0.5587997,0.13715993,0.0
2019-12-26,-7.2,-10.0,-1.0,0.5333997,0.13461992,0.0
2019-12-27,-8.1,-9.2,-6.9,0.5333997,0.13207993,0.0
2019-12-28,-8.9,-10.7,-6.4,0.5333997,0.13207993,0.0
2019-12-29,-6.2,-8.6,-1.9,0.5333997,0.13207993,0.0
2019-12-30,-5.9,-11.3,-1.1,0.5333997,0.13207993,0.0050799972
2019-12-31,-2.5,-5.0,-0.1,0.5333997,0.13715993,0.020319989
2020-01-01,-1.1,-2.9,0.7,0.63499963,0.15747991,0.025399987
2020-01-02,-4.8,-6.3,-2.7,0.7873996,0.1828799,0.025399987
2020-01-03,-1.5,-5.1,2.5,0.8889995,0.2082799,0.007619996
2020-01-04,-2.7,-6.9,3.4,0.86359954,0.21589988,0.007619996
2020-01-05,-6.3,-7.1,-4.9,0.9397995,0.22351988,0.007619996
2020-01-06,-4.6,-7.2,-1.4,1.0159994,0.23113987,0.038099978
2020-01-07,-0.4,-1.9,1.0,1.2191993,0.26923984,0.030479984
2020-01-08,-3.6,-7.3,0.1,1.2953993,0.29971984,0.012699993
2020-01-09,-8.9,-14.4,-7.0,1.2953993,0.31241983,0.0025399986
2020-01-10,-9.9,-14.7,-5.1,1.3715993,0.31495982,0.025399987
2020-01-11,-4.8,-5.9,-2.9,1.3969992,0.3403598,0.020319989
2020-01-12,-6.6,-9.6,-5.2,1.5493991,0.3606798,0.015239992
2020-01-13,-9.8,-11.4,-7.2,1.701799,0.3759198,0.015239992
2020-01-14,-9.8,-12.8,-7.7,1.752599,0.3911598,0.0101599945
2020-01-15,-10.2,-14.4,-7.1,1.803399,0.39877978,0.007619996
2020-01-16,-2.3,-8.1,2.1,1.7271991,0.4063998,0.0050799972
2020-01-17,-6.8,-9.8,-0.3,1.6509991,0.41147977,0.007619996
2020-01-18,-6.1,-9.4,-3.5,1.6509991,0.41909978,0.0101599945
2020-01-19,-1.4,-4.2,2.4,1.6509991,0.42925978,0.0
2020-01-20,2.6,-1.1,6.4,1.6001991,0.42925978,0.0025399986
2020-01-21,0.3,-3.3,1.8,1.5493991,0.43179977,0.0
2020-01-22,-3.8,-4.5,-2.8,1.5493991,0.43179977,0.012699993
2020-01-23,-0.3,-3.9,2.0,1.6001991,0.44449976,0.0025399986
2020-01-24,0.2,-2.3,2.2,1.5493991,0.44703975,0.007619996
2020-01-25,-1.7,-2.7,-0.1,1.5493991,0.45465976,0.007619996
2020-01-26,-0.4,-2.6,3.9,1.5493991,0.46227974,0.0050799972
2020-01-27,-3.5,-5.3,-1.8,1.5493991,0.46735975,0.0
2020-01-28,-1.6,-4.8,3.8,1.4731992,0.46735975,0.0
2020-01-29,-2.4,-3.4,-1.7,1.4731992,0.46735975,0.0025399986
2020-01-30,-2.3,-4.7,-0.2,1.4731992,0.46989974,0.0
2020-01-31,0.8,-2.7,3.0,1.4477992,0.46989974,0.0
2020-02-01,2.2,-3.9,6.3,1.4477992,0.46989974,0.0
2020-02-02,-7.6,-11.0,-3.7,1.4731992,0.46989974,0.007619996
2020-02-03,-9.2,-12.2,-1.6,1.5747992,0.47751975,0.0
2020-02-04,-10.8,-12.3,-8.1,1.5493991,0.47751975,0.0
2020-02-05,-5.7,-9.3,-1.5,1.4985992,0.47751975,0.0
2020-02-06,-3.0,-4.8,2.3,1.5239992,0.47751975,0.0
2020-02-07,-2.9,-5.1,2.9,1.5493991,0.47751975,0.0
2020-02-08,-5.5,-11.0,-0.6,1.5239992,0.47751975,0.035559982
2020-02-09,-7.8,-12.1,-5.8,1.5239992,0.5130797,0.0025399986
2020-02-10,-7.0,-8.8,-2.0,1.4477992,0.5156197,0.007619996
2020-02-11,-5.4,-7.7,-3.5,1.6001991,0.52323973,0.0
2020-02-12,-6.8,-10.8,-2.7,1.5239992,0.52323973,0.012699993
2020-02-13,-2.7,-6.8,1.6,1.5239992,0.5359397,0.0025399986
2020-02-14,-5.1,-6.5,-2.7,1.4477992,0.5384797,0.017779991
2020-02-15,-5.3,-6.7,-4.2,1.5747992,0.5562597,0.027939985
2020-02-16,-5.0,-7.8,-1.5,1.752599,0.58419967,0.007619996
2020-02-17,-7.7,-9.3,-4.2,1.777999,0.5918197,0.0025399986
2020-02-18,-9.2,-11.9,-4.3,1.803399,0.5943597,0.0025399986
2020-02-19,-8.5,-12.7,-5.1,1.777999,0.5968997,0.0025399986
2020-02-20,-2.4,-8.1,0.3,1.752599,0.5994397,0.0050799972
2020-02-21,-1.3,-2.6,0.0,1.701799,0.60451967,0.0
2020-02-22,-0.7,-2.8,1.7,1.6763991,0.60451967,0.0
2020-02-23,-2.1,-5.7,0.5,1.6509991,0.60451967,0.0050799972
2020-02-24,-5.8,-8.4,-2.8,1.6763991,0.60959965,0.0
2020-02-25,-6.1,-9.1,-3.6,1.6509991,0.60959965,0.0050799972
2020-02-26,-2.7,-4.9,1.1,1.701799,0.6146797,0.0050799972
2020-02-27,-2.3,-5.0,-0.2,1.6509991,0.6172197,0.0
2020-02-28,2.5,-1.2,5.9,1.6255991,0.6172197,0.0025399986
2020-02-29,-3.4,-6.5,2.5,1.6255991,0.6197597,0.0
2020-03-01,-5.8,-7.6,-1.8,1.6001991,0.6197597,0.0
2020-03-02,-5.4,-7.8,-2.8,1.5747992,0.6197597,0.0050799972
2020-03-03,-0.8,-3.3,1.8,1.5747992,0.6222997,0.0
2020-03-04,-3.2,-5.5,-0.3,1.5747992,0.6222997,0.0101599945
2020-03-05,1.5,-5.4,6.0,1.6255991,0.63245964,0.0050799972
2020-03-06,6.4,2.5,9.2,1.6255991,0.6375397,0.0
2020-03-07,2.9,-3.3,5.8,1.5747992,0.6375397,0.007619996
2020-03-08,-3.3,-5.6,0.2,1.6509991,0.64515966,0.0
2020-03-09,-3.9,-5.5,-1.0,1.6255991,0.64515966,0.0
2020-03-10,-3.4,-7.1,1.1,1.6255991,0.64515966,0.0
2020-03-11,-2.0,-8.2,0.7,1.5747992,0.64515966,0.0
2020-03-12,-6.1,-9.3,-2.8,1.6001991,0.64515966,0.0
2020-03-13,-10.7,-16.8,-7.3,1.6255991,0.64515966,0.0050799972
2020-03-14,-16.9,-19.0,-7.5,1.6255991,0.65023965,0.0050799972
2020-03-15,-8.0,-18.8,1.4,1.7271991,0.65531963,0.007619996
2020-03-16,-1.6,-9.1,8.7,1.7271991,0.66293967,0.0050799972
2020-03-17,-1.5,-8.0,9.0,1.701799,0.66801965,0.0
2020-03-18,-2.8,-8.2,6.2,1.6509991,0.66801965,0.0025399986
2020-03-19,-8.4,-11.3,-3.6,1.6509991,0.67055964,0.0025399986
2020-03-20,-1.5,-9.4,5.8,1.6255991,0.67309964,0.0050799972
2020-03-21,-0.1,-3.4,2.9,1.6001991,0.6781796,0.0025399986
2020-03-22,-1.5,-7.2,2.4,1.6001991,0.6807196,0.0101599945
2020-03-23,0.4,-3.6,4.3,1.6255991,0.68833965,0.007619996
2020-03-24,-3.8,-5.6,-0.8,1.701799,0.6959596,0.0050799972
2020-03-25,-3.7,-6.5,2.2,1.701799,0.7010396,0.0
2020-03-26,-5.7,-7.6,-3.1,1.701799,0.7010396,0.0
2020-03-27,-3.5,-6.2,1.3,1.5747992,0.68833965,0.0
2020-03-28,-1.2,-4.2,2.2,1.5747992,0.68579966,0.0
2020-03-29,0.6,-1.4,4.5,1.5747992,0.68579966,0.0025399986
2020-03-30,-0.1,-4.3,4.0,1.6001991,0.68833965,0.012699993
2020-03-31,-4.2,-10.7,0.7,1.701799,0.7010396,0.0025399986
2020-04-01,-12.7,-17.5,-3.3,1.7271991,0.7035796,0.0
2020-04-02,-8.7,-17.0,-1.7,1.6763991,0.7035796,0.0025399986
2020-04-03,-5.6,-7.8,-1.8,1.701799,0.7061196,0.0101599945
2020-04-04,-4.1,-8.5,0.5,1.828799,0.7162796,0.0
2020-04-05,1.5,-5.0,6.3,1.777999,0.7162796,0.0050799972
2020-04-06,1.6,0.0,4.2,1.701799,0.7213596,0.0025399986
2020-04-07,1.7,-1.0,5.8,1.7271991,0.7238996,0.0
2020-04-08,2.1,-7.3,7.0,1.6763991,0.71373963,0.0
2020-04-09,6.0,0.7,12.6,1.6509991,0.71373963,0.0025399986
2020-04-10,5.2,-1.3,14.3,1.6255991,0.7162796,0.0101599945
2020-04-11,-8.5,-13.4,-1.5,1.6001991,0.7264396,0.0
2020-04-12,-10.5,-15.7,-0.2,1.5747992,0.7238996,0.0
2020-04-13,-6.8,-13.7,-0.6,1.6255991,0.7213596,0.0
2020-04-14,-2.2,-5.1,1.6,1.6001991,0.7213596,0.0
2020-04-15,-4.8,-9.3,-2.2,1.5747992,0.7188196,0.0
2020-04-16,-3.9,-10.7,3.6,1.5493991,0.7162796,0.0101599945
2020-04-17,1.6,-3.4,6.2,1.5747992,0.7264396,0.0025399986
2020-04-18,1.7,-1.8,12.2,1.5747992,0.7289796,0.007619996
2020-04-19,3.3,-0.9,9.9,1.6509991,0.7365996,0.0025399986
2020-04-20,4.7,1.1,9.0,1.5493991,0.7391396,0.0
2020-04-21,5.7,3.3,9.4,1.4985992,0.73405963,0.012699993
2020-04-22,3.2,1.3,7.5,1.4731992,0.7010396,0.0
2020-04-23,2.7,0.5,7.1,1.4477992,0.68579966,0.0
2020-04-24,2.6,-0.1,5.9,1.4223993,0.6756396,0.0
2020-04-25,3.9,1.1,7.2,1.3715993,0.66547966,0.007619996
2020-04-26,4.4,1.3,7.9,1.3461993,0.66293967,0.0
2020-04-27,3.5,1.4,5.8,1.2953993,0.64769965,0.0
2020-04-28,4.9,-0.1,8.6,1.3207992,0.64769965,0.007619996
2020-04-29,11.5,6.0,18.4,1.2699993,0.63499963,0.0
2020-04-30,6.2,0.8,9.7,1.1937994,0.61213964,0.0
2020-05-01,3.6,0.3,7.2,1.1429994,0.5714997,0.0
2020-05-02,7.6,2.4,15.1,1.0921994,0.5511797,0.0
2020-05-03,1.8,-2.1,6.8,1.0413995,0.49783972,0.0
2020-05-04,1.1,-2.6,4.6,1.0413995,0.46989974,0.0
2020-05-05,7.2,0.9,14.5,1.0159994,0.45465976,0.0025399986
2020-05-06,3.8,-1.4,12.9,0.9651995,0.43687975,0.0
2020-05-07,2.0,-1.7,10.9,0.99059945,0.43433976,0.0050799972
2020-05-08,3.5,-0.5,9.6,0.9651995,0.43941978,0.0
2020-05-09,3.1,-1.7,10.0,0.9397995,0.43941978,0.0
2020-05-10,1.3,-0.6,5.1,0.8889995,0.41909978,0.0
2020-05-11,-1.1,-2.0,0.5,0.86359954,0.41147977,0.007619996
2020-05-12,1.9,-1.8,6.9,0.9651995,0.41909978,0.022859987
2020-05-13,3.0,1.3,6.2,0.9397995,0.43687975,0.0050799972
2020-05-14,5.2,1.5,9.6,0.9143995,0.43687975,0.0025399986
2020-05-15,4.1,0.0,9.6,0.8889995,0.42671975,0.0
2020-05-16,6.7,-1.3,11.9,0.8889995,0.42163977,0.0
2020-05-17,10.3,6.6,14.1,0.83819956,0.4038598,0.0101599945
2020-05-18,8.1,4.1,15.8,0.7619996,0.3809998,0.012699993
2020-05-19,7.3,3.5,13.3,0.7365996,0.3657598,0.020319989
2020-05-20,6.4,2.7,12.3,0.6603996,0.34543982,0.0101599945
2020-05-21,2.0,-0.7,4.7,0.60959965,0.32765982,0.015239992
2020-05-22,1.7,-0.9,5.8,0.63499963,0.32511982,0.0
2020-05-23,3.4,-0.6,8.8,0.58419967,0.30733985,0.0
2020-05-24,5.9,0.7,9.5,0.5587997,0.30225983,0.0
2020-05-25,7.4,3.9,11.9,0.45719975,0.27177987,0.0
2020-05-26,7.6,5.4,10.8,0.3809998,0.23113987,0.0
2020-05-27,8.9,4.4,14.3,0.3301998,0.1803399,0.0
2020-05-28,11.8,4.1,19.5,0.27939984,0.13461992,0.0
2020-05-29,15.0,11.0,19.2,0.17779991,0.09397995,0.0
2020-05-30,16.5,12.8,21.4,0.076199956,0.050799973,0.0
2020-05-31,11.7,7.4,16.9,0.025399987,0.0101599945,0.0
2020-06-01,8.0,5.6,12.3,0.0,0.0,0.0
2020-06-02,9.5,4.7,14.9,0.0,0.0,0.0
2020-06-03,10.1,7.3,13.3,0.0,0.0,0.0025399986
2020-06-04,9.1,6.7,12.5,0.0,0.0,0.0
2020-06-05,12.3,6.7,17.2,0.0,0.0,0.0025399986
2020-06-06,8.7,4.2,14.6,0.0,0.0,0.022859987
2020-06-07,4.3,1.5,7.5,0.0,0.0,0.0050799972
2020-06-08,2.4,0.9,4.4,0.0,0.0,0.007619996
2020-06-09,3.5,0.7,6.3,0.0,0.0,0.0050799972
2020-06-10,8.1,4.4,11.8,0.0,0.0,0.007619996
2020-06-11,13.7,8.8,19.7,0.0,0.0,0.0
2020-06-12,18.0,12.7,23.9,0.0,0.0,0.0
2020-06-13,13.1,3.0,21.0,0.0,0.0,0.0101599945
2020-06-14,2.5,0.2,7.5,0.0,0.0,0.0
2020-06-15,4.6,0.6,9.1,0.0,0.0,0.0
2020-06-16,5.5,3.6,8.3,0.0,0.0,0.0025399986
2020-06-17,5.5,3.4,9.2,0.0,0.0,0.022859987
2020-06-18,6.4,4.5,10.7,0.0,0.0,0.007619996
2020-06-19,9.7,6.9,13.5,0.0,0.0,0.0
2020-06-20,10.8,8.0,13.8,0.0,0.0,0.0
2020-06-21,10.8,7.7,15.5,0.0,0.0,0.0
2020-06-22,12.9,8.2,17.1,0.0,0.0,0.0
2020-06-23,16.6,11.4,20.8,0.0,0.0,0.0
2020-06-24,16.0,9.7,21.6,0.0,0.0,0.0050799972
2020-06-25,14.4,9.0,19.2,0.0,0.0,0.0
2020-06-26,16.3,13.4,20.1,0.0,0.0,0.0
2020-06-27,13.2,8.3,16.1,0.0,0.0,0.0
2020-06-28,6.6,3.3,10.4,0.0,0.0,0.0025399986
2020-06-29,5.0,3.4,6.3,0.0,0.0,0.025399987
2020-06-30,4.9,3.0,6.8,0.0,0.0,0.0101599945
2020-07-01,,,,0.0,0.0,0.012699993
2020-07-02,,,,0.0,0.0,0.0
2020-07-03,,,,0.0,0.0,0.0
2020-07-04,,,,0.0,0.0,0.0
2020-07-05,,,,0.0,0.0,0.0
2020-07-06,,,,0.0,0.0,0.0
2020-07-07,,,,0.0,0.0,0.0
2020-07-08,,,,0.0,0.0,0.0
2020-07-09,,,,0.0,0.0,0.0
2020-07-10,,,,0.0,0.0,0.012699993
2020-07-11,,,,0.0,0.0,0.0
2020-07-12,,,,0.0,0.0,0.0
2020-07-13,,,,0.0,0.0,0.0
2020-07-14,,,,0.0,0.0,0.0
2020-07-15,,,,0.0,0.0,0.0
2020-07-16,,,,0.0,0.0,0.0
2020-07-17,,,,0.0,0.0,0.0
2020-07-18,,,,0.0,0.0,0.0
2020-07-19,,,,0.0,0.0,0.0
2020-07-20,,,,0.0,0.0,0.0
2020-07-21,,,,0.0,0.0,0.0
2020-07-22,,,,0.0,0.0,0.0
2020-07-23,,,,0.0,0.0,0.0
2020-07-24,,,,0.0,0.0,0.0
2020-07-25,,,,0.0,0.0,0.0
2020-07-26,,,,0.0,0.0,0.0
2020-07-27,,,,0.0,0.0,0.0
2020-07-28,,,,0.0,0.0,0.0
2020-07-29,,,,0.0,0.0,0.0
2020-07-30,,,,0.0,0.0,0.0
2020-07-31,,,,0.0,0.0,0.0
2020-08-01,,,,0.0,0.0,0.0
2020-08-02,,,,0.0,0.0,0.0
2020-08-03,,,,0.0,0.0,0.0
2020-08-04,,,,0.0,0.0,0.0
2020-08-05,,,,0.0,0.0,0.0
2020-08-06,,,,0.0,0.0,0.0101599945
2020-08-07,10.4,6.4,12.6,0.0,0.0,0.0
2020-08-08,12.4,9.6,16.7,0.0,0.0,0.0
2020-08-09,12.1,8.5,16.3,0.0,0.0,0.0
2020-08-10,14.7,9.9,19.8,0.0,0.0,0.0
2020-08-11,16.6,11.8,21.0,0.0,0.0,0.0
2020-08-12,11.9,7.5,15.7,0.0,0.0,0.0
2020-08-13,9.3,5.3,12.9,0.0,0.0,0.0
2020-08-14,12.2,6.9,16.6,0.0,0.0,0.0
2020-08-15,16.3,11.1,21.2,0.0,0.0,0.0
2020-08-16,20.6,15.6,25.1,0.0,0.0,0.0
2020-08-17,22.5,,25.8,0.0,0.0,0.0
2020-08-18,19.8,,23.3,0.0,0.0,0.0
2020-08-19,18.6,12.6,23.7,0.0,0.0,0.0
2020-08-20,17.4,12.2,22.5,0.0,0.0,0.0
2020-08-21,18.1,12.5,23.8,0.0,0.0,0.0
2020-08-22,16.2,13.3,19.8,0.0,0.0,0.0
2020-08-23,18.5,14.2,23.2,0.0,0.0,0.0
2020-08-24,19.1,14.5,24.7,0.0,0.0,0.0
2020-08-25,14.4,11.2,19.9,0.0,0.0,0.0
2020-08-26,15.4,11.3,19.8,0.0,0.0,0.0
2020-08-27,14.8,9.7,19.8,0.0,0.0,0.0
2020-08-28,15.1,9.4,20.4,0.0,0.0,0.0
2020-08-29,15.7,11.4,19.9,0.0,0.0,0.0
2020-08-30,9.4,5.6,13.2,0.0,0.0,0.0
2020-08-31,,,,0.0,0.0,0.0
2020-09-01,,,,0.0,0.0,0.0
2020-09-02,,,,0.0,0.0,0.0
2020-09-03,,,,0.0,0.0,0.0
2020-09-04,,,,0.0,0.0,0.0050799972
2020-09-05,,,,0.0,0.0,0.007619996
2020-09-06,,,,0.0,0.0,0.0
2020-09-07,,,,0.0,0.0,0.0
2020-09-08,,,,0.0,0.0,0.0
2020-09-09,,,,0.0,0.0,0.0
2020-09-10,,,,0.0,0.0,0.0
2020-09-11,,,,0.0,0.0,0.0
2020-09-12,,,,0.0,0.0,0.0
2020-09-13,,,,0.0,0.0,0.0
2020-09-14,,,,0.0,0.0,0.0
2020-09-15,,,,0.0,0.0,0.0
2020-09-16,,,,0.0,0.0,0.0
2020-09-17,16.6,13.3,21.1,0.0,0.0,0.0
2020-09-18,18.8,13.5,22.4,0.0,0.0,0.0
2020-09-19,7.5,4.9,14.3,0.0,0.0,0.007619996
2020-09-20,7.2,5.1,10.1,0.0,0.0,0.0025399986
2020-09-21,11.7,7.3,15.9,0.0,0.0,0.0
2020-09-22,12.8,8.3,17.3,0.0,0.0,0.0
2020-09-23,12.6,8.6,15.6,0.0,0.0,0.0
2020-09-24,7.1,3.8,14.0,0.0,0.0,0.0050799972
2020-09-25,4.1,2.2,6.4,0.0,0.0,0.017779991
2020-09-26,2.5,0.9,5.6,0.0,0.0,0.007619996
2020-09-27,3.7,0.6,7.0,0.0,0.0,0.0
2020-09-28,9.0,2.4,14.1,0.0,0.0,0.0
2020-09-29,12.4,6.4,17.1,0.0,0.0,0.0
2020-09-30,8.3,3.6,13.9,0.0,0.0,0.0
2020-10-01,13.0,8.2,17.6,0.0,0.0,0.0
2020-10-02,13.1,9.0,17.4,0.0,0.0,0.0
2020-10-03,12.8,8.1,17.4,0.0,0.0,0.0
2020-10-04,12.6,8.3,16.2,0.0,0.0,0.0
2020-10-05,10.8,7.0,14.9,0.0,0.0,0.0
2020-10-06,13.1,10.1,17.3,0.0,0.0,0.0
2020-10-07,14.1,9.8,18.1,0.0,0.0,0.0
2020-10-08,11.8,7.8,15.4,0.0,0.0,0.0
2020-10-09,10.3,6.6,14.2,0.0,0.0,0.0
2020-10-10,8.1,-0.1,15.1,0.0,0.0,0.015239992
2020-10-11,0.1,-1.4,2.4,0.0,0.0,0.007619996
2020-10-12,1.6,0.5,2.8,0.025399987,0.0025399986,0.030479984
2020-10-13,1.5,-0.6,3.4,0.12699993,0.033019982,0.043179978
2020-10-14,-0.9,-2.0,1.3,0.12699993,0.066039965,0.025399987
2020-10-15,-1.1,-2.9,4.2,0.4063998,0.086359955,0.0
2020-10-16,1.7,-3.8,5.4,0.30479982,0.083819956,0.025399987
2020-10-17,-6.4,-9.8,-2.1,0.25399986,0.086359955,0.007619996
2020-10-18,-1.9,-8.9,2.8,0.3301998,0.09397995,0.020319989
2020-10-19,2.3,1.3,3.5,0.3809998,0.10667994,0.007619996
2020-10-20,0.0,-1.2,2.2,0.4063998,0.11175994,0.0
2020-10-21,-3.9,-10.5,3.0,0.35559982,0.11175994,0.0050799972
2020-10-22,-9.4,-14.0,-4.0,0.45719975,0.11683994,0.0025399986
2020-10-23,-7.7,-12.8,-4.4,0.3809998,0.11937994,0.020319989
2020-10-24,-15.8,-20.0,-12.6,0.5587997,0.13969992,0.0
2020-10-25,-13.8,-21.4,-3.9,0.58419967,0.13969992,0.0
2020-10-26,-7.2,-14.3,-3.6,0.58419967,0.13969992,0.0050799972
2020-10-27,0.4,-7.8,5.2,0.48259974,0.13715993,0.0050799972
2020-10-28,2.3,0.9,3.7,0.45719975,0.13715993,0.0025399986
2020-10-29,5.4,3.0,7.5,0.43179977,0.13461992,0.0
2020-10-30,4.3,-0.7,9.1,0.4063998,0.13461992,0.0
2020-10-31,0.7,-1.8,3.3,0.4063998,0.13207993,0.0050799972
2020-11-01,7.7,2.2,12.8,0.3809998,0.13715993,0.0
2020-11-02,9.7,8.0,11.1,0.3809998,0.12953994,0.0
2020-11-03,9.2,4.3,11.2,0.35559982,0.12953994,0.0
2020-11-04,6.6,4.2,8.0,0.3301998,0.12191994,0.0
2020-11-05,8.6,7.0,10.4,0.25399986,0.10413995,0.0
2020-11-06,2.5,0.2,7.3,0.17779991,0.086359955,0.0
2020-11-07,-0.2,-9.6,6.6,0.17779991,0.078739956,0.0
2020-11-08,-13.7,-15.2,-9.2,0.22859988,0.076199956,0.0050799972
2020-11-09,-10.5,-15.1,-5.2,0.15239991,0.066039965,0.0025399986
2020-11-10,-6.8,-8.6,-5.5,0.17779991,0.05587997,0.025399987
2020-11-11,-8.7,-11.1,-5.3,0.2031999,0.081279956,0.0050799972
2020-11-12,-7.7,-10.0,-5.3,0.30479982,0.076199956,0.0
2020-11-13,-3.5,-5.9,-1.3,0.27939984,0.066039965,0.0101599945
2020-11-14,-6.1,-6.7,-4.9,0.35559982,0.076199956,0.012699993
2020-11-15,-3.0,-6.7,-1.2,0.45719975,0.088899955,0.038099978
2020-11-16,0.7,-2.7,5.2,0.60959965,0.12699993,0.017779991
2020-11-17,6.0,1.8,9.4,0.63499963,0.14477992,0.0025399986
2020-11-18,1.1,-2.7,2.8,0.58419967,0.14731993,0.015239992
2020-11-19,-3.5,-5.2,-2.4,0.71119964,0.16001992,0.017779991
2020-11-20,-4.6,-5.5,-3.5,0.8127996,0.17779991,0.0101599945
2020-11-21,-4.5,-5.9,-2.4,0.8127996,0.1879599,0.0
2020-11-22,-0.1,-5.4,4.5,0.7619996,0.1879599,0.0
2020-11-23,-2.9,-4.6,0.2,0.7365996,0.1879599,0.0
2020-11-24,-3.7,-4.6,-0.1,0.71119964,0.1879599,0.0
2020-11-25,-4.0,-6.6,-0.2,0.71119964,0.1879599,0.007619996
2020-11-26,-5.2,-6.5,-3.5,0.7619996,0.1955799,0.0050799972
2020-11-27,-1.9,-4.6,0.5,0.7365996,0.20065989,0.0
2020-11-28,-1.3,-5.3,1.5,0.7365996,0.1981199,0.0
2020-11-29,0.1,-5.3,4.0,0.71119964,0.1930399,0.0025399986
2020-11-30,-1.5,-4.2,2.5,0.68579966,0.1955799,0.012699993
2020-12-01,-4.7,-8.3,-0.8,0.7873996,0.2082799,0.0
2020-12-02,-1.3,-8.5,6.6,0.7619996,0.20573989,0.0050799972
2020-12-03,3.5,-1.6,7.7,0.7619996,0.21081989,0.0
2020-12-04,2.2,-2.1,8.2,0.7365996,0.21081989,0.0
2020-12-05,6.8,1.6,15.5,0.7365996,0.20573989,0.007619996
2020-12-06,3.9,2.1,8.0,0.71119964,0.21335988,0.0
2020-12-07,3.8,1.0,6.3,0.6603996,0.20573989,0.0
2020-12-08,5.7,3.2,8.8,0.63499963,0.1981199,0.0
2020-12-09,1.6,-3.2,8.0,0.63499963,0.1930399,0.0
2020-12-10,-4.0,-6.7,0.4,0.60959965,0.1879599,0.0
2020-12-11,-7.8,-10.8,-4.8,0.60959965,0.1879599,0.0
2020-12-12,-8.1,-10.7,-3.0,0.60959965,0.1854199,0.0
2020-12-13,-6.6,-9.0,-3.8,0.60959965,0.1803399,0.0
2020-12-14,-5.3,-6.1,-1.8,0.60959965,0.1803399,0.0
2020-12-15,-4.9,-6.2,-2.7,0.60959965,0.1803399,0.017779991
2020-12-16,-2.5,-3.3,-0.1,0.68579966,0.1981199,0.020319989
2020-12-17,-2.5,-4.5,-0.6,0.7619996,0.21843988,0.017779991
2020-12-18,-3.7,-4.4,-2.2,0.8127996,0.23621987,0.007619996
2020-12-19,-2.2,-3.1,-1.2,0.7873996,0.24383987,0.030479984
2020-12-20,-0.8,-2.2,0.4,0.8889995,0.27431986,0.030479984
2020-12-21,1.4,-1.8,4.2,1.0159994,0.30479982,0.012699993
2020-12-22,-5.9,-11.2,3.2,1.0667994,0.31749982,0.0
2020-12-23,-8.4,-10.8,-3.8,1.1175994,0.31749982,0.0
2020-12-24,1.5,-4.3,4.6,1.0159994,0.30987984,0.0101599945
2020-12-25,1.6,-1.5,3.6,1.0159994,0.31495982,0.0
2020-12-26,-1.6,-4.2,0.3,0.99059945,0.31495982,0.0025399986
2020-12-27,-5.2,-7.6,-3.0,0.99059945,0.31749982,0.0
2020-12-28,-2.7,-6.4,1.3,0.9651995,0.31495982,0.0
2020-12-29,-7.0,-9.1,-4.0,0.9651995,0.31495982,0.0025399986
2020-12-30,-4.2,-6.0,-2.3,0.99059945,0.31749982,0.0101599945
2020-12-31,-2.9,-3.8,-2.3,0.9651995,0.32003984,0.0101599945
2021-01-01,-2.2,-3.6,0.1,1.0159994,0.3301998,0.0
2021-01-02,-2.5,-3.4,-1.0,1.0159994,0.3301998,0.0101599945
2021-01-03,-2.9,-4.8,-0.7,1.0159994,0.3403598,0.0101599945
2021-01-04,-1.6,-4.0,0.0,1.0159994,0.3505198,0.0050799972
2021-01-05,-3.6,-4.4,-1.4,1.0413995,0.35559982,0.0
2021-01-06,-0.6,-4.1,1.6,1.0667994,0.35559982,0.0
2021-01-07,-2.2,-5.0,0.2,1.0413995,0.35559982,0.0
2021-01-08,-2.8,-5.3,0.9,1.0413995,0.35559982,0.0
2021-01-09,-5.2,-8.6,1.6,1.0159994,0.3505198,0.0025399986
2021-01-10,-2.6,-7.0,0.5,1.0159994,0.3530598,0.0
2021-01-11,-0.8,-2.4,0.7,0.99059945,0.3530598,0.0
2021-01-12,0.9,-0.4,2.1,0.99059945,0.3505198,0.020319989
2021-01-13,-2.7,-6.7,2.5,1.1175994,0.3708398,0.025399987
2021-01-14,-5.9,-8.2,-2.2,1.1683993,0.3962398,0.007619996
2021-01-15,-0.5,-3.4,2.4,1.1683993,0.4038598,0.0050799972
2021-01-16,-3.4,-4.8,-1.4,1.1429994,0.4063998,0.0
2021-01-17,-2.9,-4.8,-0.5,1.1429994,0.4063998,0.0
2021-01-18,-4.8,-7.1,2.4,1.1683993,0.4063998,0.0
2021-01-19,-5.2,-7.3,-2.8,1.1683993,0.4063998,0.0050799972
2021-01-20,-4.2,-5.5,-2.7,1.1683993,0.41147977,0.0
2021-01-21,-7.4,-9.9,-3.4,1.1683993,0.41147977,0.0025399986
2021-01-22,-7.4,-10.7,-1.4,1.1683993,0.41401976,0.0
2021-01-23,-9.0,-12.6,-6.0,1.1683993,0.41401976,0.0
2021-01-24,-6.9,-10.0,-3.2,1.1683993,0.41401976,0.0
2021-01-25,-6.6,-10.1,0.1,1.1429994,0.41401976,0.0
2021-01-26,-8.5,-12.8,-3.5,1.1683993,0.41401976,0.0
2021-01-27,-6.3,-11.5,-2.9,1.1429994,0.41401976,0.0
2021-01-28,-1.9,-4.8,1.1,1.1429994,0.41401976,0.0050799972
2021-01-29,-1.5,-5.9,4.0,1.1429994,0.41401976,0.0
2021-01-30,-4.3,-5.4,-3.1,1.1429994,0.40893978,0.0
2021-01-31,-2.0,-5.2,1.2,1.1429994,0.4063998,0.0050799972
2021-02-01,2.4,-1.4,5.2,1.1429994,0.41147977,0.0025399986
2021-02-02,1.1,-5.6,5.4,1.1429994,0.41401976,0.0025399986
2021-02-03,-5.6,-7.4,-1.9,1.1683993,0.4165598,0.0025399986
2021-02-04,-6.8,-7.7,-6.0,1.1429994,0.41909978,0.020319989
2021-02-05,-6.8,-17.4,0.2,1.2699993,0.43941978,0.020319989
2021-02-06,-9.0,-22.2,-4.1,1.4477992,0.45973974,0.025399987
2021-02-07,-16.5,-26.2,-7.0,1.5239992,0.48513973,0.0050799972
2021-02-08,-16.2,-25.7,-10.2,1.5239992,0.49021974,0.0
2021-02-09,-12.8,-17.0,-9.3,1.4985992,0.49021974,0.0
2021-02-10,-17.9,-28.2,-6.7,1.4223993,0.49021974,0.0
2021-02-11,-28.4,-32.6,-18.9,1.4477992,0.48767975,0.0
2021-02-12,-22.9,-30.2,-12.2,1.4223993,0.48513973,0.0
2021-02-13,-22.5,-25.5,-17.0,1.4223993,0.48513973,0.0
2021-02-14,-15.0,-23.7,-7.3,1.4223993,0.48513973,0.012699993
2021-02-15,-5.3,-7.5,-2.3,1.3969992,0.49529973,0.0025399986
2021-02-16,-6.5,-8.2,-2.2,1.4223993,0.49783972,0.0
2021-02-17,-9.5,-13.4,-5.1,1.4477992,0.49783972,0.0
2021-02-18,-8.7,-12.2,-5.1,1.4477992,0.49783972,0.0050799972
2021-02-19,-5.3,-7.1,-3.4,1.4985992,0.50291973,0.017779991
2021-02-20,-6.7,-8.2,-3.0,1.5493991,0.52069974,0.035559982
2021-02-21,-5.2,-8.0,-2.3,1.752599,0.5562597,0.015239992
2021-02-22,-1.4,-3.3,0.0,1.6255991,0.5613397,0.05333997
2021-02-23,-6.9,-9.4,-3.2,1.828799,0.6146797,0.012699993
2021-02-24,-7.6,-10.5,0.1,1.879599,0.62737966,0.007619996
2021-02-25,-7.8,-10.5,-6.4,1.828799,0.63499963,0.017779991
2021-02-26,-6.7,-8.6,-3.1,1.955799,0.65277964,0.017779991
2021-02-27,-8.2,-10.4,-3.2,2.0573988,0.67055964,0.0101599945
2021-02-28,-7.3,-10.8,-3.1,2.082799,0.6807196,0.0050799972
2021-03-01,0.2,-5.1,4.4,1.904999,0.6603996,0.0
2021-03-02,-1.3,-2.8,0.0,1.828799,0.6578596,0.0
2021-03-03,1.8,-1.6,5.1,1.828799,0.65277964,0.0
2021-03-04,5.2,1.5,12.3,1.777999,0.65277964,0.0
2021-03-05,4.3,1.6,8.0,1.777999,0.65277964,0.0
2021-03-06,1.4,-4.2,6.5,1.752599,0.65023965,0.0
2021-03-07,-2.7,-5.1,0.2,1.7271991,0.64515966,0.0
2021-03-08,-3.8,-6.2,3.4,1.7271991,0.64261967,0.007619996
2021-03-09,-5.1,-7.3,-1.6,1.752599,0.65023965,0.0
2021-03-10,-4.2,-8.3,3.4,1.777999,0.65023965,0.0
2021-03-11,-3.2,-8.9,1.3,1.777999,0.64515966,0.0025399986
2021-03-12,-0.8,-5.5,6.5,1.7271991,0.64261967,0.0
2021-03-13,3.8,-2.9,13.4,1.7271991,0.64261967,0.0025399986
2021-03-14,4.9,-0.6,11.5,1.6763991,0.64515966,0.0025399986
2021-03-15,2.9,-2.4,13.3,1.6763991,0.64769965,0.0
2021-03-16,1.9,-4.4,11.5,1.6509991,0.64261967,0.0
2021-03-17,3.6,-0.4,8.6,1.6255991,0.64261967,0.0
2021-03-18,4.2,-0.6,7.6,1.6255991,0.6400797,0.0
2021-03-19,1.5,-2.8,5.2,1.6001991,0.62991965,0.0
2021-03-20,-1.9,-4.8,5.3,1.6001991,0.61213964,0.0
2021-03-21,-4.2,-5.6,-2.2,1.6001991,0.5968997,0.0050799972
2021-03-22,-4.0,-5.6,0.1,1.6763991,0.6019797,0.007619996
2021-03-23,-3.7,-6.9,3.5,1.6763991,0.60959965,0.0101599945
2021-03-24,-4.2,-6.5,-1.9,1.6509991,0.6197597,0.0101599945
2021-03-25,-3.5,-6.6,4.0,1.6763991,0.62991965,0.0050799972
2021-03-26,-2.9,-4.8,-0.9,1.6509991,0.63499963,0.0101599945
2021-03-27,0.4,-2.3,3.0,1.6763991,0.64515966,0.0050799972
2021-03-28,3.5,-3.4,6.7,1.6509991,0.65023965,0.0101599945
2021-03-29,-7.9,-9.8,-3.4,1.6763991,0.6603996,0.015239992
2021-03-30,-7.6,-10.0,-5.3,1.752599,0.6756396,0.012699993
2021-03-31,-1.9,-6.5,2.5,1.828799,0.68833965,0.007619996
2021-04-01,5.3,0.1,10.7,1.777999,0.68579966,0.0
2021-04-02,5.9,1.3,9.4,1.7271991,0.6807196,0.0
2021-04-03,7.0,4.8,9.7,1.6763991,0.6807196,0.0
2021-04-04,5.5,1.2,8.2,1.6255991,0.65023965,0.0
2021-04-05,-0.8,-3.1,4.3,1.6001991,0.63499963,0.0
2021-04-06,2.0,-2.5,7.6,1.6763991,0.63499963,0.0050799972
2021-04-07,4.4,1.2,8.9,1.6001991,0.6400797,0.007619996
2021-04-08,-2.6,-5.5,1.5,1.5747992,0.64769965,0.0
2021-04-09,-1.3,-6.1,3.4,1.6001991,0.64515966,0.007619996
2021-04-10,-3.3,-7.5,1.2,1.5747992,0.65277964,0.0
2021-04-11,-5.3,-8.2,1.6,1.6001991,0.64769965,0.0
2021-04-12,-5.9,-8.4,-2.0,1.6001991,0.64769965,0.0025399986
2021-04-13,-6.7,-9.2,-2.7,1.6255991,0.64515966,0.0
2021-04-14,-4.5,-8.2,-2.2,1.5747992,0.6400797,0.007619996
2021-04-15,-0.9,-3.3,2.2,1.5747992,0.6400797,0.007619996
2021-04-16,1.2,-2.4,5.1,1.6255991,0.64261967,0.012699993
2021-04-17,6.5,1.1,13.7,1.5493991,0.65531963,0.0
2021-04-18,1.9,-7.1,12.1,1.5239992,0.65531963,0.0
2021-04-19,-6.0,-9.5,-1.4,1.4985992,0.65531963,0.0
2021-04-20,-3.5,-6.9,2.9,1.4985992,0.64769965,0.012699993
2021-04-21,2.3,-6.5,9.3,1.4985992,0.6603996,0.0025399986
2021-04-22,-1.7,-7.6,5.3,1.4731992,0.65023965,0.0
2021-04-23,-2.4,-8.7,5.0,1.4731992,0.65023965,0.0050799972
2021-04-24,0.8,-1.9,5.2,1.4985992,0.65277964,0.0050799972
2021-04-25,1.5,-1.0,4.9,1.5239992,0.6578596,0.007619996
2021-04-26,1.0,-2.4,7.3,1.5239992,0.66547966,0.0025399986
2021-04-27,2.8,-1.1,6.6,1.4731992,0.66801965,0.0050799972
2021-04-28,4.8,1.0,8.7,1.4477992,0.67055964,0.0
2021-04-29,8.4,4.7,13.0,1.3969992,0.6603996,0.0
2021-04-30,10.0,6.9,12.6,1.3207992,0.6400797,0.0
2021-05-01,6.4,2.8,10.4,1.2191993,0.5943597,0.0025399986
2021-05-02,0.8,-2.0,5.8,1.1937994,0.5613397,0.0
2021-05-03,3.4,-1.6,8.1,1.1937994,0.5562597,0.0050799972
2021-05-04,3.7,0.5,9.6,1.1937994,0.5511797,0.0025399986
2021-05-05,5.3,1.2,11.6,1.1429994,0.5384797,0.0
2021-05-06,11.6,2.9,20.9,1.1175994,0.51815975,0.0025399986
2021-05-07,4.5,-2.4,12.1,1.0667994,0.49275973,0.0101599945
2021-05-08,-1.8,-3.8,0.5,1.0413995,0.47497976,0.0025399986
2021-05-09,-0.7,-2.3,3.6,1.0413995,0.47243974,0.0101599945
2021-05-10,2.7,-2.6,11.7,1.0921994,0.48259974,0.0025399986
2021-05-11,4.2,1.3,9.8,1.0413995,0.48513973,0.0025399986
2021-05-12,6.4,1.2,11.1,0.99059945,0.47497976,0.0
2021-05-13,7.6,3.7,12.4,0.9651995,0.45211977,0.0025399986
2021-05-14,8.3,3.2,14.0,0.9143995,0.42671975,0.0
2021-05-15,10.5,5.7,16.2,0.86359954,0.3936998,0.0050799972
2021-05-16,13.0,8.5,19.0,0.7619996,0.3632198,0.0025399986
2021-05-17,13.9,11.0,17.0,0.71119964,0.33273983,0.0
2021-05-18,6.5,1.2,12.0,0.60959965,0.29209983,0.0
2021-05-19,0.1,-2.1,2.4,0.5079997,0.24891986,0.017779991
2021-05-20,-3.1,-6.7,0.0,0.60959965,0.26161987,0.0101599945
2021-05-21,-5.2,-6.5,-1.7,0.7365996,0.27177987,0.007619996
2021-05-22,-0.6,-6.1,7.5,0.7619996,0.27431986,0.0025399986
2021-05-23,0.8,-2.1,5.8,0.63499963,0.27685985,0.045719974
2021-05-24,2.4,0.9,4.2,0.8889995,0.32257983,0.048259974
2021-05-25,5.4,2.3,16.8,0.9143995,0.3708398,0.020319989
2021-05-26,4.5,1.3,11.9,0.7873996,0.3530598,0.015239992
2021-05-27,8.9,4.3,14.1,0.7619996,0.3479798,0.0
2021-05-28,3.1,1.4,5.4,0.71119964,0.32257983,0.0
2021-05-29,6.1,0.8,10.7,0.63499963,0.29971984,0.0
2021-05-30,10.8,5.7,15.7,0.60959965,0.27939984,0.0
2021-05-31,12.6,9.4,16.2,0.5333997,0.24891986,0.0
2021-06-01,14.8,11.1,19.0,0.43179977,0.16255991,0.0
2021-06-02,17.3,11.7,22.7,0.30479982,0.09905995,0.0
2021-06-03,18.7,16.1,23.8,0.15239991,0.045719974,0.0
2021-06-04,16.2,11.0,19.3,0.025399987,0.015239992,0.0
2021-06-05,10.2,3.6,14.0,0.0,0.0,0.0
2021-06-06,4.8,1.4,9.4,0.0,0.0,0.0025399986
2021-06-07,6.9,1.0,14.0,0.0,0.0,0.0
2021-06-08,8.8,5.5,15.4,0.0,0.0,0.0050799972
2021-06-09,9.7,4.9,16.5,0.0,0.0,0.0
2021-06-10,5.0,1.3,9.9,0.0,0.0,0.0101599945
2021-06-11,6.4,1.2,11.0,0.0,0.0,0.0
2021-06-12,10.3,6.7,13.6,0.0,0.0,0.0
2021-06-13,17.0,9.2,24.7,0.0,0.0,0.0
2021-06-14,22.2,14.9,28.9,0.0,0.0,0.0
2021-06-15,16.7,5.6,21.9,0.0,0.0,0.0025399986
2021-06-16,9.0,3.8,14.0,0.0,0.0,0.0025399986
2021-06-17,11.7,7.1,16.5,0.0,0.0,0.0
2021-06-18,15.0,9.2,20.1,0.0,0.0,0.0
2021-06-19,12.9,7.7,17.2,0.0,0.0,0.0025399986
2021-06-20,7.9,6.3,10.0,0.0,0.0,0.0050799972
2021-06-21,13.6,7.0,18.9,0.0,0.0,0.0
2021-06-22,16.6,12.5,21.1,0.0,0.0,0.0
2021-06-23,14.8,13.0,17.6,0.0,0.0,0.0
2021-06-24,13.1,8.3,18.7,0.0,0.0,0.0025399986
2021-06-25,12.6,7.5,16.6,0.0,0.0,0.0
2021-06-26,15.4,11.6,19.4,0.0,0.0,0.0
2021-06-27,17.1,13.9,21.1,0.0,0.0,0.0
2021-06-28,20.2,14.1,25.8,0.0,0.0,0.0
2021-06-29,21.1,17.4,25.4,0.0,0.0,0.0
2021-06-30,21.4,17.0,26.0,0.0,0.0,0.0
2021-07-01,20.8,13.4,27.8,0.0,0.0,0.0050799972
2021-07-02,19.7,14.6,24.2,0.0,0.0,0.0
2021-07-03,20.7,16.3,25.1,0.0,0.0,0.0
2021-07-04,20.4,14.3,25.3,0.0,0.0,0.0
2021-07-05,15.4,10.5,21.1,0.0,0.0,0.0
2021-07-06,18.8,12.4,23.9,0.0,0.0,0.0
2021-07-07,17.7,14.0,22.7,0.0,0.0,0.0025399986
2021-07-08,15.7,12.1,20.8,0.0,0.0,0.0
2021-07-09,16.4,11.7,21.5,0.0,0.0,0.0
2021-07-10,19.4,14.3,24.1,0.0,0.0,0.0
2021-07-11,18.2,12.7,23.6,0.0,0.0,0.0
2021-07-12,17.9,12.9,23.7,0.0,0.0,0.0
2021-07-13,13.8,8.8,17.3,0.0,0.0,0.007619996
2021-07-14,18.6,12.0,23.9,0.0,0.0,0.0
2021-07-15,20.0,16.3,24.6,0.0,0.0,0.0
2021-07-16,18.1,13.6,22.3,0.0,0.0,0.0
2021-07-17,19.5,14.9,23.4,0.0,0.0,0.0
2021-07-18,22.4,17.5,28.5,0.0,0.0,0.0
2021-07-19,19.2,12.7,23.1,0.0,0.0,0.0025399986
2021-07-20,17.4,14.0,23.2,0.0,0.0,0.0025399986
2021-07-21,17.6,12.9,23.1,0.0,0.0,0.0025399986
2021-07-22,16.4,12.4,19.9,0.0,0.0,0.0
2021-07-23,15.1,11.4,19.3,0.0,0.0,0.0
2021-07-24,17.9,11.2,22.8,0.0,0.0,0.0
2021-07-25,19.6,16.2,23.7,0.0,0.0,0.0
2021-07-26,20.7,16.0,25.8,0.0,0.0,0.0
2021-07-27,21.4,16.0,26.4,0.0,0.0,0.0
2021-07-28,18.4,15.4,22.6,0.0,0.0,0.0
2021-07-29,20.6,16.0,26.0,0.0,0.0,0.0
2021-07-30,20.5,16.3,25.9,0.0,0.0,0.0
2021-07-31,20.9,17.8,25.0,0.0,0.0,0.0
2021-08-01,19.9,13.9,26.7,0.0,0.0,0.007619996
2021-08-02,15.4,12.9,19.3,0.0,0.0,0.0
2021-08-03,17.8,13.9,22.0,0.0,0.0,0.0
2021-08-04,19.6,15.0,24.6,0.0,0.0,0.0
2021-08-05,17.3,10.9,24.2,0.0,0.0,0.0025399986
2021-08-06,15.6,11.6,20.5,0.0,0.0,0.0
2021-08-07,15.3,11.3,20.9,0.0,0.0,0.0
2021-08-08,10.6,4.1,17.1,0.0,0.0,0.012699993
2021-08-09,8.8,4.0,13.2,0.0,0.0,0.0
2021-08-10,13.2,9.2,18.2,0.0,0.0,0.0
2021-08-11,17.5,11.6,23.6,0.0,0.0,0.0
2021-08-12,15.1,9.3,23.7,0.0,0.0,0.0
2021-08-13,18.9,12.2,24.9,0.0,0.0,0.0
2021-08-14,19.6,16.9,23.3,0.0,0.0,0.0
2021-08-15,19.9,15.8,24.4,0.0,0.0,0.0
2021-08-16,19.4,16.9,23.6,0.0,0.0,0.0
2021-08-17,10.2,3.9,17.7,0.0,0.0,0.007619996
2021-08-18,4.2,3.0,5.8,0.0,0.0,0.007619996
2021-08-19,7.8,3.3,12.6,0.0,0.0,0.0025399986
2021-08-20,7.7,5.4,12.0,0.0,0.0,0.0050799972
2021-08-21,8.4,6.1,13.3,0.0,0.0,0.0101599945
2021-08-22,9.5,6.4,13.6,0.0,0.0,0.0
2021-08-23,10.0,5.8,13.1,0.0,0.0,0.0
2021-08-24,8.4,4.0,14.6,0.0,0.0,0.0
2021-08-25,12.7,6.6,18.8,0.0,0.0,0.0
2021-08-26,12.6,9.6,16.4,0.0,0.0,0.0
2021-08-27,7.7,5.5,10.3,0.0,0.0,0.0025399986
2021-08-28,9.7,5.0,14.3,0.0,0.0,0.0
2021-08-29,13.9,8.7,18.3,0.0,0.0,0.0
2021-08-30,16.8,13.0,21.9,0.0,0.0,0.0
2021-08-31,12.6,7.9,15.4,0.0,0.0,0.0
2021-09-01,8.8,5.2,13.6,0.0,0.0,0.0
2021-09-02,8.6,3.5,15.1,0.0,0.0,0.0
2021-09-03,11.2,6.8,15.7,0.0,0.0,0.0
2021-09-04,13.2,8.8,18.1,0.0,0.0,0.0
2021-09-05,15.8,12.6,20.4,0.0,0.0,0.0
2021-09-06,14.9,12.8,18.9,0.0,0.0,0.0
2021-09-07,16.8,12.8,22.2,0.0,0.0,0.0
2021-09-08,18.5,14.5,24.9,0.0,0.0,0.0
2021-09-09,16.9,13.0,19.9,0.0,0.0,0.0
2021-09-10,16.1,10.0,22.9,0.0,0.0,0.0050799972
2021-09-11,8.3,6.3,10.6,0.0,0.0,0.012699993
2021-09-12,11.1,8.5,16.4,0.0,0.0,0.0
2021-09-13,10.2,7.4,14.2,0.0,0.0,0.0
2021-09-14,10.2,5.8,14.4,0.0,0.0,0.0
2021-09-15,10.7,7.4,13.1,0.0,0.0,0.0
2021-09-16,5.6,3.0,9.5,0.0,0.0,0.0
2021-09-17,10.9,2.9,16.2,0.0,0.0,0.0
2021-09-18,12.8,5.7,18.0,0.0,0.0,0.0050799972
2021-09-19,3.9,1.7,7.2,0.0,0.0,0.0
2021-09-20,3.0,1.3,6.3,0.0,0.0,0.0
2021-09-21,7.7,2.1,12.2,0.0,0.0,0.0
2021-09-22,12.2,8.2,16.5,0.0,0.0,0.0
2021-09-23,8.8,5.7,12.6,0.0,0.0,0.0
2021-09-24,11.8,5.8,15.8,0.0,0.0,0.0
2021-09-25,14.8,12.8,18.1,0.0,0.0,0.0
2021-09-26,15.1,12.3,18.6,0.0,0.0,0.0
2021-09-27,14.7,11.7,19.0,0.0,0.0,0.0
2021-09-28,4.5,0.4,13.4,0.0,0.0,0.0025399986
2021-09-29,3.4,0.6,6.7,0.0,0.0,0.0025399986
2021-09-30,8.8,3.9,12.3,0.0,0.0,0.0
2021-10-01,9.2,7.2,13.1,0.0,0.0,0.0
2021-10-02,9.7,6.1,13.2,0.0,0.0,0.0
2021-10-03,11.9,9.1,15.9,0.0,0.0,0.0
2021-10-04,14.8,10.5,19.6,0.0,0.0,0.0
2021-10-05,14.7,11.4,18.5,0.0,0.0,0.0
2021-10-06,10.4,5.0,14.3,0.0,0.0,0.0
2021-10-07,4.3,2.4,7.0,0.0,0.0,0.0025399986
2021-10-08,5.7,2.4,11.6,0.0,0.0,0.0
2021-10-09,3.8,1.2,6.9,0.0,0.0,0.0
2021-10-10,2.1,-1.3,5.3,0.0,0.0,0.0
2021-10-11,-3.4,-4.5,-0.8,0.0,0.0,0.0
2021-10-12,-3.5,-5.6,1.2,0.0,0.0,0.0
2021-10-13,-3.0,-5.3,0.6,0.0,0.0,0.007619996
2021-10-14,-2.6,-3.9,-0.2,0.0,0.0,0.0
2021-10-15,1.2,-2.2,4.2,0.0,0.0,0.0
2021-10-16,7.7,3.3,12.5,0.0,0.0,0.0
2021-10-17,10.0,5.2,15.4,0.0,0.0,0.0
2021-10-18,6.9,-0.3,11.2,0.0,0.0,0.0
2021-10-19,3.1,-0.9,8.0,0.0,0.0,0.0
2021-10-20,5.2,0.9,10.2,0.0,0.0,0.0025399986
2021-10-21,6.3,1.8,9.4,0.0,0.0,0.0025399986
2021-10-22,9.7,1.8,14.9,0.0,0.0,0.0050799972
2021-10-23,0.8,0.0,2.0,0.0,0.0,0.0025399986
2021-10-24,2.8,-0.4,5.3,0.0,0.0,0.015239992
2021-10-25,3.0,0.1,4.9,0.0,0.0,0.0101599945
2021-10-26,0.0,-0.7,0.7,0.0,0.0,0.0025399986
2021-10-27,-0.3,-1.1,0.9,0.0,0.0,0.007619996
2021-10-28,3.5,-1.0,7.5,0.050799973,0.007619996,0.017779991
2021-10-29,4.9,-0.8,8.8,0.0,0.0,0.0101599945
2021-10-30,-4.0,-7.6,-0.7,0.0,0.0,0.0
2021-10-31,-6.1,-9.4,-2.5,0.0,0.0,0.0
2021-11-01,-0.2,-8.0,6.0,0.0,0.0,0.0
2021-11-02,2.7,1.5,4.5,0.0,0.0,0.0050799972
2021-11-03,5.4,2.0,9.0,0.0,0.0,0.0
2021-11-04,5.9,1.4,9.6,0.0,0.0,0.0050799972
2021-11-05,2.7,-0.3,5.5,0.0,0.0,0.0
2021-11-06,0.8,-3.4,3.8,0.0,0.0,0.007619996
2021-11-07,-3.9,-4.8,-2.3,0.076199956,0.007619996,0.0
2021-11-08,-2.4,-4.9,-0.1,0.076199956,0.007619996,0.0
2021-11-09,-0.7,-3.9,1.4,0.076199956,0.0050799972,0.0050799972
2021-11-10,-4.8,-6.3,-3.0,0.076199956,0.0101599945,0.0101599945
2021-11-11,-2.4,-6.1,2.0,0.12699993,0.012699993,0.0025399986
2021-11-12,3.4,1.2,5.1,0.10159995,0.015239992,0.043179978
2021-11-13,0.5,-0.9,2.7,0.025399987,0.007619996,0.0050799972
2021-11-14,4.7,0.8,6.4,0.050799973,0.0101599945,0.012699993
2021-11-15,6.1,-1.8,8.7,0.0,0.0025399986,0.007619996
2021-11-16,-7.0,-9.4,-1.6,0.025399987,0.0101599945,0.0050799972
2021-11-17,-7.5,-9.8,-3.9,0.050799973,0.007619996,0.0025399986
2021-11-18,-1.4,-4.8,1.3,0.050799973,0.0101599945,0.0050799972
2021-11-19,-0.2,-2.3,1.7,0.050799973,0.015239992,0.012699993
2021-11-20,-4.1,-4.9,-2.1,0.15239991,0.027939985,0.0025399986
2021-11-21,-1.3,-4.6,2.6,0.10159995,0.020319989,0.0
2021-11-22,4.0,1.6,7.1,0.076199956,0.020319989,0.0
2021-11-23,-1.8,-5.9,2.3,0.076199956,0.020319989,0.0
2021-11-24,-4.8,-6.0,-2.1,0.076199956,0.020319989,0.0050799972
2021-11-25,0.5,-2.8,3.0,0.050799973,0.015239992,0.0101599945
2021-11-26,1.2,-0.1,3.2,0.050799973,0.025399987,0.0101599945
2021-11-27,0.8,-0.8,2.7,0.12699993,0.035559982,0.0050799972
2021-11-28,4.8,2.3,6.5,0.15239991,0.038099978,0.0
2021-11-29,1.1,-1.0,4.3,0.050799973,0.025399987,0.012699993
2021-11-30,0.8,-1.1,4.9,0.15239991,0.038099978,0.0050799972
2021-12-01,6.2,4.1,8.0,0.12699993,0.043179978,0.015239992
2021-12-02,3.5,0.2,6.7,0.025399987,0.015239992,0.022859987
2021-12-03,-0.2,-1.4,1.2,0.025399987,0.0050799972,0.0025399986
2021-12-04,-0.8,-3.6,2.0,0.025399987,0.0050799972,0.038099978
2021-12-05,-8.4,-11.7,-3.4,0.2031999,0.043179978,0.0
2021-12-06,-7.0,-11.4,-4.0,0.22859988,0.043179978,0.0050799972
2021-12-07,-2.1,-5.4,-0.1,0.2031999,0.043179978,0.0025399986
2021-12-08,-2.7,-8.7,0.4,0.2031999,0.043179978,0.007619996
2021-12-09,-8.7,-9.8,-7.5,0.30479982,0.050799973,0.0025399986
2021-12-10,-8.8,-10.6,-7.1,0.30479982,0.05333997,0.0101599945
2021-12-11,-4.7,-7.6,-3.1,0.4063998,0.063499965,0.022859987
2021-12-12,-3.9,-6.5,-2.0,0.5079997,0.086359955,0.048259974
2021-12-13,-2.1,-6.5,0.7,0.60959965,0.11429994,0.0101599945
2021-12-14,-2.4,-8.2,0.4,0.68579966,0.12191994,0.0
2021-12-15,-10.2,-11.8,-8.2,0.6603996,0.12191994,0.0
2021-12-16,-8.1,-11.4,-6.6,0.60959965,0.12191994,0.007619996
2021-12-17,-13.3,-20.9,-5.4,0.83819956,0.12953994,0.0
2021-12-18,-3.7,-9.5,0.1,0.7619996,0.12953994,0.0050799972
2021-12-19,-5.5,-13.7,-0.8,0.68579966,0.13461992,0.020319989
2021-12-20,-4.5,-13.6,-1.5,0.83819956,0.15493992,0.033019982
2021-12-21,-2.1,-5.2,-0.2,0.9143995,0.1879599,0.012699993
2021-12-22,-2.0,-3.6,-0.1,0.9143995,0.20065989,0.0025399986
2021-12-23,-3.5,-8.7,-1.0,0.9143995,0.2031999,0.025399987
2021-12-24,-7.4,-8.8,-5.1,1.0413995,0.22859988,0.0101599945
2021-12-25,-7.7,-9.5,-6.2,1.0413995,0.23367988,0.0101599945
2021-12-26,-13.0,-19.6,-7.8,1.0667994,0.24129987,0.0050799972
2021-12-27,-13.8,-16.2,-12.1,1.0921994,0.24637987,0.0
2021-12-28,-16.1,-21.0,-14.6,1.0413995,0.24637987,0.0050799972
2021-12-29,-17.3,-24.3,-11.6,1.0159994,0.25145987,0.0025399986
2021-12-30,-14.0,-20.5,-10.9,0.99059945,0.25399986,0.012699993
2021-12-31,-20.4,-23.9,-14.8,1.0159994,0.26669985,0.0025399986
2022-01-01,-15.3,-19.2,-9.5,0.99059945,0.26923984,0.017779991
2022-01-02,-4.7,-9.9,-2.7,0.9143995,0.26161987,0.0101599945
2022-01-03,-2.9,-5.1,-0.5,0.9143995,0.26161987,0.0050799972
2022-01-04,-8.0,-10.0,-4.9,0.9397995,0.26669985,0.0050799972
2022-01-05,-13.7,-18.7,-8.4,0.9397995,0.27177987,0.0025399986
2022-01-06,-5.1,-11.6,-0.3,0.9651995,0.27177987,0.033019982
2022-01-07,-1.7,-6.7,-0.1,1.0667994,0.29971984,0.033019982
2022-01-08,-8.4,-9.1,-6.6,1.2191993,0.33273983,0.022859987
2022-01-09,-3.0,-8.5,4.6,1.2953993,0.35559982,0.007619996
2022-01-10,0.2,-4.7,3.5,1.1937994,0.35559982,0.0025399986
2022-01-11,-1.3,-4.4,0.6,1.1683993,0.3530598,0.007619996
2022-01-12,2.0,-0.1,4.4,1.1937994,0.3606798,0.0101599945
2022-01-13,2.7,-1.7,6.4,1.1683993,0.3708398,0.0
2022-01-14,-1.2,-4.5,4.1,1.1429994,0.3682998,0.0025399986
2022-01-15,-0.3,-2.2,1.4,1.1175994,0.3708398,0.0
2022-01-16,-0.1,-2.2,1.8,1.1175994,0.3682998,0.0
2022-01-17,1.3,-0.7,5.4,1.1175994,0.3682998,0.0
2022-01-18,-8.1,-13.8,0.0,1.0921994,0.3682998,0.0
2022-01-19,-6.1,-13.9,-1.0,1.0667994,0.3682998,0.0050799972
2022-01-20,-1.6,-4.1,0.6,1.0921994,0.3733798,0.012699993
2022-01-21,-3.5,-4.7,-1.9,1.1937994,0.3860798,0.0
2022-01-22,-1.2,-4.5,2.6,1.1683993,0.3860798,0.0
2022-01-23,0.3,-2.2,3.3,1.1429994,0.3860798,0.0
2022-01-24,-3.6,-5.4,-0.8,1.1175994,0.3860798,0.0
2022-01-25,-4.8,-8.0,-2.6,1.0921994,0.3860798,0.0
2022-01-26,-4.0,-7.0,-0.3,1.0921994,0.3860798,0.0
2022-01-27,-4.8,-9.0,-1.7,1.0921994,0.3860798,0.0025399986
2022-01-28,0.5,-2.9,3.3,1.0667994,0.38861978,0.0
2022-01-29,-0.3,-2.5,1.7,1.0413995,0.38861978,0.0
2022-01-30,-0.5,-2.5,2.1,1.0413995,0.38861978,0.0
2022-01-31,-7.2,-14.3,0.2,1.0413995,0.38861978,0.012699993
2022-02-01,-15.7,-26.5,-6.8,1.1937994,0.40131977,0.0
2022-02-02,-18.7,-27.9,-11.3,1.2191993,0.40131977,0.007619996
2022-02-03,-8.1,-13.0,-3.5,1.1429994,0.40893978,0.0050799972
2022-02-04,-3.3,-5.7,-1.4,1.1429994,0.41401976,0.020319989
2022-02-05,-3.2,-4.3,-1.0,1.2191993,0.43433976,0.0101599945
2022-02-06,-1.5,-5.0,1.5,1.2699993,0.44449976,0.0
2022-02-07,1.1,-2.5,4.3,1.2191993,0.44449976,0.0
2022-02-08,-2.4,-4.3,0.5,1.2191993,0.44449976,0.0025399986
2022-02-09,-0.2,-3.3,3.4,1.1937994,0.44703975,0.0025399986
2022-02-10,2.0,-1.2,5.0,1.1937994,0.44957975,0.0
2022-02-11,-4.2,-9.5,-0.6,1.1937994,0.44703975,0.0025399986
2022-02-12,0.3,-2.6,3.2,1.1683993,0.44957975,0.0025399986
2022-02-13,3.0,1.0,8.1,1.1683993,0.45211977,0.0
2022-02-14,2.0,-2.4,5.5,1.1683993,0.44957975,0.0
2022-02-15,-3.6,-5.7,3.2,1.1937994,0.44957975,0.0025399986
2022-02-16,-6.8,-9.0,-1.3,1.1937994,0.45211977,0.0025399986
2022-02-17,-4.8,-7.0,-2.1,1.1937994,0.45465976,0.007619996
2022-02-18,-1.5,-2.7,-0.3,1.2191993,0.46227974,0.0025399986
2022-02-19,-0.9,-2.7,1.6,1.1937994,0.46481976,0.0101599945
2022-02-20,-9.2,-20.7,-2.6,1.2699993,0.47497976,0.0101599945
2022-02-21,-23.8,-28.7,-18.7,1.4223993,0.48513973,0.0
2022-02-22,-26.8,-29.9,-22.0,1.3715993,0.48005974,0.0
2022-02-23,-17.6,-28.1,-8.4,1.3461993,0.47751975,0.0050799972
2022-02-24,-13.4,-18.2,-4.9,1.3207992,0.48259974,0.0025399986
2022-02-25,-12.2,-15.0,-9.8,1.3207992,0.48513973,0.0025399986
2022-02-26,-5.2,-12.5,-0.1,1.2953993,0.48767975,0.007619996
2022-02-27,-1.3,-3.6,0.9,1.2445993,0.49275973,0.0101599945
2022-02-28,0.8,-1.1,1.8,1.3207992,0.50291973,0.06095997
2022-03-01,2.3,1.2,3.6,1.6255991,0.56387967,0.030479984
2022-03-02,3.4,2.1,5.5,1.6255991,0.5943597,0.0050799972
2022-03-03,3.6,-0.4,7.2,1.5239992,0.5994397,0.0050799972
2022-03-04,-3.9,-8.8,3.7,1.4985992,0.60451967,0.0
2022-03-05,-7.5,-11.4,-1.3,1.4985992,0.60451967,0.007619996
2022-03-06,-8.6,-10.7,-3.1,1.4731992,0.61213964,0.0
2022-03-07,-6.7,-10.8,-1.8,1.4477992,0.60451967,0.0
2022-03-08,-14.9,-19.2,-10.8,1.5493991,0.60451967,0.0
2022-03-09,-16.6,-20.2,-7.2,1.4731992,0.60451967,0.0
2022-03-10,-12.1,-16.3,-6.7,1.4731992,0.60451967,0.0
2022-03-11,-6.2,-11.2,-1.1,1.4223993,0.6019797,0.0
2022-03-12,1.4,-1.7,3.9,1.4223993,0.6019797,0.0050799972
2022-03-13,-0.8,-3.1,2.7,1.4223993,0.5994397,0.007619996
2022-03-14,-0.4,-2.9,2.7,1.4731992,0.5994397,0.020319989
2022-03-15,0.1,-3.3,2.4,1.5239992,0.6197597,0.030479984
2022-03-16,-3.0,-4.5,0.6,1.6763991,0.65023965,0.007619996
2022-03-17,-1.5,-4.8,2.2,1.6763991,0.6578596,0.007619996
2022-03-18,-0.4,-2.5,2.3,1.6509991,0.66547966,0.0101599945
2022-03-19,1.9,-1.6,6.5,1.6763991,0.6756396,0.0050799972
2022-03-20,-4.9,-6.9,-1.6,1.701799,0.6807196,0.0
2022-03-21,-4.0,-6.9,-1.3,1.701799,0.6756396,0.0
2022-03-22,0.8,-3.6,6.0,1.6509991,0.66293967,0.0025399986
2022-03-23,5.3,0.6,9.4,1.6255991,0.66547966,0.0025399986
2022-03-24,2.2,-3.9,5.2,1.5747992,0.66547966,0.0
2022-03-25,3.1,-4.5,7.7,1.5493991,0.66293967,0.0
2022-03-26,5.2,2.5,9.7,1.5239992,0.65531963,0.0050799972
2022-03-27,8.1,2.4,12.0,1.4985992,0.6375397,0.0
2022-03-28,6.7,0.9,12.2,1.4477992,0.62483966,0.0
2022-03-29,-1.7,-4.3,2.6,1.4223993,0.61213964,0.0
2022-03-30,0.9,-2.7,4.3,1.4223993,0.60705966,0.0
2022-03-31,-3.4,-4.7,-0.3,1.3969992,0.60705966,0.0
2022-04-01,-2.1,-5.1,0.7,1.3969992,0.6019797,0.0050799972
2022-04-02,-1.4,-3.8,2.3,1.3969992,0.60451967,0.0101599945
2022-04-03,-0.4,-4.9,4.1,1.4731992,0.6146797,0.0050799972
2022-04-04,-1.5,-6.4,1.5,1.4731992,0.6197597,0.033019982
2022-04-05,-5.9,-7.6,-4.0,1.6255991,0.65277964,0.017779991
2022-04-06,-2.9,-5.9,1.8,1.7271991,0.67055964,0.0
2022-04-07,4.1,-3.7,8.7,1.6763991,0.66801965,0.007619996
2022-04-08,6.6,-3.9,11.4,1.6509991,0.6756396,0.0025399986
2022-04-09,-5.1,-7.2,-1.9,1.5493991,0.6781796,0.0
2022-04-10,-6.5,-8.5,0.1,1.6001991,0.67309964,0.0
2022-04-11,-9.2,-11.4,-7.6,1.6001991,0.67055964,0.0
2022-04-12,-13.2,-15.8,-11.0,1.5239992,0.65277964,0.0
2022-04-13,-13.4,-17.2,-5.6,1.5239992,0.6375397,0.0101599945
2022-04-14,-12.8,-18.2,-4.8,1.5239992,0.64769965,0.0
2022-04-15,-8.6,-15.4,-1.6,1.5239992,0.62737966,0.012699993
2022-04-16,-6.1,-8.6,-1.9,1.5239992,0.6400797,0.015239992
2022-04-17,-5.1,-7.0,-2.0,1.6255991,0.64515966,0.030479984
2022-04-18,1.5,-6.5,7.6,1.7271991,0.6756396,0.030479984
2022-04-19,-1.0,-4.2,6.5,1.6763991,0.7061196,0.0050799972
2022-04-20,-1.8,-4.8,4.5,1.6763991,0.71119964,0.015239992
2022-04-21,0.8,-3.8,6.1,1.6763991,0.7264396,0.020319989
2022-04-22,1.3,-1.6,8.3,1.752599,0.7467596,0.0050799972
2022-04-23,0.5,-2.8,7.4,1.701799,0.7518396,0.0101599945
2022-04-24,2.8,-2.2,8.7,1.6763991,0.7619996,0.027939985
2022-04-25,5.8,1.0,13.3,1.6255991,0.7899396,0.0101599945
2022-04-26,2.8,-3.3,7.8,1.5747992,0.80009955,0.0050799972
2022-04-27,0.1,-4.2,6.2,1.6255991,0.80517954,0.0
2022-04-28,2.5,-2.3,11.8,1.6001991,0.79755956,0.0025399986
2022-04-29,1.1,-1.8,7.8,1.5493991,0.7696196,0.0
2022-04-30,2.2,-2.3,8.8,1.5493991,0.7696196,0.015239992
2022-05-01,2.3,0.5,6.7,1.5239992,0.7848596,0.0
2022-05-02,6.3,-0.3,13.7,1.5493991,0.7848596,0.0050799972
2022-05-03,6.3,2.5,11.1,1.4985992,0.7899396,0.0
2022-05-04,6.7,0.9,11.8,1.4731992,0.77469957,0.0
2022-05-05,8.8,2.7,17.0,1.4223993,0.7543796,0.017779991
2022-05-06,3.0,0.8,7.2,1.3461993,0.7238996,0.012699993
2022-05-07,0.4,-2.0,2.8,1.3207992,0.7188196,0.0
2022-05-08,-1.4,-4.1,3.0,1.3715993,0.69087964,0.0
2022-05-09,-2.1,-5.5,1.4,1.3715993,0.6756396,0.0025399986
2022-05-10,0.3,-3.4,6.0,1.3715993,0.67055964,0.0
2022-05-11,4.2,-2.1,11.5,1.3715993,0.66801965,0.0
2022-05-12,3.5,1.4,8.8,1.3207992,0.66801965,0.0
2022-05-13,-0.8,-2.8,3.2,1.3207992,0.65277964,0.0025399986
2022-05-14,1.9,-1.9,4.1,1.2953993,0.63499963,0.0101599945
2022-05-15,7.2,1.9,14.7,1.2953993,0.6400797,0.0
2022-05-16,7.8,3.8,12.3,1.2191993,0.62737966,0.0
2022-05-17,5.2,2.2,8.9,1.1175994,0.5613397,0.0
2022-05-18,4.1,0.2,7.7,1.0921994,0.5333997,0.0
2022-05-19,-1.4,-3.7,1.1,1.0413995,0.5156197,0.012699993
2022-05-20,-0.8,-3.0,4.1,1.0921994,0.5105397,0.007619996
2022-05-21,-0.5,-3.1,4.1,1.0921994,0.51815975,0.0050799972
2022-05-22,3.6,-2.3,10.6,1.0921994,0.52323973,0.007619996
2022-05-23,4.8,2.2,9.3,1.0667994,0.5308597,0.0025399986
2022-05-24,4.9,2.3,8.2,1.0159994,0.52323973,0.0
2022-05-25,5.2,2.0,7.6,0.9651995,0.49275973,0.0025399986
2022-05-26,10.9,5.2,15.6,0.9143995,0.46227974,0.007619996
2022-05-27,7.9,3.9,12.4,0.8127996,0.40893978,0.0101599945
2022-05-28,5.3,2.9,9.9,0.7619996,0.3759198,0.0
2022-05-29,4.2,2.7,7.0,0.71119964,0.34543982,0.0
2022-05-30,2.7,1.3,4.3,0.68579966,0.33273983,0.017779991
2022-05-31,5.2,2.1,11.1,0.68579966,0.32765982,0.0025399986
2022-06-01,7.6,4.6,13.0,0.63499963,0.30225983,0.0025399986
2022-06-02,8.5,6.0,13.5,0.58419967,0.27431986,0.0
2022-06-03,9.0,6.0,14.5,0.5333997,0.24383987,0.0101599945
2022-06-04,8.5,5.6,15.1,0.45719975,0.21081989,0.0
2022-06-05,7.4,5.4,9.9,0.4063998,0.1701799,0.007619996
2022-06-06,5.4,3.5,8.2,0.3301998,0.13207993,0.0050799972
2022-06-07,6.7,3.1,10.9,0.22859988,0.09905995,0.0
2022-06-08,8.1,4.3,10.6,0.15239991,0.063499965,0.0
2022-06-09,11.2,7.3,16.6,0.10159995,0.040639978,0.0
2022-06-10,10.1,8.0,12.5,0.025399987,0.012699993,0.025399987
2022-06-11,7.8,6.7,10.8,0.025399987,0.0025399986,0.0
2022-06-12,7.6,6.2,10.3,0.0,0.0,0.0
2022-06-13,3.6,0.0,7.2,0.0,0.0,0.0
2022-06-14,0.3,-0.8,1.4,0.0,0.0,0.012699993
2022-06-15,5.1,0.9,9.8,0.050799973,0.012699993,0.007619996
2022-06-16,12.8,6.0,18.6,0.0,0.0,0.0
2022-06-17,18.0,10.6,25.1,0.0,0.0,0.0
2022-06-18,12.2,8.1,16.8,0.0,0.0,0.015239992
2022-06-19,6.8,4.1,11.4,0.0,0.0,0.015239992
2022-06-20,4.1,1.8,5.4,0.0,0.0,0.020319989
2022-06-21,9.0,4.5,13.3,0.0,0.0,0.0
2022-06-22,13.0,9.0,17.6,0.0,0.0,0.0025399986
2022-06-23,12.3,8.1,15.6,0.0,0.0,0.0
2022-06-24,6.9,2.0,11.5,0.0,0.0,0.0
2022-06-25,7.6,1.5,12.6,0.0,0.0,0.0
2022-06-26,13.7,6.8,19.1,0.0,0.0,0.0
2022-06-27,18.2,11.6,23.2,0.0,0.0,0.0
2022-06-28,18.8,12.0,24.2,0.0,0.0,0.0
2022-06-29,10.9,7.7,14.3,0.0,0.0,0.0
2022-06-30,12.0,6.9,17.8,0.0,0.0,0.0
2022-07-01,15.5,9.3,20.4,0.0,0.0,0.0
2022-07-02,14.3,9.2,22.2,0.0,0.0,0.012699993
2022-07-03,10.0,7.7,14.3,0.0,0.0,0.017779991
2022-07-04,10.6,6.0,17.5,0.0,0.0,0.0025399986
2022-07-05,12.8,8.5,17.5,0.0,0.0,0.0
2022-07-06,14.8,10.7,21.1,0.0,0.0,0.0050799972
2022-07-07,16.0,10.4,22.8,0.0,0.0,0.0050799972
2022-07-08,17.1,13.0,22.2,0.0,0.0,0.0050799972
2022-07-09,15.6,11.3,21.3,0.0,0.0,0.0
2022-07-10,11.9,9.4,15.8,0.0,0.0,0.0025399986
2022-07-11,14.2,8.4,20.2,0.0,0.0,0.0
2022-07-12,19.2,13.4,23.7,0.0,0.0,0.0
2022-07-13,19.2,15.5,22.2,0.0,0.0,0.0
2022-07-14,18.7,14.3,22.9,0.0,0.0,0.0
2022-07-15,19.3,13.9,24.2,0.0,0.0,0.0
2022-07-16,19.7,15.3,25.0,0.0,0.0,0.0
2022-07-17,21.0,16.3,25.3,0.0,0.0,0.0
2022-07-18,13.2,8.4,18.8,0.0,0.0,0.0
2022-07-19,14.2,7.9,18.9,0.0,0.0,0.0
2022-07-20,17.2,13.2,21.4,0.0,0.0,0.0
2022-07-21,17.9,13.5,22.4,0.0,0.0,0.0
2022-07-22,17.4,12.6,24.0,0.0,0.0,0.0
2022-07-23,16.8,11.6,22.7,0.0,0.0,0.0
2022-07-24,15.8,12.7,19.6,0.0,0.0,0.0
2022-07-25,16.1,10.4,21.1,0.0,0.0,0.0
2022-07-26,16.0,9.6,22.8,0.0,0.0,0.0
2022-07-27,17.5,13.6,22.1,0.0,0.0,0.0
2022-07-28,19.8,15.1,25.7,0.0,0.0,0.0
2022-07-29,21.6,,25.9,0.0,0.0,0.0
2022-07-30,21.0,,26.0,0.0,0.0,0.0
2022-07-31,21.1,14.3,26.5,0.0,0.0,0.0
2022-08-01,20.6,,26.4,0.0,0.0,0.0
2022-08-02,17.4,14.5,21.2,0.0,0.0,0.0
2022-08-03,17.4,13.1,22.4,0.0,0.0,0.0
2022-08-04,18.0,12.6,22.3,0.0,0.0,0.0
2022-08-05,13.6,7.4,20.6,0.0,0.0,0.0
2022-08-06,11.4,7.0,18.2,0.0,0.0,0.0
2022-08-07,15.8,10.6,20.7,0.0,0.0,0.0
2022-08-08,19.2,15.1,23.9,0.0,0.0,0.0
2022-08-09,20.0,14.4,27.1,0.0,0.0,0.0
2022-08-10,19.5,13.6,24.9,0.0,0.0,0.0
2022-08-11,19.4,14.6,24.8,0.0,0.0,0.0
2022-08-12,19.2,14.3,26.1,0.0,0.0,0.0
2022-08-13,19.3,14.7,24.4,0.0,0.0,0.0
2022-08-14,17.4,11.9,22.7,0.0,0.0,0.0
2022-08-15,18.5,13.6,23.0,0.0,0.0,0.0
2022-08-16,19.9,16.0,24.8,0.0,0.0,0.0
2022-08-17,18.8,15.4,23.7,0.0,0.0,0.0
2022-08-18,18.5,14.2,23.7,0.0,0.0,0.0
2022-08-19,19.2,15.0,24.6,0.0,0.0,0.0
2022-08-20,19.2,12.7,26.0,0.0,0.0,0.0025399986
2022-08-21,17.6,13.2,23.5,0.0,0.0,0.0
2022-08-22,18.9,14.4,25.2,0.0,0.0,0.0
2022-08-23,14.9,11.9,19.9,0.0,0.0,0.0050799972
2022-08-24,12.2,10.5,16.3,0.0,0.0,0.0025399986
2022-08-25,14.2,9.7,19.7,0.0,0.0,0.0
2022-08-26,13.9,10.6,17.0,0.0,0.0,0.007619996
2022-08-27,11.5,7.2,14.6,0.0,0.0,0.0
2022-08-28,9.9,6.1,14.0,0.0,0.0,0.0025399986
2022-08-29,15.0,8.5,20.8,0.0,0.0,0.0
2022-08-30,19.6,14.0,24.2,0.0,0.0,0.0
2022-08-31,21.1,16.8,26.1,0.0,0.0,0.0
2022-09-01,19.0,15.6,23.1,0.0,0.0,0.0
2022-09-02,20.1,13.6,26.2,0.0,0.0,0.0
2022-09-03,21.8,15.7,28.7,0.0,0.0,0.0
2022-09-04,17.4,13.2,22.0,0.0,0.0,0.0
2022-09-05,16.8,14.2,20.4,0.0,0.0,0.0
2022-09-06,19.5,11.5,24.9,0.0,0.0,0.0
2022-09-07,19.5,14.2,25.5,0.0,0.0,0.0
2022-09-08,9.2,2.2,17.1,0.0,0.0,0.0
2022-09-09,4.4,2.6,9.1,0.0,0.0,0.0
2022-09-10,11.5,2.5,18.2,0.0,0.0,0.0
2022-09-11,16.6,12.7,20.8,0.0,0.0,0.0
2022-09-12,15.7,12.1,20.2,0.0,0.0,0.0
2022-09-13,12.0,7.9,15.7,0.0,0.0,0.0
2022-09-14,10.9,7.5,15.2,0.0,0.0,0.0
2022-09-15,11.7,7.7,17.4,0.0,0.0,0.0
2022-09-16,9.2,7.4,13.4,0.0,0.0,0.0
2022-09-17,10.5,6.5,15.2,0.0,0.0,0.0
2022-09-18,11.4,7.5,17.3,0.0,0.0,0.007619996
2022-09-19,9.8,3.4,14.4,0.0,0.0,0.0025399986
2022-09-20,2.9,1.6,4.4,0.0,0.0,0.0025399986
2022-09-21,6.0,2.8,10.6,0.0,0.0,0.0025399986
2022-09-22,4.0,1.8,6.5,0.0,0.0,0.030479984
2022-09-23,6.8,4.4,10.0,0.0,0.0,0.0
2022-09-24,9.6,5.6,13.9,0.0,0.0,0.0
2022-09-25,13.2,8.3,17.7,0.0,0.0,0.0
2022-09-26,16.8,11.4,21.7,0.0,0.0,0.0
2022-09-27,17.3,12.8,20.4,0.0,0.0,0.0
2022-09-28,18.1,14.4,23.1,0.0,0.0,0.0
2022-09-29,10.2,5.3,15.7,0.0,0.0,0.0050799972
2022-09-30,6.1,4.5,8.0,0.0,0.0,0.007619996
2022-10-01,6.2,5.0,7.4,0.0,0.0,0.0050799972
2022-10-02,7.1,4.7,9.4,0.0,0.0,0.0
2022-10-03,10.4,6.4,14.8,0.0,0.0,0.0
2022-10-04,12.3,7.6,16.6,0.0,0.0,0.0
2022-10-05,12.6,8.8,15.8,0.0,0.0,0.0
2022-10-06,8.7,4.3,13.2,0.0,0.0,0.0
2022-10-07,9.6,6.3,14.3,0.0,0.0,0.0
2022-10-08,10.9,6.8,15.1,0.0,0.0,0.0
2022-10-09,10.8,7.4,14.8,0.0,0.0,0.0025399986
2022-10-10,9.2,6.4,12.1,0.0,0.0,0.0
2022-10-11,6.7,0.8,10.3,0.0,0.0,0.0
2022-10-12,8.7,3.8,12.5,0.0,0.0,0.0
2022-10-13,10.5,6.5,14.4,0.0,0.0,0.0
2022-10-14,10.2,5.5,14.2,0.0,0.0,0.0
2022-10-15,6.9,2.9,11.6,0.0,0.0,0.0
2022-10-16,10.6,5.2,16.1,0.0,0.0,0.0
2022-10-17,13.5,9.0,18.8,0.0,0.0,0.0
2022-10-18,14.5,11.6,18.9,0.0,0.0,0.0
2022-10-19,13.4,10.1,17.6,0.0,0.0,0.0
2022-10-20,9.4,5.5,12.7,0.0,0.0,0.0050799972
2022-10-21,3.0,0.2,6.6,0.0,0.0,0.0101599945
2022-10-22,-0.8,-2.8,1.3,0.050799973,0.0101599945,0.022859987
2022-10-23,-2.5,-4.3,0.8,0.12699993,0.020319989,0.0025399986
2022-10-24,-2.4,-3.9,-0.5,0.15239991,0.022859987,0.015239992
2022-10-25,-2.2,-3.3,0.2,0.2031999,0.033019982,0.0050799972
2022-10-26,-2.4,-4.2,1.2,0.2031999,0.033019982,0.0050799972
2022-10-27,-1.8,-4.1,0.7,0.17779991,0.033019982,0.0
2022-10-28,1.7,-0.4,3.8,0.15239991,0.027939985,0.0
2022-10-29,1.9,0.4,4.1,0.10159995,0.027939985,0.0025399986
2022-10-30,1.8,0.9,2.8,0.076199956,0.027939985,0.0
2022-10-31,4.1,2.2,5.9,0.076199956,0.025399987,0.0050799972
2022-11-01,6.4,0.4,10.2,0.025399987,0.015239992,0.0
2022-11-02,-3.5,-7.0,0.4,0.025399987,0.0101599945,0.0101599945
2022-11-03,-6.6,-8.7,-4.3,0.076199956,0.020319989,0.0
2022-11-04,-2.3,-6.9,1.2,0.10159995,0.020319989,0.017779991
2022-11-05,-3.8,-7.5,1.4,0.15239991,0.038099978,0.035559982
2022-11-06,-9.1,-12.0,-6.0,0.3809998,0.073659964,0.0
2022-11-07,-11.3,-15.4,-5.6,0.3301998,0.071119964,0.0050799972
2022-11-08,-9.4,-15.0,-4.4,0.3301998,0.076199956,0.0050799972
2022-11-09,-12.6,-16.9,-7.8,0.4063998,0.081279956,0.015239992
2022-11-10,-9.6,-16.0,-4.5,0.58419967,0.09651995,0.0
2022-11-11,-5.9,-12.1,-0.4,0.5333997,0.09651995,0.0050799972
2022-11-12,-1.9,-7.4,5.8,0.48259974,0.09651995,0.0025399986
2022-11-13,-6.0,-10.0,0.5,0.45719975,0.09651995,0.0
2022-11-14,-5.3,-10.0,1.4,0.45719975,0.09397995,0.0025399986
2022-11-15,-5.7,-12.5,2.2,0.4063998,0.09651995,0.0
2022-11-16,-5.1,-11.5,-0.2,0.4063998,0.09397995,0.0
2022-11-17,-13.4,-17.3,-6.6,0.45719975,0.09397995,0.0
2022-11-18,-9.0,-15.6,-3.1,0.43179977,0.09143995,0.0025399986
2022-11-19,-3.7,-10.6,-1.1,0.43179977,0.09397995,0.0
2022-11-20,-0.3,-2.1,2.6,0.35559982,0.09397995,0.0
2022-11-21,-1.1,-3.1,1.8,0.35559982,0.09143995,0.0025399986
2022-11-22,1.0,-2.0,3.2,0.35559982,0.09397995,0.0025399986
2022-11-23,-3.6,-5.6,-1.6,0.3809998,0.09651995,0.0
2022-11-24,2.7,-4.8,7.9,0.3809998,0.09651995,0.0050799972
2022-11-25,4.8,-1.2,8.6,0.3809998,0.10159995,0.0
2022-11-26,-3.4,-6.4,-0.8,0.4063998,0.10159995,0.0025399986
2022-11-27,-6.5,-10.6,-3.2,0.3809998,0.09905995,0.007619996
2022-11-28,-14.5,-19.4,-10.3,0.45719975,0.10667994,0.0
2022-11-29,-16.0,-22.1,-10.5,0.45719975,0.10413995,0.0050799972
2022-11-30,-6.1,-11.3,-2.6,0.45719975,0.10921994,0.020319989
2022-12-01,-5.0,-10.0,-2.2,0.5333997,0.12191994,0.0025399986
2022-12-02,-10.4,-11.1,-9.6,0.5587997,0.12445993,0.0
2022-12-03,-5.8,-10.5,-2.1,0.5587997,0.12445993,0.0025399986
2022-12-04,-3.0,-6.3,2.2,0.5333997,0.12699993,0.0025399986
2022-12-05,-5.3,-6.5,-4.2,0.5333997,0.12953994,0.0101599945
2022-12-06,-5.5,-6.0,-5.0,0.60959965,0.13969992,0.035559982
2022-12-07,-5.1,-5.9,-4.1,0.86359954,0.1752599,0.007619996
2022-12-08,-4.3,-5.7,-3.3,0.7873996,0.1752599,0.007619996
2022-12-09,-6.4,-7.9,-4.6,0.7619996,0.1752599,0.0
2022-12-10,-2.9,-8.3,0.5,0.7619996,0.1752599,0.0025399986
2022-12-11,-2.0,-6.7,0.7,0.7365996,0.17779991,0.0025399986
2022-12-12,-7.7,-10.0,-3.8,0.7365996,0.1803399,0.0025399986
2022-12-13,-6.0,-8.5,-1.8,0.7365996,0.1828799,0.0
2022-12-14,-6.6,-9.3,-2.1,0.7365996,0.1828799,0.007619996
2022-12-15,-8.0,-9.8,-6.2,0.7873996,0.1879599,0.0
2022-12-16,-9.1,-11.8,-6.6,0.7873996,0.1879599,0.0025399986
2022-12-17,-6.0,-9.0,-4.1,0.7619996,0.1904999,0.0025399986
2022-12-18,-9.3,-16.0,-6.9,0.7619996,0.1904999,0.0025399986
2022-12-19,-9.7,-11.1,-8.4,0.7873996,0.1930399,0.017779991
2022-12-20,-8.1,-26.7,-4.2,0.9651995,0.21081989,0.022859987
2022-12-21,-31.1,-34.2,-23.9,1.1937994,0.23367988,0.0
2022-12-22,-27.0,-35.1,-16.7,1.0921994,0.23367988,0.0
2022-12-23,-6.7,-22.0,-1.8,1.0413995,0.23367988,0.017779991
2022-12-24,-0.1,-2.8,1.8,1.0159994,0.25145987,0.007619996
2022-12-25,0.5,-0.5,1.8,0.99059945,0.25907987,0.030479984
2022-12-26,3.5,1.4,5.7,1.1429994,0.28955984,0.0050799972
2022-12-27,1.5,-2.7,5.5,1.0667994,0.28955984,0.020319989
2022-12-28,-4.5,-6.5,-2.7,1.0921994,0.30987984,0.0050799972
2022-12-29,-6.1,-7.0,-4.7,1.0921994,0.31495982,0.0
2022-12-30,-3.7,-6.2,-2.3,1.0667994,0.31495982,0.015239992
2022-12-31,-3.6,-4.6,-1.6,1.1429994,0.3301998,0.0
2023-01-01,-5.4,-9.4,-2.0,1.1429994,0.3301998,0.0
2023-01-02,-4.9,-11.4,5.2,1.1175994,0.3301998,0.0
2023-01-03,-6.4,-8.3,-2.8,1.1175994,0.3301998,0.0
2023-01-04,-5.9,-7.3,-4.1,1.0921994,0.3301998,0.0
2023-01-05,-1.8,-6.4,1.1,1.0667994,0.3301998,0.007619996
2023-01-06,-0.6,-1.8,2.5,1.0667994,0.33527982,0.0
2023-01-07,-1.0,-3.9,3.1,1.0667994,0.33527982,0.0
2023-01-08,-1.5,-4.6,1.9,1.0667994,0.33527982,0.0050799972
2023-01-09,-2.2,-3.8,-0.3,1.0667994,0.3403598,0.012699993
2023-01-10,-2.1,-4.1,1.9,1.1429994,0.3530598,0.0
2023-01-11,-2.4,-5.0,0.9,1.1429994,0.3505198,0.0025399986
2023-01-12,-0.5,-3.8,3.0,1.1175994,0.3530598,0.007619996
2023-01-13,4.0,2.2,5.7,1.1175994,0.3581398,0.0
2023-01-14,0.5,-0.5,2.7,1.0921994,0.3581398,0.0025399986
2023-01-15,-0.5,-2.2,2.2,1.1175994,0.3606798,0.0
2023-01-16,-2.4,-4.6,4.8,1.1175994,0.3606798,0.0
2023-01-17,-4.5,-6.4,-2.1,1.0921994,0.3606798,0.0025399986
2023-01-18,-5.6,-7.0,-3.4,1.1175994,0.3632198,0.0025399986
2023-01-19,-4.6,-6.8,-3.1,1.0921994,0.3657598,0.0
2023-01-20,-7.1,-8.4,-4.9,1.0921994,0.3657598,0.0
2023-01-21,-4.2,-9.4,2.3,1.0921994,0.3657598,0.0
2023-01-22,-6.1,-7.2,-4.3,1.0667994,0.3657598,0.0
2023-01-23,-8.0,-9.4,-7.0,1.0667994,0.3657598,0.0
2023-01-24,-6.5,-8.2,-4.1,1.0667994,0.3657598,0.0
2023-01-25,-5.2,-7.2,-0.5,1.0667994,0.3657598,0.0050799972
2023-01-26,-2.0,-4.4,0.0,1.0921994,0.3708398,0.0050799972
2023-01-27,-4.3,-12.1,-1.4,1.0667994,0.3759198,0.0
2023-01-28,-21.0,-26.8,-12.1,1.0667994,0.3733798,0.0
2023-01-29,-22.8,-27.0,-15.3,1.0413995,0.3733798,0.0
2023-01-30,-17.8,-23.1,-12.4,1.0413995,0.3733798,0.0
2023-01-31,-10.4,-15.2,-7.4,1.0413995,0.3733798,0.0101599945
2023-02-01,-5.0,-7.8,-2.9,1.1429994,0.3809998,0.0025399986
2023-02-02,-1.0,-4.0,1.4,1.1175994,0.3809998,0.0
2023-02-03,0.3,-3.0,3.7,1.0921994,0.3809998,0.0
2023-02-04,-2.0,-3.0,0.6,1.1175994,0.3809998,0.012699993
2023-02-05,-1.1,-3.4,1.2,1.1429994,0.3911598,0.0025399986
2023-02-06,-3.1,-4.2,-1.0,1.1683993,0.3936998,0.017779991
2023-02-07,-2.5,-4.3,-0.2,1.1937994,0.41147977,0.027939985
2023-02-08,-5.6,-8.5,-0.7,1.2445993,0.43941978,0.015239992
2023-02-09,-4.2,-9.2,0.8,1.3715993,0.45465976,0.007619996
2023-02-10,-0.3,-2.2,1.5,1.3207992,0.46227974,0.0
2023-02-11,-2.3,-4.0,0.2,1.3207992,0.45719975,0.0
2023-02-12,-1.0,-4.0,1.2,1.2953993,0.45211977,0.0
2023-02-13,-2.2,-7.2,1.0,1.2445993,0.44957975,0.0
2023-02-14,-9.6,-13.8,-6.1,1.2445993,0.44449976,0.0
2023-02-15,-8.6,-13.0,-6.2,1.2445993,0.43941978,0.0
2023-02-16,-5.4,-8.9,-2.1,1.2191993,0.43941978,0.0
2023-02-17,-5.0,-6.5,-2.7,1.2191993,0.43941978,0.0050799972
2023-02-18,-5.4,-7.6,-2.3,1.2191993,0.44449976,0.015239992
2023-02-19,-4.7,-7.4,-2.6,1.3715993,0.45973974,0.025399987
2023-02-20,-1.9,-3.0,-0.6,1.4477992,0.48513973,0.05841997
2023-02-21,-14.1,-24.9,-0.7,1.701799,0.54355973,0.022859987
2023-02-22,-27.6,-32.0,-23.9,1.879599,0.5664197,0.0
2023-02-23,-29.0,-32.0,-24.7,1.777999,0.5664197,0.0
2023-02-24,-13.1,-28.9,-8.6,1.752599,0.5664197,0.022859987
2023-02-25,-4.9,-9.3,-0.8,1.752599,0.5816597,0.0050799972
2023-02-26,-3.1,-8.5,0.7,1.701799,0.5816597,0.0
2023-02-27,-7.2,-9.9,-4.3,1.7271991,0.5816597,0.007619996
2023-02-28,-7.1,-10.3,-3.7,1.7271991,0.5892797,0.0
2023-03-01,-7.0,-9.9,-0.6,1.701799,0.5892797,0.0050799972
2023-03-02,-7.0,-9.6,-4.1,1.6763991,0.5943597,0.007619996
2023-03-03,-8.8,-9.4,-7.0,1.7271991,0.6019797,0.0101599945
2023-03-04,-7.5,-11.1,2.7,1.777999,0.61213964,0.0
2023-03-05,-10.9,-13.3,-9.0,1.7271991,0.61213964,0.0025399986
2023-03-06,-8.5,-13.7,1.4,1.752599,0.6146797,0.0
2023-03-07,-7.3,-9.4,-1.9,1.777999,0.6146797,0.0
2023-03-08,-10.2,-17.8,-1.3,1.752599,0.6146797,0.0
2023-03-09,-9.6,-17.5,-1.0,1.7271991,0.6146797,0.0101599945
2023-03-10,-6.5,-9.7,-0.3,1.701799,0.62483966,0.022859987
2023-03-11,-6.1,-10.3,-1.8,1.930399,0.64261967,0.0050799972
2023-03-12,-2.6,-8.1,5.2,1.904999,0.64769965,0.0025399986
2023-03-13,1.1,-2.3,3.8,1.879599,0.65023965,0.0050799972
2023-03-14,-2.4,-6.0,2.0,1.828799,0.65277964,0.012699993
2023-03-15,-4.8,-7.5,-1.5,1.828799,0.66547966,0.0025399986
2023-03-16,-4.9,-9.0,3.3,1.904999,0.66801965,0.0025399986
2023-03-17,-1.8,-7.6,6.7,1.879599,0.67055964,0.0050799972
2023-03-18,-0.6,-4.0,2.5,1.879599,0.6756396,0.0025399986
2023-03-19,-0.3,-3.9,5.3,1.854199,0.6781796,0.0
2023-03-20,-3.7,-7.3,1.5,1.828799,0.6756396,0.0
2023-03-21,-3.7,-7.9,5.3,1.803399,0.6756396,0.0
2023-03-22,-1.0,-6.9,6.6,1.803399,0.67055964,0.0
2023-03-23,-1.5,-4.2,1.6,1.777999,0.67055964,0.0025399986
2023-03-24,-4.4,-7.1,0.0,1.777999,0.67309964,0.0
2023-03-25,-5.8,-7.5,-1.8,1.803399,0.67309964,0.017779991
2023-03-26,-6.4,-10.1,-2.6,1.803399,0.69087964,0.0
2023-03-27,-5.2,-11.4,3.3,1.930399,0.69087964,0.0025399986
2023-03-28,-4.9,-9.0,5.0,1.854199,0.69341964,0.0025399986
2023-03-29,-3.4,-7.8,6.0,1.828799,0.6959596,0.007619996
2023-03-30,-3.8,-7.0,2.9,1.828799,0.7035796,0.0025399986
2023-03-31,-3.2,-4.7,-1.0,1.854199,0.7035796,0.007619996
2023-04-01,-3.9,-7.3,0.2,1.879599,0.71119964,0.015239992
2023-04-02,-6.3,-8.2,0.6,2.006599,0.7264396,0.0050799972
2023-04-03,-6.0,-10.0,-2.0,2.006599,0.7315196,0.0
2023-04-04,-7.5,-11.0,0.0,1.955799,0.7315196,0.0
2023-04-05,-6.1,-11.3,-2.1,1.930399,0.7289796,0.0025399986
2023-04-06,-1.7,-6.3,2.1,1.955799,0.7315196,0.0025399986
2023-04-07,3.1,-0.7,7.5,1.904999,0.7315196,0.0050799972
2023-04-08,1.1,-0.4,3.5,1.904999,0.7365996,0.0025399986
2023-04-09,4.5,0.8,7.8,1.904999,0.7391396,0.0
2023-04-10,9.6,5.4,14.2,1.828799,0.7391396,0.0025399986
2023-04-11,2.4,-4.3,9.7,1.7271991,0.7238996,0.0
2023-04-12,-1.5,-5.3,5.1,1.701799,0.7238996,0.0025399986
2023-04-13,-3.4,-6.4,0.8,1.701799,0.7188196,0.0025399986
2023-04-14,-2.3,-7.3,4.9,1.828799,0.7061196,0.0025399986
2023-04-15,0.3,-4.4,4.3,1.7271991,0.7035796,0.0050799972
2023-04-16,5.1,0.5,10.6,1.701799,0.7035796,0.0
2023-04-17,0.3,-2.7,5.3,1.6763991,0.7035796,0.0
2023-04-18,-1.7,-5.4,6.1,1.6763991,0.7035796,0.0
2023-04-19,-3.4,-5.5,0.7,1.701799,0.7035796,0.0050799972
2023-04-20,-3.5,-7.8,3.6,1.701799,0.7086596,0.0025399986
2023-04-21,-4.0,-7.6,4.8,1.777999,0.71119964,0.007619996
2023-04-22,-1.8,-7.8,4.0,1.803399,0.7162796,0.0
2023-04-23,2.6,-3.4,9.1,1.777999,0.7162796,0.007619996
2023-04-24,3.2,0.1,9.7,1.701799,0.7238996,0.0050799972
2023-04-25,2.4,-0.3,5.6,1.701799,0.7289796,0.0
2023-04-26,4.6,0.6,7.5,1.6763991,0.7238996,0.0
2023-04-27,3.9,-1.5,8.7,1.6255991,0.7238996,0.0
2023-04-28,9.2,2.3,16.6,1.6001991,0.7061196,0.0
2023-04-29,12.6,8.5,18.6,1.5239992,0.68579966,0.0
2023-04-30,14.4,9.8,24.5,1.4731992,0.66801965,0.0
2023-05-01,13.7,10.3,20.6,1.4223993,0.64769965,0.0025399986
2023-05-02,13.4,10.0,17.7,1.3715993,0.6172197,0.0
2023-05-03,14.0,10.4,20.5,1.2699993,0.5791197,0.0025399986
2023-05-04,12.6,6.9,20.1,1.2191993,0.5410197,0.0025399986
2023-05-05,7.2,4.3,13.0,1.1175994,0.5156197,0.0025399986
2023-05-06,2.1,0.9,4.3,1.0667994,0.47497976,0.017779991
2023-05-07,3.8,1.0,8.7,1.1429994,0.46227974,0.0
2023-05-08,3.9,0.7,7.9,1.0667994,0.45211977,0.0
2023-05-09,3.7,0.8,10.0,1.0159994,0.43433976,0.007619996
2023-05-10,6.2,0.7,13.7,1.0159994,0.43687975,0.0
2023-05-11,6.8,3.4,15.7,0.99059945,0.42671975,0.0025399986
2023-05-12,7.8,4.6,13.5,0.9651995,0.41401976,0.0
2023-05-13,5.9,5.0,8.0,0.9143995,0.3936998,0.0
2023-05-14,6.8,4.1,9.8,0.8127996,0.3632198,0.0
2023-05-15,11.7,5.6,18.4,0.7619996,0.32511982,0.0
2023-05-16,11.3,6.2,16.6,0.6603996,0.28447986,0.0
2023-05-17,8.7,5.0,13.4,0.5079997,0.22351988,0.0
2023-05-18,10.3,6.1,15.9,0.45719975,0.1955799,0.0
2023-05-19,14.2,8.4,18.3,0.4063998,0.16001992,0.0
2023-05-20,16.3,12.7,21.4,0.27939984,0.11937994,0.0
2023-05-21,15.5,8.8,20.8,0.15239991,0.06095997,0.0
2023-05-22,8.8,4.8,14.7,0.050799973,0.020319989,0.012699993
2023-05-23,9.9,3.8,15.7,0.025399987,0.007619996,0.0
2023-05-24,8.7,6.4,14.4,0.0,0.0,0.0101599945
2023-05-25,6.2,5.1,7.5,0.0,0.0,0.007619996
2023-05-26,6.7,5.5,9.0,0.0,0.0,0.0025399986
2023-05-27,7.7,6.3,10.3,0.0,0.0,0.0050799972
2023-05-28,8.6,6.2,13.0,0.0,0.0,0.0
2023-05-29,11.0,7.2,14.7,0.0,0.0,0.0
2023-05-30,13.0,8.6,17.6,0.0,0.0,0.0
2023-05-31,12.2,9.0,16.3,0.0,0.0,0.0
2023-06-01,9.1,7.2,11.9,0.0,0.0,0.0050799972
2023-06-02,7.9,6.5,10.1,0.0,0.0,0.0025399986
2023-06-03,8.3,6.8,10.4,0.0,0.0,0.0
2023-06-04,12.4,6.9,17.6,0.0,0.0,0.0
2023-06-05,12.8,9.4,17.0,0.0,0.0,0.012699993
2023-06-06,12.3,8.5,16.5,0.0,0.0,0.0
2023-06-07,14.8,10.3,21.2,0.0,0.0,0.0
2023-06-08,12.2,10.0,16.1,0.0,0.0,0.025399987
2023-06-09,11.3,9.6,15.8,0.0,0.0,0.0050799972
2023-06-10,11.8,9.6,17.0,0.0,0.0,0.0
2023-06-11,12.1,9.6,15.8,0.0,0.0,0.0
2023-06-12,12.2,9.6,16.5,0.0,0.0,0.0025399986
2023-06-13,13.9,8.6,19.3,0.0,0.0,0.0
2023-06-14,7.1,4.6,9.6,0.0,0.0,0.007619996
2023-06-15,5.5,4.1,8.2,0.0,0.0,0.0025399986
2023-06-16,9.7,4.3,13.6,0.0,0.0,0.0
2023-06-17,8.3,6.5,10.4,0.0,0.0,0.007619996
2023-06-18,5.0,1.8,7.6,0.0,0.0,0.007619996
2023-06-19,3.4,0.1,7.1,0.0,0.0,0.0
2023-06-20,4.7,0.5,9.8,0.0,0.0,0.0025399986
2023-06-21,5.9,1.9,10.2,0.0,0.0,0.0
2023-06-22,9.9,4.3,15.7,0.0,0.0,0.0
2023-06-23,11.1,7.4,15.7,0.0,0.0,0.0025399986
2023-06-24,11.9,7.4,16.7,0.0,0.0,0.0
2023-06-25,12.0,8.4,19.0,0.0,0.0,0.0050799972
2023-06-26,11.7,8.3,15.9,0.0,0.0,0.0050799972
2023-06-27,12.6,9.4,15.5,0.0,0.0,0.0
2023-06-28,11.4,7.7,16.8,0.0,0.0,0.012699993
2023-06-29,15.0,10.4,19.7,0.0,0.0,0.0
2023-06-30,17.1,13.5,21.1,0.0,0.0,0.0
2023-07-01,16.9,12.5,20.6,0.0,0.0,0.0
2023-07-02,14.3,9.8,18.7,0.0,0.0,0.0
2023-07-03,10.4,4.5,17.1,0.0,0.0,0.0
2023-07-04,7.9,5.3,13.6,0.0,0.0,0.0
2023-07-05,12.7,7.1,18.2,0.0,0.0,0.0
2023-07-06,13.2,9.9,16.7,0.0,0.0,0.0025399986
2023-07-07,13.8,9.8,18.4,0.0,0.0,0.0
2023-07-08,15.6,11.3,20.6,0.0,0.0,0.0
2023-07-09,18.6,14.5,23.2,0.0,0.0,0.0
2023-07-10,16.5,12.0,22.3,0.0,0.0,0.0
2023-07-11,13.0,10.5,16.4,0.0,0.0,0.0
2023-07-12,15.1,10.3,19.9,0.0,0.0,0.0
2023-07-13,14.3,10.8,18.8,0.0,0.0,0.0
2023-07-14,14.5,10.5,18.3,0.0,0.0,0.0
2023-07-15,17.0,13.2,21.2,0.0,0.0,0.0
2023-07-16,19.0,14.3,23.6,0.0,0.0,0.0
2023-07-17,17.1,12.1,19.8,0.0,0.0,0.0
2023-07-18,13.4,8.7,18.6,0.0,0.0,0.0
2023-07-19,15.6,11.1,20.6,0.0,0.0,0.0
2023-07-20,18.4,12.6,24.7,0.0,0.0,0.0
2023-07-21,20.2,14.5,24.5,0.0,0.0,0.0
2023-07-22,21.6,17.9,25.6,0.0,0.0,0.0
2023-07-23,21.3,15.9,27.0,0.0,0.0,0.0
2023-07-24,21.4,16.5,26.0,0.0,0.0,0.0
2023-07-25,15.0,10.8,18.7,0.0,0.0,0.0025399986
2023-07-26,14.3,10.5,18.7,0.0,0.0,0.0
2023-07-27,14.7,10.8,19.6,0.0,0.0,0.0
2023-07-28,13.3,8.7,18.1,0.0,0.0,0.0
2023-07-29,18.1,11.0,24.7,0.0,0.0,0.0
2023-07-30,19.4,13.6,25.3,0.0,0.0,0.0050799972
2023-07-31,20.2,13.8,25.9,0.0,0.0,0.0
2023-08-01,19.2,14.8,24.2,0.0,0.0,0.0
2023-08-02,20.3,15.3,26.0,0.0,0.0,0.0
2023-08-03,18.6,15.1,23.6,0.0,0.0,0.0
2023-08-04,14.7,11.2,16.9,0.0,0.0,0.0025399986
2023-08-05,10.8,9.5,13.8,0.0,0.0,0.012699993
2023-08-06,10.2,8.7,13.3,0.0,0.0,0.020319989
2023-08-07,12.6,8.0,16.9,0.0,0.0,0.0
2023-08-08,14.7,10.5,19.4,0.0,0.0,0.0
2023-08-09,13.3,9.8,18.8,0.0,0.0,0.0050799972
2023-08-10,11.3,8.8,15.0,0.0,0.0,0.0
2023-08-11,13.8,8.9,18.4,0.0,0.0,0.0
2023-08-12,13.4,9.4,18.2,0.0,0.0,0.0
2023-08-13,14.3,8.9,19.8,0.0,0.0,0.0
2023-08-14,19.6,12.9,25.0,0.0,0.0,0.0
2023-08-15,22.0,18.8,25.7,0.0,0.0,0.0
2023-08-16,20.2,14.7,23.4,0.0,0.0,0.0
2023-08-17,21.3,17.5,26.1,0.0,0.0,0.0025399986
2023-08-18,15.5,8.3,19.1,0.0,0.0,0.0025399986
2023-08-19,10.5,5.9,17.2,0.0,0.0,0.0
2023-08-20,11.0,8.5,13.1,0.0,0.0,0.0025399986
2023-08-21,12.6,9.5,16.7,0.0,0.0,0.007619996
2023-08-22,14.2,10.2,19.3,0.0,0.0,0.007619996
2023-08-23,11.7,9.7,14.6,0.0,0.0,0.0
2023-08-24,12.7,8.2,17.6,0.0,0.0,0.0
2023-08-25,12.4,7.5,17.5,0.0,0.0,0.0
2023-08-26,16.0,10.3,20.6,0.0,0.0,0.0
2023-08-27,17.2,13.2,23.1,0.0,0.0,0.0
2023-08-28,17.5,13.4,24.0,0.0,0.0,0.0
2023-08-29,16.1,8.6,25.1,0.0,0.0,0.015239992
2023-08-30,6.5,5.3,8.8,0.0,0.0,0.025399987
2023-08-31,10.1,6.5,14.9,0.0,0.0,0.0
2023-09-01,14.8,9.2,20.4,0.0,0.0,0.0
2023-09-02,16.6,14.2,21.0,0.0,0.0,0.0
2023-09-03,13.4,10.9,16.1,0.0,0.0,0.0
2023-09-04,9.0,7.5,11.8,0.0,0.0,0.020319989
2023-09-05,10.8,5.3,15.3,0.0,0.0,0.0
2023-09-06,11.6,8.3,17.4,0.0,0.0,0.0050799972
2023-09-07,11.6,7.3,15.9,0.0,0.0,0.0
2023-09-08,11.0,7.2,15.2,0.0,0.0,0.0025399986
2023-09-09,10.7,7.5,15.8,0.0,0.0,0.0025399986
2023-09-10,12.0,7.6,17.1,0.0,0.0,0.0
2023-09-11,14.9,10.3,19.2,0.0,0.0,0.0
2023-09-12,15.2,10.7,18.8,0.0,0.0,0.0
2023-09-13,10.6,8.5,14.4,0.0,0.0,0.0
2023-09-14,11.4,7.1,16.6,0.0,0.0,0.0
2023-09-15,13.9,9.5,18.1,0.0,0.0,0.0
2023-09-16,15.7,11.9,19.3,0.0,0.0,0.0
2023-09-17,15.1,12.0,19.2,0.0,0.0,0.0
2023-09-18,11.7,8.2,15.8,0.0,0.0,0.0
2023-09-19,7.0,3.0,11.7,0.0,0.0,0.0
2023-09-20,5.3,1.6,9.8,0.0,0.0,0.0
2023-09-21,2.8,1.2,4.1,0.0,0.0,0.0050799972
2023-09-22,5.5,3.4,7.9,0.0,0.0,0.0050799972
2023-09-23,7.6,3.6,10.7,0.0,0.0,0.0050799972
2023-09-24,10.3,6.5,14.5,0.0,0.0,0.0
2023-09-25,13.3,7.7,19.2,0.0,0.0,0.0
2023-09-26,11.6,5.9,15.2,0.0,0.0,0.0
2023-09-27,5.9,2.4,12.2,0.0,0.0,0.0
2023-09-28,3.9,2.0,7.4,0.0,0.0,0.0025399986
2023-09-29,5.6,1.8,10.4,0.0,0.0,0.0
2023-09-30,2.8,1.1,4.6,0.0,0.0,0.0025399986
2023-10-01,2.7,1.3,5.5,0.0,0.0,0.0025399986
2023-10-02,4.6,3.2,7.8,0.0,0.0,0.0
2023-10-03,4.9,3.9,7.3,0.0,0.0,0.0
2023-10-04,5.8,4.0,9.1,0.0,0.0,0.0025399986
2023-10-05,5.5,1.5,8.4,0.0,0.0,0.0025399986
2023-10-06,8.2,0.2,13.8,0.0,0.0,0.0
2023-10-07,12.6,9.1,17.4,0.0,0.0,0.0
2023-10-08,13.7,10.6,16.8,0.0,0.0,0.0
2023-10-09,14.1,10.3,18.7,0.0,0.0,0.0
2023-10-10,8.9,4.1,13.4,0.0,0.0,0.0025399986
2023-10-11,3.7,2.4,7.5,0.0,0.0,0.0025399986
2023-10-12,2.8,0.0,4.8,0.0,0.0,0.0
2023-10-13,3.5,2.6,4.8,0.0,0.0,0.0
2023-10-14,6.0,3.4,9.2,0.0,0.0,0.0
2023-10-15,8.6,5.3,11.6,0.0,0.0,0.0
2023-10-16,12.2,7.8,14.8,0.0,0.0,0.0
2023-10-17,5.0,3.2,8.0,0.0,0.0,0.0025399986
2023-10-18,8.2,3.5,13.2,0.0,0.0,0.0
2023-10-19,12.4,9.0,15.8,0.0,0.0,0.0
2023-10-20,11.6,5.3,15.9,0.0,0.0,0.0
2023-10-21,11.1,5.3,14.3,0.0,0.0,0.0
2023-10-22,8.4,3.9,13.9,0.0,0.0,0.0025399986
2023-10-23,2.7,0.8,5.9,0.0,0.0,0.0025399986
2023-10-24,-3.7,-11.6,1.0,0.0,0.0,0.0025399986
2023-10-25,-12.6,-13.8,-9.6,0.025399987,0.0025399986,0.017779991
2023-10-26,-12.8,-15.7,-7.4,0.17779991,0.020319989,0.0101599945
2023-10-27,-12.0,-14.7,-4.8,0.27939984,0.030479984,0.0
2023-10-28,-9.2,-14.4,-3.1,0.2031999,0.027939985,0.0
2023-10-29,-6.3,-11.5,-2.2,0.22859988,0.027939985,0.0050799972
2023-10-30,-2.0,-5.8,2.4,0.17779991,0.025399987,0.0025399986
2023-10-31,2.2,-1.3,5.3,0.15239991,0.022859987,0.0025399986
2023-11-01,3.4,2.0,5.6,0.076199956,0.022859987,0.0101599945
2023-11-02,3.0,0.9,4.5,0.050799973,0.022859987,0.025399987
2023-11-03,2.1,1.0,4.0,0.025399987,0.017779991,0.0
2023-11-04,3.8,1.3,5.4,0.050799973,0.012699993,0.0
2023-11-05,2.0,0.6,4.1,0.025399987,0.0050799972,0.0050799972
2023-11-06,2.0,-0.6,5.5,0.0,0.0,0.0025399986
2023-11-07,-0.7,-2.1,0.1,0.0,0.0,0.007619996
2023-11-08,-2.6,-4.1,-0.7,0.050799973,0.007619996,0.0
2023-11-09,-1.5,-4.4,1.4,0.025399987,0.007619996,0.0025399986
2023-11-10,-1.7,-3.2,0.6,0.025399987,0.0101599945,0.0050799972
2023-11-11,0.0,-2.6,3.6,0.050799973,0.012699993,0.0
2023-11-12,2.0,-1.3,4.9,0.050799973,0.012699993,0.0
2023-11-13,4.8,0.0,7.9,0.050799973,0.012699993,0.0
2023-11-14,1.2,-0.7,3.3,0.050799973,0.012699993,0.0050799972
2023-11-15,3.2,-0.6,6.1,0.050799973,0.015239992,0.0050799972
2023-11-16,-1.2,-3.8,1.3,0.10159995,0.020319989,0.0
2023-11-17,3.3,-1.2,7.6,0.050799973,0.015239992,0.0
2023-11-18,3.8,1.3,6.7,0.050799973,0.012699993,0.0
2023-11-19,0.1,-3.4,3.7,0.050799973,0.012699993,0.0
2023-11-20,-1.9,-3.8,3.2,0.050799973,0.012699993,0.0025399986
2023-11-21,4.9,-0.2,9.4,0.050799973,0.015239992,0.0
2023-11-22,0.3,-4.0,3.7,0.025399987,0.015239992,0.0025399986
2023-11-23,-6.8,-10.9,-3.9,0.050799973,0.017779991,0.0
2023-11-24,-7.6,-11.7,-2.9,0.025399987,0.012699993,0.0
2023-11-25,-5.8,-11.1,-0.5,0.025399987,0.012699993,0.0050799972
2023-11-26,-4.2,-6.8,-1.2,0.050799973,0.017779991,0.0025399986
2023-11-27,-0.3,-4.7,2.0,0.076199956,0.020319989,0.0025399986
2023-11-28,3.0,0.7,7.6,0.050799973,0.022859987,0.0
2023-11-29,-1.3,-6.5,3.4,0.050799973,0.022859987,0.0
2023-11-30,-5.5,-8.5,-2.1,0.050799973,0.022859987,0.0025399986
2023-12-01,-6.1,-6.8,-5.4,0.076199956,0.025399987,0.0050799972
2023-12-02,-5.0,-5.9,-3.0,0.12699993,0.030479984,0.0101599945
2023-12-03,-3.6,-6.0,0.1,0.15239991,0.040639978,0.012699993
2023-12-04,0.3,-1.7,2.5,0.17779991,0.050799973,0.007619996
2023-12-05,5.1,2.5,7.0,0.17779991,0.05841997,0.0
2023-12-06,5.8,2.6,7.9,0.10159995,0.043179978,0.0025399986
2023-12-07,-1.6,-4.9,3.4,0.076199956,0.038099978,0.0050799972
2023-12-08,-5.5,-8.1,-3.8,0.10159995,0.043179978,0.0
2023-12-09,-7.1,-8.7,-4.6,0.12699993,0.040639978,0.0050799972
2023-12-10,-1.9,-5.3,-0.2,0.10159995,0.043179978,0.0050799972
2023-12-11,-2.1,-4.4,0.2,0.12699993,0.048259974,0.0
2023-12-12,-3.8,-9.0,1.6,0.15239991,0.045719974,0.0
2023-12-13,2.9,-3.5,8.3,0.12699993,0.040639978,0.0050799972
2023-12-14,2.4,-1.6,5.3,0.15239991,0.045719974,0.0025399986
2023-12-15,1.7,-0.8,4.4,0.15239991,0.048259974,0.0025399986
2023-12-16,2.1,-0.6,4.3,0.15239991,0.050799973,0.0
2023-12-17,1.7,-0.7,4.8,0.15239991,0.045719974,0.0025399986
2023-12-18,5.1,1.1,8.0,0.12699993,0.048259974,0.0
2023-12-19,3.3,1.8,4.5,0.15239991,0.048259974,0.0
2023-12-20,3.1,2.3,4.0,0.12699993,0.048259974,0.0
2023-12-21,2.8,2.1,3.9,0.12699993,0.048259974,0.0050799972
2023-12-22,2.6,-1.3,4.5,0.12699993,0.048259974,0.0
2023-12-23,-5.9,-8.3,-1.1,0.10159995,0.048259974,0.007619996
2023-12-24,-6.6,-11.0,-0.1,0.25399986,0.05587997,0.0
2023-12-25,-3.2,-9.2,1.7,0.22859988,0.050799973,0.0050799972
2023-12-26,-0.8,-4.6,2.1,0.2031999,0.05587997,0.0
2023-12-27,0.9,-5.7,8.5,0.2031999,0.05587997,0.0025399986
2023-12-28,2.4,1.2,4.7,0.2031999,0.05841997,0.0025399986
2023-12-29,3.1,0.0,7.3,0.2031999,0.06095997,0.0
2023-12-30,4.7,2.2,9.3,0.2031999,0.05587997,0.0025399986
2023-12-31,1.0,-2.3,4.4,0.17779991,0.05841997,0.0
2024-01-01,-2.7,-5.8,1.8,0.17779991,0.05587997,0.0
2024-01-02,-1.4,-4.8,1.4,0.17779991,0.05587997,0.0
2024-01-03,-1.0,-3.8,2.5,0.17779991,0.05587997,0.0025399986
2024-01-04,-3.4,-4.2,-2.2,0.2031999,0.05841997,0.0
2024-01-05,-5.0,-6.8,-2.3,0.2031999,0.05587997,0.0
2024-01-06,-5.9,-7.0,-4.4,0.2031999,0.05587997,0.0050799972
2024-01-07,-9.5,-13.1,-6.3,0.25399986,0.06095997,0.0
2024-01-08,-9.3,-10.8,-7.6,0.30479982,0.06095997,0.0025399986
2024-01-09,-5.5,-8.1,-3.0,0.3301998,0.063499965,0.043179978
2024-01-10,-10.4,-18.7,-4.8,0.71119964,0.10667994,0.0050799972
2024-01-11,-24.3,-35.5,-9.5,0.63499963,0.11175994,0.0101599945
2024-01-12,-36.9,-39.6,-33.0,0.7365996,0.11683994,0.0
2024-01-13,-24.1,-37.4,-18.8,0.68579966,0.11683994,0.0050799972
2024-01-14,-20.6,-29.3,-12.9,0.63499963,0.12191994,0.0
2024-01-15,-20.3,-28.4,-13.7,0.60959965,0.12191994,0.0050799972
2024-01-16,-8.6,-17.3,-3.7,0.58419967,0.12699993,0.0025399986
2024-01-17,-7.7,-20.1,-2.4,0.58419967,0.12953994,0.022859987
2024-01-18,-19.0,-23.2,-13.4,0.7365996,0.15239991,0.0
2024-01-19,-2.1,-13.7,3.0,0.68579966,0.15239991,0.012699993
2024-01-20,2.8,0.6,4.7,0.71119964,0.16255991,0.0025399986
2024-01-21,1.2,0.5,2.4,0.6603996,0.1650999,0.0025399986
2024-01-22,1.0,-0.1,2.4,0.6603996,0.16763991,0.0
2024-01-23,0.2,-0.9,1.1,0.6603996,0.16763991,0.0
2024-01-24,-0.7,-1.6,1.7,0.6603996,0.16763991,0.0
2024-01-25,-1.4,-3.2,1.1,0.6603996,0.16763991,0.0025399986
2024-01-26,-2.1,-3.1,0.6,0.63499963,0.16763991,0.0
2024-01-27,1.2,-1.4,3.2,0.63499963,0.16763991,0.0101599945
2024-01-28,3.5,2.6,5.3,0.60959965,0.1701799,0.0025399986
2024-01-29,6.1,3.0,9.6,0.5333997,0.17271991,0.0
2024-01-30,7.4,4.4,9.5,0.5333997,0.16763991,0.0
2024-01-31,6.8,3.5,10.6,0.5079997,0.1650999,0.0
2024-02-01,4.6,2.4,8.1,0.5079997,0.1650999,0.0
2024-02-02,3.1,-0.7,7.3,0.5079997,0.1650999,0.0025399986
2024-02-03,-1.0,-4.2,2.4,0.5079997,0.16763991,0.007619996
2024-02-04,-5.3,-7.8,-1.8,0.60959965,0.1752599,0.007619996
2024-02-05,-1.3,-5.5,1.4,0.6603996,0.1828799,0.0
2024-02-06,0.3,-2.9,6.7,0.6603996,0.1828799,0.0
2024-02-07,-2.9,-5.7,-1.2,0.63499963,0.1828799,0.0
2024-02-08,-4.2,-6.7,1.1,0.6603996,0.1828799,0.0025399986
2024-02-09,-6.8,-10.6,-4.1,0.6603996,0.1803399,0.0
2024-02-10,-6.7,-9.1,-3.8,0.68579966,0.17779991,
2024-02-11,,,,0.6603996,0.1828799,
2024-02-12,-2.7,-3.9,-0.9,0.6603996,0.1803399,0.015239992
2024-02-13,-6.8,-12.9,-2.3,0.7619996,0.1955799,0.012699993
2024-02-14,,,,0.9143995,0.2082799,
2024-02-15,-14.4,-16.9,-10.1,0.86359954,0.21081989,0.0050799972
2024-02-16,,,,0.9143995,0.21589988,
